iteration,maxIt,threshold,trainPct,minInliers,bestModelCount,numPoints,n,d,noise,outlierRatio,outlierStrength,saltAndPepper,metric,variation,weighted_average,r2_regression,r2_orthogonal,mse_regression,mse_orthogonal,timeMs
1,100,0.1,0.2,100,1,500,2,1,0,0,2.5,1,1,1,0,1,1,1.06016e-30,-1.92735e-16,42.4627
1,100,0.1,0.2,100,1,500,2,1,0,0,2.5,1,1,2,0,1,1,1.06016e-30,-1.92735e-16,43.5721
1,100,0.1,0.2,100,1,500,2,1,0,0,2.5,1,1,3,0,1,1,2.04862e-20,-2.01617e-16,7.46323
2,100,0.1,0.2,100,1,500,2,1,0,0,2.5,1,3,1,0,1,1,1.18469e-31,-1.21625e-16,41.3224
2,100,0.1,0.2,100,1,500,2,1,0,0,2.5,1,3,2,0,1,1,1.18469e-31,-1.21625e-16,44.7252
2,100,0.1,0.2,100,1,500,2,1,0,0,2.5,1,3,3,0,1,1,2.47372e-17,-1.91014e-16,6.91516
3,100,0.1,0.2,100,1,500,2,1,0,0,2.5,1,0,1,0,1,1,2.25056e-31,7.16094e-18,233.274
3,100,0.1,0.2,100,1,500,2,1,0,0,2.5,1,0,2,0,1,1,2.25056e-31,7.16094e-18,230.137
3,100,0.1,0.2,100,1,500,2,1,0,0,2.5,1,0,3,0,1,1,1.80948e-23,-2.25153e-16,9.63046
4,100,0.1,0.2,100,1,500,2,1,0,0,2.5,1,2,1,0,1,1,9.39546e-32,1.48659e-16,225.763
4,100,0.1,0.2,100,1,500,2,1,0,0,2.5,1,2,2,0,1,1,3.6984e-32,1.49658e-16,212.67
4,100,0.1,0.2,100,1,500,2,1,0,0,2.5,1,2,3,0,1,1,6.06518e-18,3.08531e-16,6.45251
5,100,0.1,0.2,100,1,500,2,1,0,0,2.5,0,1,1,0,1,1,6.09927e-32,-3.51288e-16,44.1697
5,100,0.1,0.2,100,1,500,2,1,0,0,2.5,0,1,2,0,1,1,6.09927e-32,-3.51288e-16,43.7578
5,100,0.1,0.2,100,1,500,2,1,0,0,2.5,0,1,3,0,1,1,1.42788e-17,3.70624e-17,5.65587
6,100,0.1,0.2,100,1,500,2,1,0,0,2.5,0,3,1,0,1,1,5.81345e-32,-1.02847e-16,41.1342
6,100,0.1,0.2,100,1,500,2,1,0,0,2.5,0,3,2,0,1,1,5.81345e-32,-1.02847e-16,44.7557
6,100,0.1,0.2,100,1,500,2,1,0,0,2.5,0,3,3,0,1,1,6.18854e-18,1.13552e-16,6.28931
7,100,0.1,0.2,100,1,500,2,1,0,0,2.5,0,0,1,0,1,1,1.69818e-29,-2.72005e-18,226.691
7,100,0.1,0.2,100,1,500,2,1,0,0,2.5,0,0,2,0,1,1,5.14938e-28,-5.15199e-16,219.37
7,100,0.1,0.2,100,1,500,2,1,0,0,2.5,0,0,3,0,1,1,3.30607e-24,1.17517e-16,9.39994
8,100,0.1,0.2,100,1,500,2,1,0,0,2.5,0,2,1,0,1,1,1.55079e-31,-4.25437e-16,239.826
8,100,0.1,0.2,100,1,500,2,1,0,0,2.5,0,2,2,0,1,1,1.55079e-31,-4.25437e-16,238.364
8,100,0.1,0.2,100,1,500,2,1,0,0,2.5,0,2,3,0,1,1,1.79666e-25,-1.31006e-17,7.84987
9,100,0.1,0.2,100,1,500,2,1,0,0.1,2.5,1,1,1,0,-27.2387,0.657291,28.1714,0.5125,43.225
9,100,0.1,0.2,100,1,500,2,1,0,0.1,2.5,1,1,2,0,-27.2387,0.657291,28.1714,0.5125,41.5794
9,100,0.1,0.2,100,1,500,2,1,0,0.1,2.5,1,1,3,0,0.00943404,0.348965,0.988206,0.973582,9.66355
10,100,0.1,0.2,100,1,500,2,1,0,0.1,2.5,1,3,1,0,-0.625887,0.641672,1.28343,0.4875,40.1992
10,100,0.1,0.2,100,1,500,2,1,0,0.1,2.5,1,3,2,0,-0.625887,0.641672,1.28343,0.4875,39.8238
10,100,0.1,0.2,100,1,500,2,1,0,0.1,2.5,1,3,3,0,-0.11922,0.617515,0.883478,0.520366,11.3391
11,100,0.1,0.2,100,1,500,2,1,0,0.1,2.5,1,0,1,0,-0.0201789,0.681233,0.68865,0.475,195.672
11,100,0.1,0.2,100,1,500,2,1,0,0.1,2.5,1,0,2,0,-0.0201789,0.681233,0.68865,0.475,219.121
11,100,0.1,0.2,100,1,500,2,1,0,0.1,2.5,1,0,3,0,0.076427,0.672951,0.623439,0.487341,8.21264
12,100,0.1,0.2,100,1,500,2,1,0,0.1,2.5,1,2,1,0,-0.221829,0.59927,0.964874,0.6375,190.48
12,100,0.1,0.2,100,1,500,2,1,0,0.1,2.5,1,2,2,0,-0.221829,0.59927,0.964874,0.6375,208.166
12,100,0.1,0.2,100,1,500,2,1,0,0.1,2.5,1,2,3,0,-0.0305609,0.58636,0.813831,0.658039,9.84932
13,100,0.1,0.2,100,1,500,2,1,0,0.1,2.5,0,1,1,0,0.447614,0.851189,0.291693,0.172862,51.5216
13,100,0.1,0.2,100,1,500,2,1,0,0.1,2.5,0,1,2,0,0.447614,0.851189,0.291693,0.172862,54.7
13,100,0.1,0.2,100,1,500,2,1,0,0.1,2.5,0,1,3,0,0.49929,0.850539,0.264405,0.173617,8.06824
14,100,0.1,0.2,100,1,500,2,1,0,0.1,2.5,0,3,1,0,0.389243,0.835109,0.327009,0.216596,42.5492
14,100,0.1,0.2,100,1,500,2,1,0,0.1,2.5,0,3,2,0,0.389243,0.835109,0.327009,0.216596,44.6191
14,100,0.1,0.2,100,1,500,2,1,0,0.1,2.5,0,3,3,0,0.425554,0.830211,0.307568,0.22303,11.0936
15,100,0.1,0.2,100,1,500,2,1,0,0.1,2.5,0,0,1,0,-0.0132646,0.823799,0.2133,0.213105,224.074
15,100,0.1,0.2,100,1,500,2,1,0,0.1,2.5,0,0,2,0,-0.0132646,0.823799,0.2133,0.213105,238.727
15,100,0.1,0.2,100,1,500,2,1,0,0.1,2.5,0,0,3,0,0.00806729,0.827596,0.20881,0.208513,8.14348
16,100,0.1,0.2,100,1,500,2,1,0,0.1,2.5,0,2,1,0,0.114045,0.821391,0.223802,0.214528,216.63
16,100,0.1,0.2,100,1,500,2,1,0,0.1,2.5,0,2,2,0,0.114045,0.821391,0.223802,0.214528,207.49
16,100,0.1,0.2,100,1,500,2,1,0,0.1,2.5,0,2,3,0,0.145338,0.827239,0.215897,0.207503,6.06448
17,100,0.1,0.2,100,1,500,2,1,0,0.3,2.5,1,1,1,0,-0.81731,0.358419,2.96104,1.925,31.5563
17,100,0.1,0.2,100,1,500,2,1,0,0.3,2.5,1,1,2,0,-0.81731,0.358419,2.96104,1.925,34.4148
17,100,0.1,0.2,100,1,500,2,1,0,0.3,2.5,1,1,3,0,0.0726248,0.534267,1.51102,1.39738,16.9977
18,100,0.1,0.2,100,1,500,2,1,0,0.3,2.5,1,3,1,0,-10688.6,0.328661,10536.8,1.75,40.654
18,100,0.1,0.2,100,1,500,2,1,0,0.3,2.5,1,3,2,0,-10688.6,0.328661,10536.8,1.75,35.6773
18,100,0.1,0.2,100,1,500,2,1,0,0.3,2.5,1,3,3,0,9.56288e-07,0.621873,0.985703,0.985675,8.26528
19,100,0.1,0.2,100,1,500,2,1,0,0.3,2.5,1,0,1,0,-2.91535,0.355636,5.45628,1.975,151.769
19,100,0.1,0.2,100,1,500,2,1,0,0.3,2.5,1,0,2,0,-2.91535,0.355636,5.45628,1.975,149.156
19,100,0.1,0.2,100,1,500,2,1,0,0.3,2.5,1,0,3,0,0.0747729,0.6068,1.28936,1.20517,13.1967
20,100,0.1,0.2,100,1,500,2,1,0,0.3,2.5,1,2,1,0,-3.50468,0.301748,5.23954,1.9875,143.147
20,100,0.1,0.2,100,1,500,2,1,0,0.3,2.5,1,2,2,0,-13.534,-1.25285,16.9049,6.4125,164.592
20,100,0.1,0.2,100,1,500,2,1,0,0.3,2.5,1,2,3,0,0.0734771,0.638482,1.07767,1.02902,12.3625
21,100,0.1,0.2,100,1,500,2,1,0,0.3,2.5,0,1,1,0,-3.70528,0.589174,4.02594,0.617047,40.263
21,100,0.1,0.2,100,1,500,2,1,0,0.3,2.5,0,1,2,0,-3.70528,0.589174,4.02594,0.617047,44.3881
21,100,0.1,0.2,100,1,500,2,1,0,0.3,2.5,0,1,3,0,0.0375571,0.485406,0.823487,0.772903,11.9288
22,100,0.1,0.2,100,1,500,2,1,0,0.3,2.5,0,3,1,0,-26.6272,0.31085,22.9885,1.14495,36.867
22,100,0.1,0.2,100,1,500,2,1,0,0.3,2.5,0,3,2,0,-26.6272,0.31085,22.9885,1.14495,34.1373
22,100,0.1,0.2,100,1,500,2,1,0,0.3,2.5,0,3,3,0,0.0115207,0.559584,0.822512,0.731708,13.208
23,100,0.1,0.2,100,1,500,2,1,0,0.3,2.5,0,0,1,0,-1.96983,0.559026,2.35954,0.644778,188.82
23,100,0.1,0.2,100,1,500,2,1,0,0.3,2.5,0,0,2,0,-1.96983,0.559026,2.35954,0.644778,164.424
23,100,0.1,0.2,100,1,500,2,1,0,0.3,2.5,0,0,3,0,0.0833005,0.566934,0.728321,0.633216,12.2511
24,100,0.1,0.2,100,1,500,2,1,0,0.3,2.5,0,2,1,0,-0.194357,0.574863,0.92261,0.716192,140.595
24,100,0.1,0.2,100,1,500,2,1,0,0.3,2.5,0,2,2,0,-0.194357,0.574863,0.92261,0.716192,149.793
24,100,0.1,0.2,100,1,500,2,1,0,0.3,2.5,0,2,3,0,0.0121122,0.575607,0.763118,0.714938,11.9688
25,100,0.1,0.2,100,1,500,2,1,0,0.5,2.5,1,1,1,0,-16.8296,0.246616,24.1105,3.1625,34.5698
25,100,0.1,0.2,100,1,500,2,1,0,0.5,2.5,1,1,2,0,-47.1328,-1.03384,65.0889,8.5375,30.6023
25,100,0.1,0.2,100,1,500,2,1,0,0.5,2.5,1,1,3,0,0.132594,0.737402,1.17298,1.10231,13.0668
26,100,0.1,0.2,100,1,500,2,1,0,0.5,2.5,1,3,1,0,-0.970381,0.126282,3.8234,2.825,30.1901
26,100,0.1,0.2,100,1,500,2,1,0,0.5,2.5,1,3,2,0,-0.970381,0.126282,3.8234,2.825,26.7083
26,100,0.1,0.2,100,1,500,2,1,0,0.5,2.5,1,3,3,0,0.139879,0.578631,1.66901,1.36242,16.3867
27,100,0.1,0.2,100,1,500,2,1,0,0.5,2.5,1,0,1,0,-1.37262,-0.667687,6.17673,6.025,142.329
27,100,0.1,0.2,100,1,500,2,1,0,0.5,2.5,1,0,2,0,-1.37262,-0.667687,6.17673,6.025,143.776
27,100,0.1,0.2,100,1,500,2,1,0,0.5,2.5,1,0,3,0,0.0198632,0.354099,2.55163,2.3335,23.891
28,100,0.1,0.2,100,1,500,2,1,0,0.5,2.5,1,2,1,0,-0.96922,0.251232,4.62941,3.0375,135.066
28,100,0.1,0.2,100,1,500,2,1,0,0.5,2.5,1,2,2,0,-4.84283,-1.22165,13.7358,9.0125,131.204
28,100,0.1,0.2,100,1,500,2,1,0,0.5,2.5,1,2,3,0,0.226323,0.658609,1.81883,1.38491,12.4473
29,100,0.1,0.2,100,1,500,2,1,0,0.5,2.5,0,1,1,0,-3.60511,0.441175,4.42644,1.13717,28.5136
29,100,0.1,0.2,100,1,500,2,1,0,0.5,2.5,0,1,2,0,-3.60511,0.441175,4.42644,1.13717,25.9792
29,100,0.1,0.2,100,1,500,2,1,0,0.5,2.5,0,1,3,0,-0.00200816,0.527317,0.963132,0.961874,10.7513
30,100,0.1,0.2,100,1,500,2,1,0,0.5,2.5,0,3,1,0,-1.16847,0.488926,2.01225,0.967667,29.7544
30,100,0.1,0.2,100,1,500,2,1,0,0.5,2.5,0,3,2,0,-1.16847,0.488926,2.01225,0.967667,29.6207
30,100,0.1,0.2,100,1,500,2,1,0,0.5,2.5,0,3,3,0,-9.57519e-05,0.514745,0.928045,0.918781,10.5563
31,100,0.1,0.2,100,1,500,2,1,0,0.5,2.5,0,0,1,0,-0.920769,0.442551,1.92832,1.04634,132.217
31,100,0.1,0.2,100,1,500,2,1,0,0.5,2.5,0,0,2,0,-0.920769,0.442551,1.92832,1.04634,137.382
31,100,0.1,0.2,100,1,500,2,1,0,0.5,2.5,0,0,3,0,0.00555424,0.479514,0.998356,0.976965,10.4258
32,100,0.1,0.2,100,1,500,2,1,0,0.5,2.5,0,2,1,0,-0.213095,0.415519,1.0718,1.06663,125.18
32,100,0.1,0.2,100,1,500,2,1,0,0.5,2.5,0,2,2,0,-0.213095,0.415519,1.0718,1.06663,120.556
32,100,0.1,0.2,100,1,500,2,1,0,0.5,2.5,0,2,3,0,-0.00361441,0.514122,0.886722,0.886686,8.85064
33,100,0.1,0.2,100,1,500,2,1,0.1,0,2.5,1,1,1,0,-0.0919318,0.980246,1.03288,0.019083,24.4503
33,100,0.1,0.2,100,1,500,2,1,0.1,0,2.5,1,1,2,0,-6.90949,0.983991,7.48175,0.015465,25.8365
33,100,0.1,0.2,100,1,500,2,1,0.1,0,2.5,1,1,3,0,0.543171,0.983331,0.432124,0.0161022,9.23953
34,100,0.1,0.2,100,1,500,2,1,0.1,0,2.5,1,3,1,0,0.582942,0.827887,0.317397,0.168888,33.6066
34,100,0.1,0.2,100,1,500,2,1,0.1,0,2.5,1,3,2,0,0.582942,0.827887,0.317397,0.168888,33.0514
34,100,0.1,0.2,100,1,500,2,1,0.1,0,2.5,1,3,3,0,0.938577,0.988774,0.0467452,0.011016,5.54646
35,100,0.1,0.2,100,1,500,2,1,0.1,0,2.5,1,0,1,0,0.943649,0.989662,0.0139326,0.0104644,182.705
35,100,0.1,0.2,100,1,500,2,1,0.1,0,2.5,1,0,2,0,0.940498,0.989199,0.0147118,0.0109337,181.838
35,100,0.1,0.2,100,1,500,2,1,0.1,0,2.5,1,0,3,0,0.945308,0.989767,0.0135225,0.0103579,5.7131
36,100,0.1,0.2,100,1,500,2,1,0.1,0,2.5,1,2,1,0,-1.34729,0.990682,2.57216,0.010345,181.554
36,100,0.1,0.2,100,1,500,2,1,0.1,0,2.5,1,2,2,0,-2.58383,0.990606,3.92716,0.010429,175.293
36,100,0.1,0.2,100,1,500,2,1,0.1,0,2.5,1,2,3,0,0.278494,0.968446,0.790625,0.0350306,10.4548
37,100,0.1,0.2,100,1,500,2,1,0.1,0,2.5,0,1,1,0,0.946766,0.988835,0.0364465,0.0120682,35.6978
37,100,0.1,0.2,100,1,500,2,1,0.1,0,2.5,0,1,2,0,0.946766,0.988835,0.0364465,0.0120682,37.0106
37,100,0.1,0.2,100,1,500,2,1,0.1,0,2.5,0,1,3,0,0.957347,0.989821,0.0292023,0.0110029,5.65552
38,100,0.1,0.2,100,1,500,2,1,0.1,0,2.5,0,3,1,0,0.853674,0.987243,0.141099,0.0138098,30.7701
38,100,0.1,0.2,100,1,500,2,1,0.1,0,2.5,0,3,2,0,-0.369366,0.201421,1.32045,0.864504,30.7911
38,100,0.1,0.2,100,1,500,2,1,0.1,0,2.5,0,3,3,0,0.913978,0.990937,0.082949,0.00981082,5.62016
39,100,0.1,0.2,100,1,500,2,1,0.1,0,2.5,0,0,1,0,0.939494,0.989384,0.0460749,0.0105982,198.756
39,100,0.1,0.2,100,1,500,2,1,0.1,0,2.5,0,0,2,0,0.936867,0.989279,0.048075,0.0107025,202.338
39,100,0.1,0.2,100,1,500,2,1,0.1,0,2.5,0,0,3,0,0.942107,0.98904,0.0440849,0.010941,6.30547
40,100,0.1,0.2,100,1,500,2,1,0.1,0,2.5,0,2,1,0,0.946495,0.989462,0.014013,0.0101783,197.574
40,100,0.1,0.2,100,1,500,2,1,0.1,0,2.5,0,2,2,0,0.946089,0.989423,0.0141193,0.0102161,192.444
40,100,0.1,0.2,100,1,500,2,1,0.1,0,2.5,0,2,3,0,0.947703,0.989516,0.0136967,0.0101265,5.96601
41,100,0.1,0.2,100,1,500,2,1,0.1,0.1,2.5,1,1,1,0,-3.13839,0.575945,4.30986,0.732954,29.4673
41,100,0.1,0.2,100,1,500,2,1,0.1,0.1,2.5,1,1,2,0,-3.13839,0.575945,4.30986,0.732954,29.2343
41,100,0.1,0.2,100,1,500,2,1,0.1,0.1,2.5,1,1,3,0,0.0104328,0.42412,1.03057,0.995375,11.3623
42,100,0.1,0.2,100,1,500,2,1,0.1,0.1,2.5,1,3,1,0,-0.767415,0.546678,1.54317,0.826705,33.1023
42,100,0.1,0.2,100,1,500,2,1,0.1,0.1,2.5,1,3,2,0,-0.767415,0.546678,1.54317,0.826705,35.7022
42,100,0.1,0.2,100,1,500,2,1,0.1,0.1,2.5,1,3,3,0,-0.0385837,0.590826,0.906808,0.746194,12.4705
43,100,0.1,0.2,100,1,500,2,1,0.1,0.1,2.5,1,0,1,0,-1.18203,0.554186,1.84187,0.702707,198.824
43,100,0.1,0.2,100,1,500,2,1,0.1,0.1,2.5,1,0,2,0,-0.979629,0.551534,1.67102,0.706888,179.687
43,100,0.1,0.2,100,1,500,2,1,0.1,0.1,2.5,1,0,3,0,-0.145691,0.526508,0.967087,0.746334,16.9465
44,100,0.1,0.2,100,1,500,2,1,0.1,0.1,2.5,1,2,1,0,-0.0266899,0.582547,0.743844,0.742447,182.259
44,100,0.1,0.2,100,1,500,2,1,0.1,0.1,2.5,1,2,2,0,-0.0385023,0.577254,0.752402,0.751861,169.439
44,100,0.1,0.2,100,1,500,2,1,0.1,0.1,2.5,1,2,3,0,-0.00624138,0.59075,0.729029,0.727859,6.48125
45,100,0.1,0.2,100,1,500,2,1,0.1,0.1,2.5,0,1,1,0,0.250613,0.8203,0.263504,0.213795,37.0845
45,100,0.1,0.2,100,1,500,2,1,0.1,0.1,2.5,0,1,2,0,0.250613,0.8203,0.263504,0.213795,36.3507
45,100,0.1,0.2,100,1,500,2,1,0.1,0.1,2.5,0,1,3,0,0.360933,0.842749,0.224713,0.187087,9.84741
46,100,0.1,0.2,100,1,500,2,1,0.1,0.1,2.5,0,3,1,0,0.327102,0.688215,0.462249,0.382162,34.6767
46,100,0.1,0.2,100,1,500,2,1,0.1,0.1,2.5,0,3,2,0,0.327102,0.688215,0.462249,0.382162,34.4293
46,100,0.1,0.2,100,1,500,2,1,0.1,0.1,2.5,0,3,3,0,0.354118,0.808816,0.44369,0.234338,11.3877
47,100,0.1,0.2,100,1,500,2,1,0.1,0.1,2.5,0,0,1,0,-0.0053191,0.851437,0.187457,0.187286,176.388
47,100,0.1,0.2,100,1,500,2,1,0.1,0.1,2.5,0,0,2,0,-0.0042632,0.851556,0.18726,0.187136,181.215
47,100,0.1,0.2,100,1,500,2,1,0.1,0.1,2.5,0,0,3,0,0.00690525,0.853286,0.185177,0.184956,6.12554
48,100,0.1,0.2,100,1,500,2,1,0.1,0.1,2.5,0,2,1,0,-0.914181,0.813005,1.86508,0.246851,179.187
48,100,0.1,0.2,100,1,500,2,1,0.1,0.1,2.5,0,2,2,0,-0.949281,0.81295,1.89928,0.246923,165.751
48,100,0.1,0.2,100,1,500,2,1,0.1,0.1,2.5,0,2,3,0,0.0689559,0.771543,0.907164,0.301585,18.3345
49,100,0.1,0.2,100,1,500,2,1,0.1,0.3,2.5,1,1,1,0,-58.7225,0.246656,61.2594,1.85443,24.9487
49,100,0.1,0.2,100,1,500,2,1,0.1,0.3,2.5,1,1,2,0,-47.245,0.206192,49.4866,1.95403,25.3112
49,100,0.1,0.2,100,1,500,2,1,0.1,0.3,2.5,1,1,3,0,0.000219562,0.583852,1.02551,1.02439,9.5415
50,100,0.1,0.2,100,1,500,2,1,0.1,0.3,2.5,1,3,1,0,-0.0545339,0.510524,1.16824,1.15876,30.22
50,100,0.1,0.2,100,1,500,2,1,0.1,0.3,2.5,1,3,2,0,-0.0545339,0.510524,1.16824,1.15876,32.1498
50,100,0.1,0.2,100,1,500,2,1,0.1,0.3,2.5,1,3,3,0,0.0560177,0.574504,1.04577,1.00729,13.6405
51,100,0.1,0.2,100,1,500,2,1,0.1,0.3,2.5,1,0,1,0,-10.0169,0.303354,12.2219,1.82669,149.494
51,100,0.1,0.2,100,1,500,2,1,0.1,0.3,2.5,1,0,2,0,-11.2188,0.29678,13.5552,1.84393,144.468
51,100,0.1,0.2,100,1,500,2,1,0.1,0.3,2.5,1,0,3,0,0.00973148,0.58409,1.09858,1.09057,9.40251
52,100,0.1,0.2,100,1,500,2,1,0.1,0.3,2.5,1,2,1,0,-81.3811,-1.42671,77.9928,5.94658,148.127
52,100,0.1,0.2,100,1,500,2,1,0.1,0.3,2.5,1,2,2,0,-65.6297,-1.42467,63.0805,5.94159,148.833
52,100,0.1,0.2,100,1,500,2,1,0.1,0.3,2.5,1,2,3,0,0.01015,0.619322,0.937123,0.932838,9.66174
53,100,0.1,0.2,100,1,500,2,1,0.1,0.3,2.5,0,1,1,0,-3.56902,0.601293,4.35163,0.629079,28.2481
53,100,0.1,0.2,100,1,500,2,1,0.1,0.3,2.5,0,1,2,0,-0.31514,0.515282,1.25257,0.764787,27.7184
53,100,0.1,0.2,100,1,500,2,1,0.1,0.3,2.5,0,1,3,0,0.00963652,0.409978,0.943242,0.930935,10.1423
54,100,0.1,0.2,100,1,500,2,1,0.1,0.3,2.5,0,3,1,0,-0.499884,0.297614,1.483,1.0446,29.0879
54,100,0.1,0.2,100,1,500,2,1,0.1,0.3,2.5,0,3,2,0,-8.78854,0.639599,9.67833,0.535993,27.0112
54,100,0.1,0.2,100,1,500,2,1,0.1,0.3,2.5,0,3,3,0,0.0439871,0.424511,0.945249,0.855876,14.0471
55,100,0.1,0.2,100,1,500,2,1,0.1,0.3,2.5,0,0,1,0,-0.70233,0.52994,1.17557,0.704526,156.042
55,100,0.1,0.2,100,1,500,2,1,0.1,0.3,2.5,0,0,2,0,-0.65838,0.534368,1.14522,0.69789,161.07
55,100,0.1,0.2,100,1,500,2,1,0.1,0.3,2.5,0,0,3,0,0.0582695,0.604259,0.650324,0.593137,11.4528
56,100,0.1,0.2,100,1,500,2,1,0.1,0.3,2.5,0,2,1,0,-0.78359,0.602472,1.40422,0.578562,153.716
56,100,0.1,0.2,100,1,500,2,1,0.1,0.3,2.5,0,2,2,0,-0.730273,0.597111,1.36224,0.586365,160.057
56,100,0.1,0.2,100,1,500,2,1,0.1,0.3,2.5,0,2,3,0,0.0885169,0.606581,0.717609,0.572582,13.2291
57,100,0.1,0.2,100,1,500,2,1,0.1,0.5,2.5,1,1,1,0,-1.02076,0.215021,4.61323,3.1731,24.9268
57,100,0.1,0.2,100,1,500,2,1,0.1,0.5,2.5,1,1,2,0,-1.02076,0.215021,4.61323,3.1731,26.2393
57,100,0.1,0.2,100,1,500,2,1,0.1,0.5,2.5,1,1,3,0,0.200495,0.657973,1.82521,1.38257,16.56
58,100,0.1,0.2,100,1,500,2,1,0.1,0.5,2.5,1,3,1,0,-13.5306,-0.388103,24.7428,4.71092,25.8312
58,100,0.1,0.2,100,1,500,2,1,0.1,0.5,2.5,1,3,2,0,-13.5306,-0.388103,24.7428,4.71092,26.4681
58,100,0.1,0.2,100,1,500,2,1,0.1,0.5,2.5,1,3,3,0,0.178837,0.657313,1.39828,1.163,11.4778
59,100,0.1,0.2,100,1,500,2,1,0.1,0.5,2.5,1,0,1,0,-0.282117,0.690024,1.20177,1.19929,127.375
59,100,0.1,0.2,100,1,500,2,1,0.1,0.5,2.5,1,0,2,0,-0.515351,0.637069,1.42039,1.40417,127.714
59,100,0.1,0.2,100,1,500,2,1,0.1,0.5,2.5,1,0,3,0,0.0309342,0.767062,0.90834,0.901232,9.588
60,100,0.1,0.2,100,1,500,2,1,0.1,0.5,2.5,1,2,1,0,-0.588729,0.200451,3.96645,3.13379,1381.87
60,100,0.1,0.2,100,1,500,2,1,0.1,0.5,2.5,1,2,2,0,-0.581927,0.202041,3.94947,3.12756,128.572
60,100,0.1,0.2,100,1,500,2,1,0.1,0.5,2.5,1,2,3,0,0.218636,0.656468,1.95077,1.34646,15.4323
61,100,0.1,0.2,100,1,500,2,1,0.1,0.5,2.5,0,1,1,0,-2.05072,0.477072,3.16761,1.08672,26.1268
61,100,0.1,0.2,100,1,500,2,1,0.1,0.5,2.5,0,1,2,0,-2.05072,0.477072,3.16761,1.08672,26.7574
61,100,0.1,0.2,100,1,500,2,1,0.1,0.5,2.5,0,1,3,0,-0.00267518,0.499895,1.04109,1.03929,9.50618
62,100,0.1,0.2,100,1,500,2,1,0.1,0.5,2.5,0,3,1,0,-2.53768,0.263174,3.20423,1.32958,25.4113
62,100,0.1,0.2,100,1,500,2,1,0.1,0.5,2.5,0,3,2,0,-2.53768,0.263174,3.20423,1.32958,25.4669
62,100,0.1,0.2,100,1,500,2,1,0.1,0.5,2.5,0,3,3,0,0.00699655,0.50715,0.899407,0.889335,10.6694
63,100,0.1,0.2,100,1,500,2,1,0.1,0.5,2.5,0,0,1,0,-5.8325,0.531,6.98899,0.891312,124.561
63,100,0.1,0.2,100,1,500,2,1,0.1,0.5,2.5,0,0,2,0,-7.76554,0.51,8.96631,0.931223,127.322
63,100,0.1,0.2,100,1,500,2,1,0.1,0.5,2.5,0,0,3,0,0.000396756,0.467108,1.0225,1.01274,8.78763
64,100,0.1,0.2,100,1,500,2,1,0.1,0.5,2.5,0,2,1,0,-1.43634,0.463581,2.28217,1.10502,121.744
64,100,0.1,0.2,100,1,500,2,1,0.1,0.5,2.5,0,2,2,0,-1.62123,0.467617,2.45536,1.0967,125.112
64,100,0.1,0.2,100,1,500,2,1,0.1,0.5,2.5,0,2,3,0,-0.000248976,0.545168,0.936954,0.936949,10.7191
65,100,0.1,0.2,100,1,500,2,1,0.3,0,2.5,1,1,1,0,-4.89158,0.91918,6.12764,0.0936931,26.609
65,100,0.1,0.2,100,1,500,2,1,0.3,0,2.5,1,1,2,0,-0.373056,0.71885,1.42807,0.325933,23.7401
65,100,0.1,0.2,100,1,500,2,1,0.3,0,2.5,1,1,3,0,0.229079,0.761639,0.80181,0.276328,8.86365
66,100,0.1,0.2,100,1,500,2,1,0.3,0,2.5,1,3,1,0,-0.419851,0.426882,1.34709,0.592358,22.0064
66,100,0.1,0.2,100,1,500,2,1,0.3,0,2.5,1,3,2,0,-1.05872,0.710964,1.95323,0.298739,22.4198
66,100,0.1,0.2,100,1,500,2,1,0.3,0,2.5,1,3,3,0,0.0288661,0.337468,0.921371,0.684773,9.27537
67,100,0.1,0.2,100,1,500,2,1,0.3,0,2.5,1,0,1,0,0.596117,0.913832,0.149935,0.0968268,151.662
67,100,0.1,0.2,100,1,500,2,1,0.3,0,2.5,1,0,2,0,0.547241,0.904919,0.16808,0.106843,143.476
67,100,0.1,0.2,100,1,500,2,1,0.3,0,2.5,1,0,3,0,0.670383,0.918153,0.122365,0.0919722,5.76187
68,100,0.1,0.2,100,1,500,2,1,0.3,0,2.5,1,2,1,0,-0.650166,0.869607,1.57178,0.137243,144.314
68,100,0.1,0.2,100,1,500,2,1,0.3,0,2.5,1,2,2,0,-1.85799,0.906615,2.72222,0.0982906,150.688
68,100,0.1,0.2,100,1,500,2,1,0.3,0,2.5,1,2,3,0,0.0794038,0.4819,0.876865,0.545315,8.97838
69,100,0.1,0.2,100,1,500,2,1,0.3,0,2.5,0,1,1,0,-12.8775,0.555293,10.3005,0.461718,26.7721
69,100,0.1,0.2,100,1,500,2,1,0.3,0,2.5,0,1,2,0,-3.59736,0.815955,3.41236,0.191085,26.9784
69,100,0.1,0.2,100,1,500,2,1,0.3,0,2.5,0,1,3,0,0.563433,0.868977,0.324039,0.136035,7.44656
70,100,0.1,0.2,100,1,500,2,1,0.3,0,2.5,0,3,1,0,-14.2699,0.175059,2.55088,0.893536,29.9195
70,100,0.1,0.2,100,1,500,2,1,0.3,0,2.5,0,3,2,0,-14.2699,0.175059,2.55088,0.893536,29.4008
70,100,0.1,0.2,100,1,500,2,1,0.3,0,2.5,0,3,3,0,0.34668,0.905249,0.109139,0.10263,6.44209
71,100,0.1,0.2,100,1,500,2,1,0.3,0,2.5,0,0,1,0,-1.0753,0.911731,2.06498,0.0978799,148.223
71,100,0.1,0.2,100,1,500,2,1,0.3,0,2.5,0,0,2,0,-0.755412,0.917128,1.74668,0.0918951,153.363
71,100,0.1,0.2,100,1,500,2,1,0.3,0,2.5,0,0,3,0,0.21266,0.751394,0.783424,0.275676,10.6633
72,100,0.1,0.2,100,1,500,2,1,0.3,0,2.5,0,2,1,0,0.398173,0.89987,0.12391,0.117587,137.622
72,100,0.1,0.2,100,1,500,2,1,0.3,0,2.5,0,2,2,0,-0.82442,0.807267,0.375628,0.226334,141.79
72,100,0.1,0.2,100,1,500,2,1,0.3,0,2.5,0,2,3,0,0.483856,0.917948,0.106268,0.0963566,5.63993
73,100,0.1,0.2,100,1,500,2,1,0.3,0.1,2.5,1,1,1,0,-1.2099,0.508635,2.25034,0.849017,22.8791
73,100,0.1,0.2,100,1,500,2,1,0.3,0.1,2.5,1,1,2,0,-0.979418,0.312174,2.01565,1.18848,23.1876
73,100,0.1,0.2,100,1,500,2,1,0.3,0.1,2.5,1,1,3,0,0.000657949,0.411313,1.01763,1.01718,9.11286
74,100,0.1,0.2,100,1,500,2,1,0.3,0.1,2.5,1,3,1,0,-125.71,0.133249,84.2954,1.46931,28.2896
74,100,0.1,0.2,100,1,500,2,1,0.3,0.1,2.5,1,3,2,0,-2.90317,0.43241,2.59664,0.962172,28.0732
74,100,0.1,0.2,100,1,500,2,1,0.3,0.1,2.5,1,3,3,0,-0.00255988,0.612718,0.666966,0.656516,7.22239
75,100,0.1,0.2,100,1,500,2,1,0.3,0.1,2.5,1,0,1,0,-132.368,0.213711,104.646,1.43253,140.173
75,100,0.1,0.2,100,1,500,2,1,0.3,0.1,2.5,1,0,2,0,-0.0147145,0.566022,0.796192,0.790657,136.059
75,100,0.1,0.2,100,1,500,2,1,0.3,0.1,2.5,1,0,3,0,-0.00403098,0.568295,0.78781,0.786517,7.45152
76,100,0.1,0.2,100,1,500,2,1,0.3,0.1,2.5,1,2,1,0,-0.341923,0.4416,1.13456,0.924948,133.234
76,100,0.1,0.2,100,1,500,2,1,0.3,0.1,2.5,1,2,2,0,-0.239528,0.54014,1.04799,0.761723,130.417
76,100,0.1,0.2,100,1,500,2,1,0.3,0.1,2.5,1,2,3,0,-0.00900345,0.510246,0.853089,0.81124,13.8893
77,100,0.1,0.2,100,1,500,2,1,0.3,0.1,2.5,0,1,1,0,-2.30423,0.503583,0.921892,0.64985,29.7967
77,100,0.1,0.2,100,1,500,2,1,0.3,0.1,2.5,0,1,2,0,-1.57743,0.607254,0.719112,0.514136,29.9446
77,100,0.1,0.2,100,1,500,2,1,0.3,0.1,2.5,0,1,3,0,-0.00405505,0.786121,0.280135,0.279985,5.82299
78,100,0.1,0.2,100,1,500,2,1,0.3,0.1,2.5,0,3,1,0,-0.312739,0.670599,1.26111,0.420458,23.9514
78,100,0.1,0.2,100,1,500,2,1,0.3,0.1,2.5,0,3,2,0,0.00257459,0.766178,0.958199,0.298458,23.4348
78,100,0.1,0.2,100,1,500,2,1,0.3,0.1,2.5,0,3,3,0,0.165064,0.706998,0.8021,0.373997,12.4818
79,100,0.1,0.2,100,1,500,2,1,0.3,0.1,2.5,0,0,1,0,0.00219121,0.717938,0.501156,0.391866,138.069
79,100,0.1,0.2,100,1,500,2,1,0.3,0.1,2.5,0,0,2,0,-0.0263579,0.727651,0.515495,0.378372,144.311
79,100,0.1,0.2,100,1,500,2,1,0.3,0.1,2.5,0,0,3,0,0.185403,0.743277,0.409136,0.356663,7.99267
80,100,0.1,0.2,100,1,500,2,1,0.3,0.1,2.5,0,2,1,0,-0.0716729,0.151221,1.14214,1.14081,146.544
80,100,0.1,0.2,100,1,500,2,1,0.3,0.1,2.5,0,2,2,0,-11.6013,0.784807,13.4299,0.289231,154.112
80,100,0.1,0.2,100,1,500,2,1,0.3,0.1,2.5,0,2,3,0,0.00271162,0.212869,1.06287,1.05795,9.75126
81,100,0.1,0.2,100,1,500,2,1,0.3,0.3,2.5,1,1,1,0,-3.25145,0.337534,5.70166,1.94171,25.4764
81,100,0.1,0.2,100,1,500,2,1,0.3,0.3,2.5,1,1,2,0,-5.30183,0.233044,8.45144,2.24797,25.5788
81,100,0.1,0.2,100,1,500,2,1,0.3,0.3,2.5,1,1,3,0,0.0723623,0.598841,1.24406,1.17581,13.5007
82,100,0.1,0.2,100,1,500,2,1,0.3,0.3,2.5,1,3,1,0,-1.26472,0.382933,3.28087,1.6419,25.9227
82,100,0.1,0.2,100,1,500,2,1,0.3,0.3,2.5,1,3,2,0,-1.26472,0.382933,3.28087,1.6419,25.5651
82,100,0.1,0.2,100,1,500,2,1,0.3,0.3,2.5,1,3,3,0,-0.000182687,0.456892,1.44895,1.44511,16.9406
83,100,0.1,0.2,100,1,500,2,1,0.3,0.3,2.5,1,0,1,0,-1.94612,0.637705,5.5182,1.07846,128.731
83,100,0.1,0.2,100,1,500,2,1,0.3,0.3,2.5,1,0,2,0,-1.89083,0.604426,5.41464,1.17752,126.394
83,100,0.1,0.2,100,1,500,2,1,0.3,0.3,2.5,1,0,3,0,0.00119225,0.373787,1.87081,1.86408,11.6027
84,100,0.1,0.2,100,1,500,2,1,0.3,0.3,2.5,1,2,1,0,-0.0117143,0.618017,0.893357,0.885813,134.954
84,100,0.1,0.2,100,1,500,2,1,0.3,0.3,2.5,1,2,2,0,-58.8926,0.241612,52.8859,1.75869,132.203
84,100,0.1,0.2,100,1,500,2,1,0.3,0.3,2.5,1,2,3,0,0.00295506,0.621285,0.880404,0.878234,9.55626
85,100,0.1,0.2,100,1,500,2,1,0.3,0.3,2.5,0,1,1,0,-6.16903,0.575367,7.0754,0.746202,25.3319
85,100,0.1,0.2,100,1,500,2,1,0.3,0.3,2.5,0,1,2,0,-1.42638,0.552358,2.39469,0.786637,25.4066
85,100,0.1,0.2,100,1,500,2,1,0.3,0.3,2.5,0,1,3,0,0.00635468,0.452357,0.980668,0.962367,11.3183
86,100,0.1,0.2,100,1,500,2,1,0.3,0.3,2.5,0,3,1,0,-0.0961602,0.45943,1.1793,0.950273,23.3612
86,100,0.1,0.2,100,1,500,2,1,0.3,0.3,2.5,0,3,2,0,-4.33705,0.556684,5.74186,0.779311,23.8797
86,100,0.1,0.2,100,1,500,2,1,0.3,0.3,2.5,0,3,3,0,0.00509228,0.395633,1.07037,1.06242,9.82603
87,100,0.1,0.2,100,1,500,2,1,0.3,0.3,2.5,0,0,1,0,-0.117337,0.592904,0.862502,0.709335,131.569
87,100,0.1,0.2,100,1,500,2,1,0.3,0.3,2.5,0,0,2,0,-0.209367,0.515665,0.933543,0.843918,141.839
87,100,0.1,0.2,100,1,500,2,1,0.3,0.3,2.5,0,0,3,0,0.0123368,0.580768,0.762404,0.730481,9.64142
88,100,0.1,0.2,100,1,500,2,1,0.3,0.3,2.5,0,2,1,0,-3.00583,0.641948,3.48686,0.551297,140.488
88,100,0.1,0.2,100,1,500,2,1,0.3,0.3,2.5,0,2,2,0,-4.45024,0.630928,4.74413,0.568264,141.445
88,100,0.1,0.2,100,1,500,2,1,0.3,0.3,2.5,0,2,3,0,0.07386,0.53659,0.806155,0.713518,11.2883
89,100,0.1,0.2,100,1,500,2,1,0.3,0.5,2.5,1,1,1,0,-0.878434,0.270726,3.18922,2.84954,24.7671
89,100,0.1,0.2,100,1,500,2,1,0.3,0.5,2.5,1,1,2,0,-0.878434,0.270726,3.18922,2.84954,23.9737
89,100,0.1,0.2,100,1,500,2,1,0.3,0.5,2.5,1,1,3,0,0.288748,0.744064,1.20757,1.00004,11.2134
90,100,0.1,0.2,100,1,500,2,1,0.3,0.5,2.5,1,3,1,0,-0.554022,0.171324,3.61406,2.9103,23.6835
90,100,0.1,0.2,100,1,500,2,1,0.3,0.5,2.5,1,3,2,0,-1.64367,-0.30873,6.14816,4.59624,23.3328
90,100,0.1,0.2,100,1,500,2,1,0.3,0.5,2.5,1,3,3,0,0.0905522,0.518145,2.11503,1.69227,15.6918
91,100,0.1,0.2,100,1,500,2,1,0.3,0.5,2.5,1,0,1,0,-0.74225,0.660353,3.00711,1.11231,120.62
91,100,0.1,0.2,100,1,500,2,1,0.3,0.5,2.5,1,0,2,0,-2.75456,0.637932,6.48033,1.18573,130.421
91,100,0.1,0.2,100,1,500,2,1,0.3,0.5,2.5,1,0,3,0,0.116557,0.593948,1.52482,1.32977,13.7345
92,100,0.1,0.2,100,1,500,2,1,0.3,0.5,2.5,1,2,1,0,-0.294676,0.734373,1.29437,1.08634,125.762
92,100,0.1,0.2,100,1,500,2,1,0.3,0.5,2.5,1,2,2,0,-33.3873,0.2266,34.3791,3.16298,128.167
92,100,0.1,0.2,100,1,500,2,1,0.3,0.5,2.5,1,2,3,0,0.0475557,0.770537,0.952217,0.938436,10.4853
93,100,0.1,0.2,100,1,500,2,1,0.3,0.5,2.5,0,1,1,0,-1.91959,0.335787,2.67383,1.10935,25.055
93,100,0.1,0.2,100,1,500,2,1,0.3,0.5,2.5,0,1,2,0,-3.40097,0.311899,4.03052,1.14925,30.869
93,100,0.1,0.2,100,1,500,2,1,0.3,0.5,2.5,0,1,3,0,0.000203673,0.452422,0.915638,0.914551,14.8135
94,100,0.1,0.2,100,1,500,2,1,0.3,0.5,2.5,0,3,1,0,-2.78145,0.50375,4.08274,1.02834,26.7972
94,100,0.1,0.2,100,1,500,2,1,0.3,0.5,2.5,0,3,2,0,-0.0491623,0.47437,1.13275,1.08922,27.7661
94,100,0.1,0.2,100,1,500,2,1,0.3,0.5,2.5,0,3,3,0,-0.00416281,0.477866,1.08417,1.08197,9.51131
95,100,0.1,0.2,100,1,500,2,1,0.3,0.5,2.5,0,0,1,0,-63.02,0.249677,69.5902,1.62774,127.537
95,100,0.1,0.2,100,1,500,2,1,0.3,0.5,2.5,0,0,2,0,-0.189456,0.407189,1.29295,1.28604,134.927
95,100,0.1,0.2,100,1,500,2,1,0.3,0.5,2.5,0,0,3,0,0.00563041,0.504165,1.08089,1.07566,11.43
96,100,0.1,0.2,100,1,500,2,1,0.3,0.5,2.5,0,2,1,0,-0.482208,0.375723,1.47516,1.21192,133.984
96,100,0.1,0.2,100,1,500,2,1,0.3,0.5,2.5,0,2,2,0,-0.00317731,0.488991,0.998407,0.992029,125.573
96,100,0.1,0.2,100,1,500,2,1,0.3,0.5,2.5,0,2,3,0,0.000419384,0.48859,0.994827,0.992809,11.7039
97,100,0.1,0.2,100,1,500,4,1,0,0,2.5,1,1,1,0,1,1,3.27408e-36,-4.2625e-16,76.7639
97,100,0.1,0.2,100,1,500,4,1,0,0,2.5,1,1,2,0,1,1,3.27408e-36,-4.2625e-16,76.7293
97,100,0.1,0.2,100,1,500,4,1,0,0,2.5,1,1,3,0,1,1,1.50792e-22,-5.6007e-16,9.15173
98,100,0.1,0.2,100,1,500,4,1,0,0,2.5,1,3,1,0,1,1,7.30498e-32,5.86371e-17,67.8372
98,100,0.1,0.2,100,1,500,4,1,0,0,2.5,1,3,2,0,1,1,7.30498e-32,5.86371e-17,67.6323
98,100,0.1,0.2,100,1,500,4,1,0,0,2.5,1,3,3,0,1,1,3.63198e-18,7.23831e-17,10.1767
99,100,0.1,0.2,100,1,500,4,1,0,0,2.5,1,0,1,0,1,1,1.27919e-30,-2.62235e-16,274.476
99,100,0.1,0.2,100,1,500,4,1,0,0,2.5,1,0,2,0,1,1,7.95182e-32,-2.53825e-16,262.917
99,100,0.1,0.2,100,1,500,4,1,0,0,2.5,1,0,3,0,1,1,2.45339e-19,-2.27174e-16,9.6473
100,100,0.1,0.2,100,1,500,4,1,0,0,2.5,1,2,1,0,1,1,2.6841e-30,-5.11813e-16,245.494
100,100,0.1,0.2,100,1,500,4,1,0,0,2.5,1,2,2,0,1,1,2.79013e-32,-6.47524e-16,268.646
100,100,0.1,0.2,100,1,500,4,1,0,0,2.5,1,2,3,0,1,1,5.51051e-19,6.9561e-16,10.8854
101,100,0.1,0.2,100,1,500,4,1,0,0,2.5,0,1,1,0,1,1,1.65162e-31,-1.24789e-16,89.7127
101,100,0.1,0.2,100,1,500,4,1,0,0,2.5,0,1,2,0,1,1,1.65162e-31,-1.24789e-16,77.8963
101,100,0.1,0.2,100,1,500,4,1,0,0,2.5,0,1,3,0,1,1,2.34988e-18,-6.28941e-17,9.35378
102,100,0.1,0.2,100,1,500,4,1,0,0,2.5,0,3,1,0,1,1,1.90954e-31,-2.45935e-16,67.9588
102,100,0.1,0.2,100,1,500,4,1,0,0,2.5,0,3,2,0,1,1,1.90954e-31,-2.45935e-16,64.1843
102,100,0.1,0.2,100,1,500,4,1,0,0,2.5,0,3,3,0,1,1,6.40566e-20,3.30151e-16,8.5167
103,100,0.1,0.2,100,1,500,4,1,0,0,2.5,0,0,1,0,1,1,2.81133e-30,1.22089e-16,227.297
103,100,0.1,0.2,100,1,500,4,1,0,0,2.5,0,0,2,0,1,1,4.17195e-33,-2.3436e-16,223.509
103,100,0.1,0.2,100,1,500,4,1,0,0,2.5,0,0,3,0,1,1,3.56184e-20,2.26043e-16,8.5104
104,100,0.1,0.2,100,1,500,4,1,0,0,2.5,0,2,1,0,1,1,4.78621e-30,-7.47712e-16,215.872
104,100,0.1,0.2,100,1,500,4,1,0,0,2.5,0,2,2,0,1,1,1.45974e-32,-7.46398e-16,222.238
104,100,0.1,0.2,100,1,500,4,1,0,0,2.5,0,2,3,0,1,1,1.2024e-19,-6.58215e-16,8.45325
105,100,0.1,0.2,100,1,500,4,1,0,0.1,2.5,1,1,1,0,-787.661,0.767566,705.132,0.744142,45.1579
105,100,0.1,0.2,100,1,500,4,1,0,0.1,2.5,1,1,2,0,-787.661,0.767566,705.132,0.744142,43.465
105,100,0.1,0.2,100,1,500,4,1,0,0.1,2.5,1,1,3,0,-0.15185,0.775397,1.02985,0.71907,27.8919
106,100,0.1,0.2,100,1,500,4,1,0,0.1,2.5,1,3,1,0,-1659.2,0.765069,1028.85,0.658683,44.2155
106,100,0.1,0.2,100,1,500,4,1,0,0.1,2.5,1,3,2,0,-1659.2,0.765069,1028.85,0.658683,43.0005
106,100,0.1,0.2,100,1,500,4,1,0,0.1,2.5,1,3,3,0,-0.00214863,0.778992,0.621045,0.619646,11.0911
107,100,0.1,0.2,100,1,500,4,1,0,0.1,2.5,1,0,1,0,-0.159923,0.810069,0.699127,0.500903,195.82
107,100,0.1,0.2,100,1,500,4,1,0,0.1,2.5,1,0,2,0,-81.6131,0.728335,49.7938,0.716458,203.277
107,100,0.1,0.2,100,1,500,4,1,0,0.1,2.5,1,0,3,0,0.0435608,0.799672,0.57648,0.528321,11.1721
108,100,0.1,0.2,100,1,500,4,1,0,0.1,2.5,1,2,1,0,-7.78885,0.778641,7.75371,0.621465,156.62
108,100,0.1,0.2,100,1,500,4,1,0,0.1,2.5,1,2,2,0,-1.35249,0.78299,2.07541,0.609256,153.963
108,100,0.1,0.2,100,1,500,4,1,0,0.1,2.5,1,2,3,0,-0.188792,0.84495,1.04878,0.435304,40.1409
109,100,0.1,0.2,100,1,500,4,1,0,0.1,2.5,0,1,1,0,-1.50467,0.829891,1.25626,0.274171,49.1494
109,100,0.1,0.2,100,1,500,4,1,0,0.1,2.5,0,1,2,0,-1.50467,0.829891,1.25626,0.274171,45.6238
109,100,0.1,0.2,100,1,500,4,1,0,0.1,2.5,0,1,3,0,0.283441,0.843082,0.359404,0.25291,18.7501
110,100,0.1,0.2,100,1,500,4,1,0,0.1,2.5,0,3,1,0,-0.0389937,0.862039,0.635708,0.224119,43.7539
110,100,0.1,0.2,100,1,500,4,1,0,0.1,2.5,0,3,2,0,-0.0389937,0.862039,0.635708,0.224119,45.5752
110,100,0.1,0.2,100,1,500,4,1,0,0.1,2.5,0,3,3,0,0.377129,0.860259,0.381103,0.227011,31.6164
111,100,0.1,0.2,100,1,500,4,1,0,0.1,2.5,0,0,1,0,-4.47228,0.862678,3.65978,0.221591,157.973
111,100,0.1,0.2,100,1,500,4,1,0,0.1,2.5,0,0,2,0,-0.0438807,0.877575,0.698133,0.197553,166.237
111,100,0.1,0.2,100,1,500,4,1,0,0.1,2.5,0,0,3,0,0.398994,0.873215,0.401945,0.204589,18.8719
112,100,0.1,0.2,100,1,500,4,1,0,0.1,2.5,0,2,1,0,-5.1044,0.889973,3.30439,0.18479,157.305
112,100,0.1,0.2,100,1,500,4,1,0,0.1,2.5,0,2,2,0,0.295306,0.893126,0.38146,0.179495,162.8
112,100,0.1,0.2,100,1,500,4,1,0,0.1,2.5,0,2,3,0,0.389154,0.874204,0.330659,0.211274,19.2888
113,100,0.1,0.2,100,1,500,4,1,0,0.3,2.5,1,1,1,0,-40.4934,0.665553,61.744,1.92199,34.4286
113,100,0.1,0.2,100,1,500,4,1,0,0.3,2.5,1,1,2,0,-40.4934,0.665553,61.744,1.92199,33.6432
113,100,0.1,0.2,100,1,500,4,1,0,0.3,2.5,1,1,3,0,0.00763337,0.746988,1.47669,1.454,19.2181
114,100,0.1,0.2,100,1,500,4,1,0,0.3,2.5,1,3,1,0,-119763,0.681783,155924,1.98588,32.1974
114,100,0.1,0.2,100,1,500,4,1,0,0.3,2.5,1,3,2,0,-119763,0.681783,155924,1.98588,32.7384
114,100,0.1,0.2,100,1,500,4,1,0,0.3,2.5,1,3,3,0,0.077305,0.819996,1.20128,1.12334,18.0291
115,100,0.1,0.2,100,1,500,4,1,0,0.3,2.5,1,0,1,0,-19.7049,0.726451,23.5144,1.42013,109.696
115,100,0.1,0.2,100,1,500,4,1,0,0.3,2.5,1,0,2,0,-10.3411,0.524922,12.88,2.46636,111.801
115,100,0.1,0.2,100,1,500,4,1,0,0.3,2.5,1,0,3,0,0.0306527,0.794624,1.10088,1.06621,17.1089
116,100,0.1,0.2,100,1,500,4,1,0,0.3,2.5,1,2,1,0,-2.15411,0.656988,4.92582,2.00597,115.867
116,100,0.1,0.2,100,1,500,4,1,0,0.3,2.5,1,2,2,0,-2.15411,0.656988,4.92582,2.00597,110.612
116,100,0.1,0.2,100,1,500,4,1,0,0.3,2.5,1,2,3,0,0.047429,0.758943,1.48765,1.40973,26.3977
117,100,0.1,0.2,100,1,500,4,1,0,0.3,2.5,0,1,1,0,-15084.5,0.792931,11256,0.52524,34.1441
117,100,0.1,0.2,100,1,500,4,1,0,0.3,2.5,0,1,2,0,-15084.5,0.792931,11256,0.52524,34.1163
117,100,0.1,0.2,100,1,500,4,1,0,0.3,2.5,0,1,3,0,0.0982528,0.763225,0.672839,0.600588,21.74
118,100,0.1,0.2,100,1,500,4,1,0,0.3,2.5,0,3,1,0,-32.9367,0.777773,25.9203,0.659121,34.8122
118,100,0.1,0.2,100,1,500,4,1,0,0.3,2.5,0,3,2,0,-32.9367,0.777773,25.9203,0.659121,34.2663
118,100,0.1,0.2,100,1,500,4,1,0,0.3,2.5,0,3,3,0,0.0510338,0.779755,0.724805,0.653242,16.3841
119,100,0.1,0.2,100,1,500,4,1,0,0.3,2.5,0,0,1,0,-0.249852,0.765327,1.00028,0.659069,110.965
119,100,0.1,0.2,100,1,500,4,1,0,0.3,2.5,0,0,2,0,-0.413328,0.745388,1.13111,0.715066,111.877
119,100,0.1,0.2,100,1,500,4,1,0,0.3,2.5,0,0,3,0,0.0636338,0.773722,0.749389,0.63549,18.648
120,100,0.1,0.2,100,1,500,4,1,0,0.3,2.5,0,2,1,0,-2.02376,0.774182,1.85721,0.617006,112.663
120,100,0.1,0.2,100,1,500,4,1,0,0.3,2.5,0,2,2,0,-21.3999,0.788664,13.7582,0.577437,113.22
120,100,0.1,0.2,100,1,500,4,1,0,0.3,2.5,0,2,3,0,0.0320368,0.792614,0.59453,0.566644,14.0683
121,100,0.1,0.2,100,1,500,4,1,0,0.5,2.5,1,1,1,0,-33.5583,0.719043,56.5183,2.03298,437.751
121,100,0.1,0.2,100,1,500,4,1,0,0.5,2.5,1,1,2,0,-33.5583,0.719043,56.5183,2.03298,449.558
121,100,0.1,0.2,100,1,500,4,1,0,0.5,2.5,1,1,3,0,0.133071,0.828634,1.41782,1.23999,22.8203
122,100,0.1,0.2,100,1,500,4,1,0,0.5,2.5,1,3,1,0,-0.537916,0.677552,3.84206,3.05684,481.939
122,100,0.1,0.2,100,1,500,4,1,0,0.5,2.5,1,3,2,0,-123.889,0.737304,312.002,2.49039,487.413
122,100,0.1,0.2,100,1,500,4,1,0,0.5,2.5,1,3,3,0,0.196667,0.843333,2.00691,1.48522,21.0444
123,100,0.1,0.2,100,1,500,4,1,0,0.5,2.5,1,0,1,0,-0.648969,0.727748,4.03135,2.77399,1476.86
123,100,0.1,0.2,100,1,500,4,1,0,0.5,2.5,1,0,2,0,0.0497415,0.778218,2.32316,2.25975,1382.43
123,100,0.1,0.2,100,1,500,4,1,0,0.5,2.5,1,0,3,0,0.213619,0.863379,1.92252,1.39204,22.0736
124,100,0.1,0.2,100,1,500,4,1,0,0.5,2.5,1,2,1,0,-0.950277,0.786711,3.6489,1.48617,1374.54
124,100,0.1,0.2,100,1,500,4,1,0,0.5,2.5,1,2,2,0,-11.7467,0.613156,23.8485,2.69548,1413.28
124,100,0.1,0.2,100,1,500,4,1,0,0.5,2.5,1,2,3,0,-0.00909982,0.737223,1.88799,1.831,29.3749
125,100,0.1,0.2,100,1,500,4,1,0,0.5,2.5,0,1,1,0,-29.291,0.720053,27.443,1.09104,103.316
125,100,0.1,0.2,100,1,500,4,1,0,0.5,2.5,0,1,2,0,-29.291,0.720053,27.443,1.09104,103.194
125,100,0.1,0.2,100,1,500,4,1,0,0.5,2.5,0,1,3,0,0.00503427,0.769741,0.901418,0.897388,15.2035
126,100,0.1,0.2,100,1,500,4,1,0,0.5,2.5,0,3,1,0,-131.744,0.735397,127.83,0.967025,107.69
126,100,0.1,0.2,100,1,500,4,1,0,0.5,2.5,0,3,2,0,-10.4116,0.5736,10.9891,1.55833,71.4112
126,100,0.1,0.2,100,1,500,4,1,0,0.5,2.5,0,3,3,0,-0.000569839,0.739059,0.963525,0.953641,19.1357
127,100,0.1,0.2,100,1,500,4,1,0,0.5,2.5,0,0,1,0,-3.67444,0.720987,4.16345,0.992668,115.349
127,100,0.1,0.2,100,1,500,4,1,0,0.5,2.5,0,0,2,0,-3.67444,0.720987,4.16345,0.992668,114.452
127,100,0.1,0.2,100,1,500,4,1,0,0.5,2.5,0,0,3,0,0.00724456,0.763712,0.884232,0.840663,17.6203
128,100,0.1,0.2,100,1,500,4,1,0,0.5,2.5,0,2,1,0,-34.0125,0.728682,34.516,1.01983,114.525
128,100,0.1,0.2,100,1,500,4,1,0,0.5,2.5,0,2,2,0,-1.59454,0.695034,2.55775,1.1463,233.107
128,100,0.1,0.2,100,1,500,4,1,0,0.5,2.5,0,2,3,0,0.000578698,0.741973,0.985249,0.969867,18.3827
129,100,0.1,0.2,100,1,500,4,1,0.1,0,2.5,1,1,1,0,0.881433,0.984709,0.020584,0.016982,53.3584
129,100,0.1,0.2,100,1,500,4,1,0.1,0,2.5,1,1,2,0,0.881433,0.984709,0.020584,0.016982,54.8292
129,100,0.1,0.2,100,1,500,4,1,0.1,0,2.5,1,1,3,0,0.941729,0.992282,0.0101161,0.00857167,9.29758
130,100,0.1,0.2,100,1,500,4,1,0.1,0,2.5,1,3,1,0,-1.18148,0.765821,0.783443,0.244368,46.9284
130,100,0.1,0.2,100,1,500,4,1,0.1,0,2.5,1,3,2,0,-41.7049,0.989631,15.3368,0.0108201,48.8303
130,100,0.1,0.2,100,1,500,4,1,0.1,0,2.5,1,3,3,0,0.955855,0.990004,0.0158539,0.0104311,9.64495
131,100,0.1,0.2,100,1,500,4,1,0.1,0,2.5,1,0,1,0,0.815906,0.987521,0.0222129,0.0132889,184.549
131,100,0.1,0.2,100,1,500,4,1,0.1,0,2.5,1,0,2,0,0.876775,0.987673,0.0148684,0.0131268,185.088
131,100,0.1,0.2,100,1,500,4,1,0.1,0,2.5,1,0,3,0,0.910051,0.99095,0.0108534,0.00963699,11.3954
132,100,0.1,0.2,100,1,500,4,1,0.1,0,2.5,1,2,1,0,-1266.15,0.98807,25.2249,0.0124849,183.203
132,100,0.1,0.2,100,1,500,4,1,0.1,0,2.5,1,2,2,0,-2613.16,0.987743,52.0395,0.0128274,180.692
132,100,0.1,0.2,100,1,500,4,1,0.1,0,2.5,1,2,3,0,0.464114,0.989918,0.0106677,0.0105512,9.31939
133,100,0.1,0.2,100,1,500,4,1,0.1,0,2.5,0,1,1,0,-219.37,0.91941,5.41649,0.088501,51.1766
133,100,0.1,0.2,100,1,500,4,1,0.1,0,2.5,0,1,2,0,-653.914,0.95887,16.0972,0.0451672,52.7854
133,100,0.1,0.2,100,1,500,4,1,0.1,0,2.5,0,1,3,0,0.617182,0.991594,0.00940931,0.00923114,6.49003
134,100,0.1,0.2,100,1,500,4,1,0.1,0,2.5,0,3,1,0,-0.394438,0.986662,0.0156387,0.0156384,50.7848
134,100,0.1,0.2,100,1,500,4,1,0.1,0,2.5,0,3,2,0,-63.7134,0.696098,0.725766,0.356303,51.0149
134,100,0.1,0.2,100,1,500,4,1,0.1,0,2.5,0,3,3,0,0.0865934,0.991278,0.0102439,0.0102256,9.12163
135,100,0.1,0.2,100,1,500,4,1,0.1,0,2.5,0,0,1,0,0.862906,0.990114,0.0559692,0.0105576,197.143
135,100,0.1,0.2,100,1,500,4,1,0.1,0,2.5,0,0,2,0,0.914947,0.988152,0.0347231,0.0126528,189.855
135,100,0.1,0.2,100,1,500,4,1,0.1,0,2.5,0,0,3,0,0.963267,0.991332,0.0149963,0.00925641,9.16591
136,100,0.1,0.2,100,1,500,4,1,0.1,0,2.5,0,2,1,0,0.923472,0.989828,0.0216523,0.0107911,191.374
136,100,0.1,0.2,100,1,500,4,1,0.1,0,2.5,0,2,2,0,0.948127,0.989804,0.0146766,0.010817,180.946
136,100,0.1,0.2,100,1,500,4,1,0.1,0,2.5,0,2,3,0,0.953474,0.990851,0.0131639,0.00970636,9.60291
137,100,0.1,0.2,100,1,500,4,1,0.1,0.1,2.5,1,1,1,0,-0.263213,0.796679,0.697497,0.554066,39.6004
137,100,0.1,0.2,100,1,500,4,1,0.1,0.1,2.5,1,1,2,0,-0.263213,0.796679,0.697497,0.554066,39.4902
137,100,0.1,0.2,100,1,500,4,1,0.1,0.1,2.5,1,1,3,0,-0.015298,0.82156,0.560608,0.486263,15.0828
138,100,0.1,0.2,100,1,500,4,1,0.1,0.1,2.5,1,3,1,0,-0.295666,0.772529,0.74403,0.611535,40.304
138,100,0.1,0.2,100,1,500,4,1,0.1,0.1,2.5,1,3,2,0,-0.295666,0.772529,0.74403,0.611535,41.4771
138,100,0.1,0.2,100,1,500,4,1,0.1,0.1,2.5,1,3,3,0,-0.00357912,0.785854,0.576301,0.575714,12.0619
139,100,0.1,0.2,100,1,500,4,1,0.1,0.1,2.5,1,0,1,0,-11.0574,0.775714,9.1537,0.630661,150.127
139,100,0.1,0.2,100,1,500,4,1,0.1,0.1,2.5,1,0,2,0,-0.605861,0.806445,1.21913,0.544251,143.021
139,100,0.1,0.2,100,1,500,4,1,0.1,0.1,2.5,1,0,3,0,0.0285495,0.781414,0.737501,0.614635,40.4899
140,100,0.1,0.2,100,1,500,4,1,0.1,0.1,2.5,1,2,1,0,-1.73361,0.800179,1.95813,0.573202,150.854
140,100,0.1,0.2,100,1,500,4,1,0.1,0.1,2.5,1,2,2,0,-2.33601,0.791934,2.38963,0.596854,150.817
140,100,0.1,0.2,100,1,500,4,1,0.1,0.1,2.5,1,2,3,0,-0.0670545,0.762035,0.764346,0.682623,15.2826
141,100,0.1,0.2,100,1,500,4,1,0.1,0.1,2.5,0,1,1,0,-2.55496,0.846165,0.65396,0.242585,48.1702
141,100,0.1,0.2,100,1,500,4,1,0.1,0.1,2.5,0,1,2,0,-2.55496,0.846165,0.65396,0.242585,42.9376
141,100,0.1,0.2,100,1,500,4,1,0.1,0.1,2.5,0,1,3,0,0.0847947,0.895069,0.168358,0.165467,11.0674
142,100,0.1,0.2,100,1,500,4,1,0.1,0.1,2.5,0,3,1,0,-96.255,0.806775,29.6842,0.350827,35.6236
142,100,0.1,0.2,100,1,500,4,1,0.1,0.1,2.5,0,3,2,0,-3.5588,0.8334,1.39144,0.302487,36.2401
142,100,0.1,0.2,100,1,500,4,1,0.1,0.1,2.5,0,3,3,0,0.141888,0.864019,0.261914,0.246894,11.1274
143,100,0.1,0.2,100,1,500,4,1,0.1,0.1,2.5,0,0,1,0,-0.196223,0.864114,0.639239,0.231424,130.893
143,100,0.1,0.2,100,1,500,4,1,0.1,0.1,2.5,0,0,2,0,-7.65926,0.878471,4.62734,0.206974,132.737
143,100,0.1,0.2,100,1,500,4,1,0.1,0.1,2.5,0,0,3,0,0.266067,0.818877,0.3922,0.308465,14.0966
144,100,0.1,0.2,100,1,500,4,1,0.1,0.1,2.5,0,2,1,0,-16.299,0.858237,5.50932,0.217034,141.108
144,100,0.1,0.2,100,1,500,4,1,0.1,0.1,2.5,0,2,2,0,0.177742,0.868909,0.26187,0.200696,139.55
144,100,0.1,0.2,100,1,500,4,1,0.1,0.1,2.5,0,2,3,0,0.256209,0.863776,0.23688,0.208555,11.2806
145,100,0.1,0.2,100,1,500,4,1,0.1,0.3,2.5,1,1,1,0,-10.2392,0.678108,15.2202,1.696,33.2415
145,100,0.1,0.2,100,1,500,4,1,0.1,0.3,2.5,1,1,2,0,-103.899,0.609769,142.055,2.05607,35.3393
145,100,0.1,0.2,100,1,500,4,1,0.1,0.3,2.5,1,1,3,0,0.0343184,0.76202,1.30773,1.25388,27.0565
146,100,0.1,0.2,100,1,500,4,1,0.1,0.3,2.5,1,3,1,0,-70.2594,0.687307,98.4534,2.02928,32.72
146,100,0.1,0.2,100,1,500,4,1,0.1,0.3,2.5,1,3,2,0,-19.6023,0.68068,28.4645,2.07229,34.8383
146,100,0.1,0.2,100,1,500,4,1,0.1,0.3,2.5,1,3,3,0,0.105611,0.825156,1.2357,1.13469,19.7419
147,100,0.1,0.2,100,1,500,4,1,0.1,0.3,2.5,1,0,1,0,-3.6123,0.724595,7.33482,1.77753,107.74
147,100,0.1,0.2,100,1,500,4,1,0.1,0.3,2.5,1,0,2,0,-4.51218,0.726172,8.76587,1.76735,106.551
147,100,0.1,0.2,100,1,500,4,1,0.1,0.3,2.5,1,0,3,0,0.0994888,0.802511,1.43206,1.27464,22.5983
148,100,0.1,0.2,100,1,500,4,1,0.1,0.3,2.5,1,2,1,0,-0.469972,0.605124,2.07074,2.06605,105.392
148,100,0.1,0.2,100,1,500,4,1,0.1,0.3,2.5,1,2,2,0,-1.38541,0.499539,3.36031,2.61848,105.88
148,100,0.1,0.2,100,1,500,4,1,0.1,0.3,2.5,1,2,3,0,-0.061184,0.715594,1.49488,1.48805,16.9329
149,100,0.1,0.2,100,1,500,4,1,0.1,0.3,2.5,0,1,1,0,-14.1621,0.709881,12.5953,0.813032,33.4901
149,100,0.1,0.2,100,1,500,4,1,0.1,0.3,2.5,0,1,2,0,-14.1621,0.709881,12.5953,0.813032,31.9184
149,100,0.1,0.2,100,1,500,4,1,0.1,0.3,2.5,0,1,3,0,0.0985369,0.764349,0.748856,0.660392,19.5713
150,100,0.1,0.2,100,1,500,4,1,0.1,0.3,2.5,0,3,1,0,-7.28384e+06,0.80077,4.10043e+06,0.543986,124.832
150,100,0.1,0.2,100,1,500,4,1,0.1,0.3,2.5,0,3,2,0,-7.28384e+06,0.80077,4.10043e+06,0.543986,126.975
150,100,0.1,0.2,100,1,500,4,1,0.1,0.3,2.5,0,3,3,0,-0.00397812,0.793355,0.565188,0.564234,10.9673
151,100,0.1,0.2,100,1,500,4,1,0.1,0.3,2.5,0,0,1,0,-30.5949,0.761357,22.3622,0.68989,106.983
151,100,0.1,0.2,100,1,500,4,1,0.1,0.3,2.5,0,0,2,0,-3.5289,0.750074,3.20545,0.722508,106.776
151,100,0.1,0.2,100,1,500,4,1,0.1,0.3,2.5,0,0,3,0,0.0304683,0.777073,0.686212,0.644455,13.7345
152,100,0.1,0.2,100,1,500,4,1,0.1,0.3,2.5,0,2,1,0,-0.621198,0.770414,1.18967,0.646295,108.117
152,100,0.1,0.2,100,1,500,4,1,0.1,0.3,2.5,0,2,2,0,-1.953,0.763716,2.16697,0.665151,109.438
152,100,0.1,0.2,100,1,500,4,1,0.1,0.3,2.5,0,2,3,0,0.0107943,0.759228,0.725898,0.677783,16.367
153,100,0.1,0.2,100,1,500,4,1,0.1,0.5,2.5,1,1,1,0,-1.43976,0.746733,5.26233,2.66181,512.276
153,100,0.1,0.2,100,1,500,4,1,0.1,0.5,2.5,1,1,2,0,-0.0363236,0.842828,2.23525,1.65186,585.592
153,100,0.1,0.2,100,1,500,4,1,0.1,0.5,2.5,1,1,3,0,0.248665,0.877247,1.62056,1.29012,21.2444
154,100,0.1,0.2,100,1,500,4,1,0.1,0.5,2.5,1,3,1,0,-12.2522,0.767643,25.9625,2.39739,594.975
154,100,0.1,0.2,100,1,500,4,1,0.1,0.5,2.5,1,3,2,0,-22.4803,0.797414,46.0007,2.09022,594.26
154,100,0.1,0.2,100,1,500,4,1,0.1,0.5,2.5,1,3,3,0,0.291152,0.897966,1.38872,1.05275,20.8499
155,100,0.1,0.2,100,1,500,4,1,0.1,0.5,2.5,1,0,1,0,-720.961,0.774236,1396.36,2,1600.85
155,100,0.1,0.2,100,1,500,4,1,0.1,0.5,2.5,1,0,2,0,-0.0789793,0.771531,2.08688,2.02396,2937.7
155,100,0.1,0.2,100,1,500,4,1,0.1,0.5,2.5,1,0,3,0,0.189536,0.852093,1.56754,1.31028,20.4809
156,100,0.1,0.2,100,1,500,4,1,0.1,0.5,2.5,1,2,1,0,-0.207242,0.692776,3.2306,3.03504,1572.67
156,100,0.1,0.2,100,1,500,4,1,0.1,0.5,2.5,1,2,2,0,-12.3148,0.677048,35.6306,3.19042,1665.21
156,100,0.1,0.2,100,1,500,4,1,0.1,0.5,2.5,1,2,3,0,0.179437,0.841005,2.19584,1.5707,32.3864
157,100,0.1,0.2,100,1,500,4,1,0.1,0.5,2.5,0,1,1,0,-6.30672,0.732685,6.9125,0.957369,303.884
157,100,0.1,0.2,100,1,500,4,1,0.1,0.5,2.5,0,1,2,0,-6.30672,0.732685,6.9125,0.957369,282.173
157,100,0.1,0.2,100,1,500,4,1,0.1,0.5,2.5,0,1,3,0,0.0111592,0.743663,0.93549,0.918053,17.0693
158,100,0.1,0.2,100,1,500,4,1,0.1,0.5,2.5,0,3,1,0,-15.865,0.768374,15.2442,0.820778,147.089
158,100,0.1,0.2,100,1,500,4,1,0.1,0.5,2.5,0,3,2,0,-15.865,0.768374,15.2442,0.820778,235.623
158,100,0.1,0.2,100,1,500,4,1,0.1,0.5,2.5,0,3,3,0,-0.000805394,0.746874,0.904619,0.896965,21.0397
159,100,0.1,0.2,100,1,500,4,1,0.1,0.5,2.5,0,0,1,0,-2.76501,0.73763,3.64147,0.975086,285.293
159,100,0.1,0.2,100,1,500,4,1,0.1,0.5,2.5,0,0,2,0,-2.84362,0.745072,3.7175,0.947427,406.129
159,100,0.1,0.2,100,1,500,4,1,0.1,0.5,2.5,0,0,3,0,0.00649692,0.744269,0.960904,0.950411,18.091
160,100,0.1,0.2,100,1,500,4,1,0.1,0.5,2.5,0,2,1,0,-17.4171,0.703857,16.5561,1.15003,622.833
160,100,0.1,0.2,100,1,500,4,1,0.1,0.5,2.5,0,2,2,0,-50.5676,0.693691,46.3568,1.18951,585.152
160,100,0.1,0.2,100,1,500,4,1,0.1,0.5,2.5,0,2,3,0,0.000234845,0.768618,0.898741,0.898545,18.4524
161,100,0.1,0.2,100,1,500,4,1,0.3,0,2.5,1,1,1,0,-3.16848e+07,0.836247,3.07262e+06,0.204626,203.849
161,100,0.1,0.2,100,1,500,4,1,0.3,0,2.5,1,1,2,0,-41.8419,0.819013,4.15458,0.226161,151.372
161,100,0.1,0.2,100,1,500,4,1,0.3,0,2.5,1,1,3,0,0.0550499,0.927202,0.0916361,0.0909685,10.5868
162,100,0.1,0.2,100,1,500,4,1,0.3,0,2.5,1,3,1,0,-7.97581,0.887328,1.79179,0.125591,142.817
162,100,0.1,0.2,100,1,500,4,1,0.3,0,2.5,1,3,2,0,-7.97581,0.887328,1.79179,0.125591,103.981
162,100,0.1,0.2,100,1,500,4,1,0.3,0,2.5,1,3,3,0,0.45676,0.913983,0.108444,0.0958799,9.40876
163,100,0.1,0.2,100,1,500,4,1,0.3,0,2.5,1,0,1,0,-76.4679,0.932783,22.7308,0.086974,230.219
163,100,0.1,0.2,100,1,500,4,1,0.3,0,2.5,1,0,2,0,0.18736,0.890826,0.238447,0.141263,230.526
163,100,0.1,0.2,100,1,500,4,1,0.3,0,2.5,1,0,3,0,0.626837,0.931093,0.109495,0.0891611,9.25827
164,100,0.1,0.2,100,1,500,4,1,0.3,0,2.5,1,2,1,0,-0.626704,0.908106,0.43549,0.108811,229.17
164,100,0.1,0.2,100,1,500,4,1,0.3,0,2.5,1,2,2,0,0.390496,0.919,0.163172,0.0959107,231.44
164,100,0.1,0.2,100,1,500,4,1,0.3,0,2.5,1,2,3,0,0.58082,0.921881,0.11222,0.0924999,9.34272
165,100,0.1,0.2,100,1,500,4,1,0.3,0,2.5,0,1,1,0,-0.438221,0.907973,0.350702,0.116792,105.909
165,100,0.1,0.2,100,1,500,4,1,0.3,0,2.5,0,1,2,0,0.226364,0.921917,0.188647,0.0990948,100.39
165,100,0.1,0.2,100,1,500,4,1,0.3,0,2.5,0,1,3,0,0.585202,0.93175,0.101146,0.0866155,8.58192
166,100,0.1,0.2,100,1,500,4,1,0.3,0,2.5,0,3,1,0,-31.3291,0.872832,8.83704,0.1454,127.895
166,100,0.1,0.2,100,1,500,4,1,0.3,0,2.5,0,3,2,0,-345.562,0.887649,94.7315,0.128459,127.258
166,100,0.1,0.2,100,1,500,4,1,0.3,0,2.5,0,3,3,0,0.592958,0.921199,0.111264,0.0900992,8.50923
167,100,0.1,0.2,100,1,500,4,1,0.3,0,2.5,0,0,1,0,-3.2922,0.915395,2.23808,0.0973722,104.188
167,100,0.1,0.2,100,1,500,4,1,0.3,0,2.5,0,0,2,0,-7.13926,0.917726,4.24405,0.0946892,104.788
167,100,0.1,0.2,100,1,500,4,1,0.3,0,2.5,0,0,3,0,0.681387,0.918929,0.166134,0.093304,11.0354
168,100,0.1,0.2,100,1,500,4,1,0.3,0,2.5,0,2,1,0,-0.436764,0.934655,0.503511,0.0892858,103.484
168,100,0.1,0.2,100,1,500,4,1,0.3,0,2.5,0,2,2,0,-2.30978,0.929229,1.1599,0.0966993,103.382
168,100,0.1,0.2,100,1,500,4,1,0.3,0,2.5,0,2,3,0,0.636218,0.927369,0.127487,0.0992408,11.4248
169,100,0.1,0.2,100,1,500,4,1,0.3,0.1,2.5,1,1,1,0,-89.0812,0.752165,72.3806,0.784618,221.176
169,100,0.1,0.2,100,1,500,4,1,0.3,0.1,2.5,1,1,2,0,-1.45439,0.733741,1.97211,0.842944,219.569
169,100,0.1,0.2,100,1,500,4,1,0.3,0.1,2.5,1,1,3,0,-0.0201631,0.746144,0.819705,0.803677,11.1702
170,100,0.1,0.2,100,1,500,4,1,0.3,0.1,2.5,1,3,1,0,-0.0405955,0.722562,0.826951,0.813685,130.664
170,100,0.1,0.2,100,1,500,4,1,0.3,0.1,2.5,1,3,2,0,-5.13598,0.804652,4.8762,0.572926,129.879
170,100,0.1,0.2,100,1,500,4,1,0.3,0.1,2.5,1,3,3,0,0.00381853,0.766177,0.791656,0.685768,18.2831
171,100,0.1,0.2,100,1,500,4,1,0.3,0.1,2.5,1,0,1,0,-26262,0.790455,19507.1,0.673212,321.069
171,100,0.1,0.2,100,1,500,4,1,0.3,0.1,2.5,1,0,2,0,-491.423,0.790127,365.751,0.674264,216.189
171,100,0.1,0.2,100,1,500,4,1,0.3,0.1,2.5,1,0,3,0,0.00265459,0.769754,0.740787,0.739717,11.4778
172,100,0.1,0.2,100,1,500,4,1,0.3,0.1,2.5,1,2,1,0,-51.7461,0.75893,49.5681,0.777624,313.316
172,100,0.1,0.2,100,1,500,4,1,0.3,0.1,2.5,1,2,2,0,-24.535,0.769631,23.9965,0.743106,208.935
172,100,0.1,0.2,100,1,500,4,1,0.3,0.1,2.5,1,2,3,0,0.00988179,0.717374,0.930462,0.911672,17.3058
173,100,0.1,0.2,100,1,500,4,1,0.3,0.1,2.5,0,1,1,0,-2123.84,0.863658,692.898,0.265329,131.212
173,100,0.1,0.2,100,1,500,4,1,0.3,0.1,2.5,0,1,2,0,-3487.76,0.446316,1137.67,1.0775,158.809
173,100,0.1,0.2,100,1,500,4,1,0.3,0.1,2.5,0,1,3,0,0.0248166,0.838115,0.318002,0.315038,9.01722
174,100,0.1,0.2,100,1,500,4,1,0.3,0.1,2.5,0,3,1,0,-6.57942,0.852923,5.49391,0.284389,126.995
174,100,0.1,0.2,100,1,500,4,1,0.3,0.1,2.5,0,3,2,0,-10.6505,0.839376,8.44478,0.310583,126.1
174,100,0.1,0.2,100,1,500,4,1,0.3,0.1,2.5,0,3,3,0,0.271093,0.821525,0.528345,0.345101,16.3971
175,100,0.1,0.2,100,1,500,4,1,0.3,0.1,2.5,0,0,1,0,-0.721664,0.825386,1.2305,0.316173,208.558
175,100,0.1,0.2,100,1,500,4,1,0.3,0.1,2.5,0,0,2,0,-10.975,0.839547,8.5587,0.290531,209.23
175,100,0.1,0.2,100,1,500,4,1,0.3,0.1,2.5,0,0,3,0,0.249239,0.818445,0.53658,0.32874,16.6609
176,100,0.1,0.2,100,1,500,4,1,0.3,0.1,2.5,0,2,1,0,-15.1851,0.831772,9.21606,0.321203,324.593
176,100,0.1,0.2,100,1,500,4,1,0.3,0.1,2.5,0,2,2,0,-3.50852,0.823026,2.56722,0.337902,321.871
176,100,0.1,0.2,100,1,500,4,1,0.3,0.1,2.5,0,2,3,0,0.303791,0.841924,0.396432,0.30182,16.3125
177,100,0.1,0.2,100,1,500,4,1,0.3,0.3,2.5,1,1,1,0,-0.206071,0.731591,2.01196,1.82314,252.144
177,100,0.1,0.2,100,1,500,4,1,0.3,0.3,2.5,1,1,2,0,-2079.03,0.758974,3469.89,1.63714,302.872
177,100,0.1,0.2,100,1,500,4,1,0.3,0.3,2.5,1,1,3,0,0.0638315,0.779994,1.56171,1.49437,23.5134
178,100,0.1,0.2,100,1,500,4,1,0.3,0.3,2.5,1,3,1,0,-40.1597,0.579447,61.1946,2.72891,378.391
178,100,0.1,0.2,100,1,500,4,1,0.3,0.3,2.5,1,3,2,0,-40.1597,0.579447,61.1946,2.72891,381.036
178,100,0.1,0.2,100,1,500,4,1,0.3,0.3,2.5,1,3,3,0,0.0945538,0.811803,1.34618,1.22119,23.3046
179,100,0.1,0.2,100,1,500,4,1,0.3,0.3,2.5,1,0,1,0,-19.5006,0.743235,31.5114,1.63058,950.628
179,100,0.1,0.2,100,1,500,4,1,0.3,0.3,2.5,1,0,2,0,-3.6949,0.749731,7.21653,1.58933,819.365
179,100,0.1,0.2,100,1,500,4,1,0.3,0.3,2.5,1,0,3,0,0.0692541,0.788485,1.43065,1.34322,17.8175
180,100,0.1,0.2,100,1,500,4,1,0.3,0.3,2.5,1,2,1,0,-1.44403,0.68224,3.16073,1.72873,908.948
180,100,0.1,0.2,100,1,500,4,1,0.3,0.3,2.5,1,2,2,0,-26.1611,0.634591,35.126,1.98795,918.922
180,100,0.1,0.2,100,1,500,4,1,0.3,0.3,2.5,1,2,3,0,0.0366322,0.780864,1.24587,1.19218,33.5876
181,100,0.1,0.2,100,1,500,4,1,0.3,0.3,2.5,0,1,1,0,-1.05666,0.541719,1.60867,1.28308,306.669
181,100,0.1,0.2,100,1,500,4,1,0.3,0.3,2.5,0,1,2,0,-1.05666,0.541719,1.60867,1.28308,271.949
181,100,0.1,0.2,100,1,500,4,1,0.3,0.3,2.5,0,1,3,0,0.050646,0.753508,0.742562,0.69012,19.2138
182,100,0.1,0.2,100,1,500,4,1,0.3,0.3,2.5,0,3,1,0,-144.474,0.764124,122.759,0.757491,306.418
182,100,0.1,0.2,100,1,500,4,1,0.3,0.3,2.5,0,3,2,0,-144.474,0.764124,122.759,0.757491,261.474
182,100,0.1,0.2,100,1,500,4,1,0.3,0.3,2.5,0,3,3,0,0.0436825,0.762369,0.80699,0.763128,19.5543
183,100,0.1,0.2,100,1,500,4,1,0.3,0.3,2.5,0,0,1,0,-53.7951,0.76972,40.1868,0.640024,541.195
183,100,0.1,0.2,100,1,500,4,1,0.3,0.3,2.5,0,0,2,0,-2.84913,0.770024,2.82295,0.63918,573.624
183,100,0.1,0.2,100,1,500,4,1,0.3,0.3,2.5,0,0,3,0,0.124727,0.805461,0.641926,0.540689,18.225
184,100,0.1,0.2,100,1,500,4,1,0.3,0.3,2.5,0,2,1,0,-0.271916,0.74021,0.687636,0.662726,720.278
184,100,0.1,0.2,100,1,500,4,1,0.3,0.3,2.5,0,2,2,0,-5644.72,0.745812,3052.25,0.648436,692.184
184,100,0.1,0.2,100,1,500,4,1,0.3,0.3,2.5,0,2,3,0,0.00209597,0.79252,0.539497,0.529283,15.0854
185,100,0.1,0.2,100,1,500,4,1,0.3,0.5,2.5,1,1,1,0,-1.14729,0.663362,4.63381,2.74164,528.125
185,100,0.1,0.2,100,1,500,4,1,0.3,0.5,2.5,1,1,2,0,-1.14729,0.663362,4.63381,2.74164,511.619
185,100,0.1,0.2,100,1,500,4,1,0.3,0.5,2.5,1,1,3,0,0.180211,0.835675,1.76909,1.33829,23.6843
186,100,0.1,0.2,100,1,500,4,1,0.3,0.5,2.5,1,3,1,0,-1.6616,0.662513,6.62031,3.12634,516.4
186,100,0.1,0.2,100,1,500,4,1,0.3,0.5,2.5,1,3,2,0,-4.42934,0.6823,13.5046,2.94304,548.813
186,100,0.1,0.2,100,1,500,4,1,0.3,0.5,2.5,1,3,3,0,0.101271,0.806798,2.23545,1.78975,29.8157
187,100,0.1,0.2,100,1,500,4,1,0.3,0.5,2.5,1,0,1,0,-80.5165,0.684607,101.868,3.20249,1642.65
187,100,0.1,0.2,100,1,500,4,1,0.3,0.5,2.5,1,0,2,0,-1.62248,0.815535,3.2772,1.87305,1557.07
187,100,0.1,0.2,100,1,500,4,1,0.3,0.5,2.5,1,0,3,0,0.130216,0.898418,1.08693,1.03146,17.2892
188,100,0.1,0.2,100,1,500,4,1,0.3,0.5,2.5,1,2,1,0,-0.741524,0.544568,2.83677,2.75074,1443.12
188,100,0.1,0.2,100,1,500,4,1,0.3,0.5,2.5,1,2,2,0,-4042.47,0.818392,6586.42,1.09689,1481.64
188,100,0.1,0.2,100,1,500,4,1,0.3,0.5,2.5,1,2,3,0,-0.0107624,0.751561,1.64643,1.50053,34.4946
189,100,0.1,0.2,100,1,500,4,1,0.3,0.5,2.5,0,1,1,0,-0.0338453,0.711748,1.14662,1.13458,374.161
189,100,0.1,0.2,100,1,500,4,1,0.3,0.5,2.5,0,1,2,0,-0.0338453,0.711748,1.14662,1.13458,374.745
189,100,0.1,0.2,100,1,500,4,1,0.3,0.5,2.5,0,1,3,0,0.0222332,0.729401,1.08442,1.0651,18.208
190,100,0.1,0.2,100,1,500,4,1,0.3,0.5,2.5,0,3,1,0,-22191.9,0.74455,24363.4,1.0762,407.325
190,100,0.1,0.2,100,1,500,4,1,0.3,0.5,2.5,0,3,2,0,-12.1327,0.734358,14.4171,1.11914,379.355
190,100,0.1,0.2,100,1,500,4,1,0.3,0.5,2.5,0,3,3,0,0.0104958,0.744476,1.08628,1.07652,17.4483
191,100,0.1,0.2,100,1,500,4,1,0.3,0.5,2.5,0,0,1,0,-48.8324,0.774013,59.176,0.942529,2367.61
191,100,0.1,0.2,100,1,500,4,1,0.3,0.5,2.5,0,0,2,0,-0.387488,0.679852,1.64764,1.33525,1190.46
191,100,0.1,0.2,100,1,500,4,1,0.3,0.5,2.5,0,0,3,0,0.000210587,0.719199,1.18725,1.17114,20.9522
192,100,0.1,0.2,100,1,500,4,1,0.3,0.5,2.5,0,2,1,0,-1.14005,0.761861,1.88178,0.860103,1006.99
192,100,0.1,0.2,100,1,500,4,1,0.3,0.5,2.5,0,2,2,0,-4.83808,0.754975,5.13353,0.884974,1038.17
192,100,0.1,0.2,100,1,500,4,1,0.3,0.5,2.5,0,2,3,0,-0.00107572,0.757377,0.880263,0.876299,18.3691
193,100,0.1,0.2,100,1,500,4,1,0.5,0,2.5,1,1,1,0,-56912.6,0.857157,32422.3,0.257463,283.885
193,100,0.1,0.2,100,1,500,4,1,0.5,0,2.5,1,1,2,0,-232.816,0.654304,133.199,0.623088,274.904
193,100,0.1,0.2,100,1,500,4,1,0.5,0,2.5,1,1,3,0,0.413624,0.859874,0.334044,0.252566,12.164
194,100,0.1,0.2,100,1,500,4,1,0.5,0,2.5,1,3,1,0,-1.62766,0.839588,0.700827,0.27107,271.027
194,100,0.1,0.2,100,1,500,4,1,0.5,0,2.5,1,3,2,0,-9.75301,0.692127,2.86795,0.520253,271.605
194,100,0.1,0.2,100,1,500,4,1,0.5,0,2.5,1,3,3,0,0.0769474,0.857499,0.246188,0.240802,12.4954
195,100,0.1,0.2,100,1,500,4,1,0.5,0,2.5,1,0,1,0,-25749.2,0.864217,6367.5,0.236465,676.001
195,100,0.1,0.2,100,1,500,4,1,0.5,0,2.5,1,0,2,0,-0.00945792,0.86023,0.249618,0.243408,676.206
195,100,0.1,0.2,100,1,500,4,1,0.5,0,2.5,1,0,3,0,0.0357858,0.864781,0.238431,0.235482,12.0775
196,100,0.1,0.2,100,1,500,4,1,0.5,0,2.5,1,2,1,0,-16733.6,0.848251,4022.71,0.263775,674.834
196,100,0.1,0.2,100,1,500,4,1,0.5,0,2.5,1,2,2,0,-2.02559e+07,0.861199,4.86918e+06,0.241268,674.438
196,100,0.1,0.2,100,1,500,4,1,0.5,0,2.5,1,2,3,0,0.0477203,0.870029,0.228912,0.22592,12.069
197,100,0.1,0.2,100,1,500,4,1,0.5,0,2.5,0,1,1,0,-0.0934415,0.64903,0.612864,0.612397,272.689
197,100,0.1,0.2,100,1,500,4,1,0.5,0,2.5,0,1,2,0,-9.20632,0.624906,5.72055,0.654491,308.298
197,100,0.1,0.2,100,1,500,4,1,0.5,0,2.5,0,1,3,0,0.3969,0.855097,0.338032,0.252837,15.2747
198,100,0.1,0.2,100,1,500,4,1,0.5,0,2.5,0,3,1,0,-3.099,0.743074,1.13466,0.454868,250.549
198,100,0.1,0.2,100,1,500,4,1,0.5,0,2.5,0,3,2,0,-22.3098,0.659174,6.45251,0.603406,219.701
198,100,0.1,0.2,100,1,500,4,1,0.5,0,2.5,0,3,3,0,0.073317,0.857975,0.25652,0.251445,11.1512
199,100,0.1,0.2,100,1,500,4,1,0.5,0,2.5,0,0,1,0,-1.73753,0.836356,0.980842,0.297005,623.069
199,100,0.1,0.2,100,1,500,4,1,0.5,0,2.5,0,0,2,0,-3.09173,0.851028,1.46604,0.270375,620.299
199,100,0.1,0.2,100,1,500,4,1,0.5,0,2.5,0,0,3,0,0.18073,0.848711,0.29354,0.27458,11.132
200,100,0.1,0.2,100,1,500,4,1,0.5,0,2.5,0,2,1,0,-2.29253,0.823603,2.14019,0.326726,619.49
200,100,0.1,0.2,100,1,500,4,1,0.5,0,2.5,0,2,2,0,-39.4509,0.832464,26.2936,0.310314,620.529
200,100,0.1,0.2,100,1,500,4,1,0.5,0,2.5,0,2,3,0,0.371607,0.839356,0.408464,0.297548,13.5999
201,100,0.1,0.2,100,1,500,4,1,0.5,0.1,2.5,1,1,1,0,-19529.4,0.629171,17548.8,1.31922,249.127
201,100,0.1,0.2,100,1,500,4,1,0.5,0.1,2.5,1,1,2,0,-0.515489,0.746907,1.36173,0.900374,249.897
201,100,0.1,0.2,100,1,500,4,1,0.5,0.1,2.5,1,1,3,0,-0.0207264,0.742735,0.917164,0.915213,13.5086
202,100,0.1,0.2,100,1,500,4,1,0.5,0.1,2.5,1,3,1,0,-245.448,0.684827,186.739,1.0123,248.112
202,100,0.1,0.2,100,1,500,4,1,0.5,0.1,2.5,1,3,2,0,-144.666,0.724937,110.374,0.883472,249.386
202,100,0.1,0.2,100,1,500,4,1,0.5,0.1,2.5,1,3,3,0,-0.0106916,0.762019,0.765823,0.76437,8.43117
203,100,0.1,0.2,100,1,500,4,1,0.5,0.1,2.5,1,0,1,0,-15.8097,0.76023,16.182,0.865801,728.345
203,100,0.1,0.2,100,1,500,4,1,0.5,0.1,2.5,1,0,2,0,-111.979,0.713653,108.761,1.03399,722.242
203,100,0.1,0.2,100,1,500,4,1,0.5,0.1,2.5,1,0,3,0,-0.0103494,0.737716,0.972621,0.947101,16.2622
204,100,0.1,0.2,100,1,500,4,1,0.5,0.1,2.5,1,2,1,0,-4.73211,0.721675,4.53617,0.92852,759.243
204,100,0.1,0.2,100,1,500,4,1,0.5,0.1,2.5,1,2,2,0,-0.219145,0.761511,0.964784,0.795623,786.562
204,100,0.1,0.2,100,1,500,4,1,0.5,0.1,2.5,1,2,3,0,-0.0251198,0.762254,0.81124,0.793146,17.9703
205,100,0.1,0.2,100,1,500,4,1,0.5,0.1,2.5,0,1,1,0,-0.778608,0.779516,1.0851,0.498186,272.131
205,100,0.1,0.2,100,1,500,4,1,0.5,0.1,2.5,0,1,2,0,-44.4457,0.744936,27.7257,0.576319,272.963
205,100,0.1,0.2,100,1,500,4,1,0.5,0.1,2.5,0,1,3,0,0.112508,0.790453,0.541444,0.473475,17.6594
206,100,0.1,0.2,100,1,500,4,1,0.5,0.1,2.5,0,3,1,0,-5.23473,0.773673,3.38974,0.532905,272.974
206,100,0.1,0.2,100,1,500,4,1,0.5,0.1,2.5,0,3,2,0,-5.23473,0.773673,3.38974,0.532905,256.755
206,100,0.1,0.2,100,1,500,4,1,0.5,0.1,2.5,0,3,3,0,0.0642693,0.795112,0.508745,0.482425,14.1441
207,100,0.1,0.2,100,1,500,4,1,0.5,0.1,2.5,0,0,1,0,-0.740091,0.612507,1.2462,0.908138,728.128
207,100,0.1,0.2,100,1,500,4,1,0.5,0.1,2.5,0,0,2,0,-9.11384,0.809412,7.24322,0.446668,722.574
207,100,0.1,0.2,100,1,500,4,1,0.5,0.1,2.5,0,0,3,0,0.102248,0.760245,0.642942,0.561897,16.8477
208,100,0.1,0.2,100,1,500,4,1,0.5,0.1,2.5,0,2,1,0,-0.681003,0.739383,0.845843,0.624945,727.205
208,100,0.1,0.2,100,1,500,4,1,0.5,0.1,2.5,0,2,2,0,-0.0448339,0.78388,0.525737,0.518243,622.76
208,100,0.1,0.2,100,1,500,4,1,0.5,0.1,2.5,0,2,3,0,0.00272885,0.792536,0.501805,0.497487,11.2545
209,100,0.1,0.2,100,1,500,4,1,0.5,0.3,2.5,1,1,1,0,-5.55438,0.828348,10.9216,1.06337,374.867
209,100,0.1,0.2,100,1,500,4,1,0.5,0.3,2.5,1,1,2,0,-4094.1,0.628284,6823.68,2.30273,396.341
209,100,0.1,0.2,100,1,500,4,1,0.5,0.3,2.5,1,1,3,0,0.0214525,0.746436,1.63056,1.5708,23.4842
210,100,0.1,0.2,100,1,500,4,1,0.5,0.3,2.5,1,3,1,0,-54.8496,0.698865,77.5715,2.26062,479.223
210,100,0.1,0.2,100,1,500,4,1,0.5,0.3,2.5,1,3,2,0,-101.661,0.698384,142.589,2.26423,443.523
210,100,0.1,0.2,100,1,500,4,1,0.5,0.3,2.5,1,3,3,0,0.126355,0.854229,1.21344,1.09431,20.5996
211,100,0.1,0.2,100,1,500,4,1,0.5,0.3,2.5,1,0,1,0,-0.383545,0.726959,2.15544,1.71095,1244.09
211,100,0.1,0.2,100,1,500,4,1,0.5,0.3,2.5,1,0,2,0,-0.095168,0.794136,1.70618,1.29,1241.18
211,100,0.1,0.2,100,1,500,4,1,0.5,0.3,2.5,1,0,3,0,0.0693642,0.789292,1.44985,1.32036,23.0096
212,100,0.1,0.2,100,1,500,4,1,0.5,0.3,2.5,1,2,1,0,-0.0609475,0.72053,2.05701,2.02396,1191.1
212,100,0.1,0.2,100,1,500,4,1,0.5,0.3,2.5,1,2,2,0,-7.01517,0.84597,15.5402,1.11551,1130.34
212,100,0.1,0.2,100,1,500,4,1,0.5,0.3,2.5,1,2,3,0,0.0124474,0.737283,1.91471,1.90263,11.1263
213,100,0.1,0.2,100,1,500,4,1,0.5,0.3,2.5,0,1,1,0,-243.969,0.726455,205.225,1.04165,349.277
213,100,0.1,0.2,100,1,500,4,1,0.5,0.3,2.5,0,1,2,0,-22.546,0.671413,19.7259,1.25124,311.795
213,100,0.1,0.2,100,1,500,4,1,0.5,0.3,2.5,0,1,3,0,-0.00878872,0.778836,0.845122,0.84218,14.3672
214,100,0.1,0.2,100,1,500,4,1,0.5,0.3,2.5,0,3,1,0,-22.1447,0.702551,20.482,1.08825,309.456
214,100,0.1,0.2,100,1,500,4,1,0.5,0.3,2.5,0,3,2,0,-69.2724,0.748378,62.1876,0.920586,356.535
214,100,0.1,0.2,100,1,500,4,1,0.5,0.3,2.5,0,3,3,0,-0.00649096,0.757594,0.890695,0.886867,14.761
215,100,0.1,0.2,100,1,500,4,1,0.5,0.3,2.5,0,0,1,0,-0.929726,0.747613,1.68307,0.932448,1025.48
215,100,0.1,0.2,100,1,500,4,1,0.5,0.3,2.5,0,0,2,0,-0.229231,0.75915,1.07211,0.889823,1130.57
215,100,0.1,0.2,100,1,500,4,1,0.5,0.3,2.5,0,0,3,0,0.000941131,0.768912,0.87136,0.853758,20.7929
216,100,0.1,0.2,100,1,500,4,1,0.5,0.3,2.5,0,2,1,0,-0.245037,0.732919,1.23436,0.961205,1237.46
216,100,0.1,0.2,100,1,500,4,1,0.5,0.3,2.5,0,2,2,0,-0.395478,0.728612,1.38351,0.976707,1147.2
216,100,0.1,0.2,100,1,500,4,1,0.5,0.3,2.5,0,2,3,0,0.00134802,0.725391,0.99009,0.988299,14.0747
217,100,0.1,0.2,100,1,500,4,1,0.5,0.5,2.5,1,1,1,0,-3.79637,0.736866,14.3303,2.88425,663.686
217,100,0.1,0.2,100,1,500,4,1,0.5,0.5,2.5,1,1,2,0,-20.5969,0.715978,64.5262,3.11321,1844.5
217,100,0.1,0.2,100,1,500,4,1,0.5,0.5,2.5,1,1,3,0,0.0811141,0.789853,2.7454,2.30345,25.8059
218,100,0.1,0.2,100,1,500,4,1,0.5,0.5,2.5,1,3,1,0,-0.627379,0.782355,3.24091,2.31919,613.823
218,100,0.1,0.2,100,1,500,4,1,0.5,0.5,2.5,1,3,2,0,-105.001,0.272281,211.099,7.75443,663.373
218,100,0.1,0.2,100,1,500,4,1,0.5,0.5,2.5,1,3,3,0,0.253536,0.890791,1.48657,1.16371,22.2051
219,100,0.1,0.2,100,1,500,4,1,0.5,0.5,2.5,1,0,1,0,-0.250669,0.718469,3.79215,3.23448,2609.06
219,100,0.1,0.2,100,1,500,4,1,0.5,0.5,2.5,1,0,2,0,-161.103,0.754659,491.51,2.8187,2049.44
219,100,0.1,0.2,100,1,500,4,1,0.5,0.5,2.5,1,0,3,0,0.205535,0.862726,2.40889,1.57712,36.8477
220,100,0.1,0.2,100,1,500,4,1,0.5,0.5,2.5,1,2,1,0,-0.82745,0.893146,3.88429,1.15483,1733.45
220,100,0.1,0.2,100,1,500,4,1,0.5,0.5,2.5,1,2,2,0,-6500.48,0.765567,13819,2.53363,1840.58
220,100,0.1,0.2,100,1,500,4,1,0.5,0.5,2.5,1,2,3,0,0.307257,0.894196,1.47244,1.14348,26.7643
221,100,0.1,0.2,100,1,500,4,1,0.5,0.5,2.5,0,1,1,0,-25.6817,0.597243,29.3309,1.89247,418.399
221,100,0.1,0.2,100,1,500,4,1,0.5,0.5,2.5,0,1,2,0,-0.0826547,0.755383,1.19015,1.1494,387.044
221,100,0.1,0.2,100,1,500,4,1,0.5,0.5,2.5,0,1,3,0,0.0111148,0.771095,1.08707,1.07558,16.7319
222,100,0.1,0.2,100,1,500,4,1,0.5,0.5,2.5,0,3,1,0,-23.4581,0.630504,29.7009,1.88135,418.192
222,100,0.1,0.2,100,1,500,4,1,0.5,0.5,2.5,0,3,2,0,-23.4581,0.630504,29.7009,1.88135,446.84
222,100,0.1,0.2,100,1,500,4,1,0.5,0.5,2.5,0,3,3,0,0.0172559,0.768089,1.1934,1.18082,17.8147
223,100,0.1,0.2,100,1,500,4,1,0.5,0.5,2.5,0,0,1,0,-1.29535,0.767041,2.41384,1.01905,1291.35
223,100,0.1,0.2,100,1,500,4,1,0.5,0.5,2.5,0,0,2,0,-50.9486,0.716874,54.63,1.2385,1546.79
223,100,0.1,0.2,100,1,500,4,1,0.5,0.5,2.5,0,0,3,0,0.00497686,0.762328,1.04638,1.03966,23.2558
224,100,0.1,0.2,100,1,500,4,1,0.5,0.5,2.5,0,2,1,0,-4.03732,0.739972,4.68206,0.963753,1300.69
224,100,0.1,0.2,100,1,500,4,1,0.5,0.5,2.5,0,2,2,0,-0.434702,0.752177,1.33352,0.918517,1214.49
224,100,0.1,0.2,100,1,500,4,1,0.5,0.5,2.5,0,2,3,0,0.00234216,0.750464,0.927296,0.924866,16.4497
225,100,0.1,0.2,100,1,500,4,3,0,0,2.5,1,1,1,0,1,1,2.61403e-28,-4.05315e-16,54.5353
225,100,0.1,0.2,100,1,500,4,3,0,0,2.5,1,1,2,0,1,1,2.61403e-28,-4.05315e-16,55.421
225,100,0.1,0.2,100,1,500,4,3,0,0,2.5,1,1,3,0,1,1,1.17595e-17,-2.6526e-16,16.4558
226,100,0.1,0.2,100,1,500,4,3,0,0,2.5,1,3,1,0,1,1,4.52894e-30,-1.73334e-16,51.3133
226,100,0.1,0.2,100,1,500,4,3,0,0,2.5,1,3,2,0,1,1,4.52894e-30,-1.73334e-16,51.578
226,100,0.1,0.2,100,1,500,4,3,0,0,2.5,1,3,3,0,1,1,6.33778e-25,-5.97439e-16,11.3266
227,100,0.1,0.2,100,1,500,4,3,0,0,2.5,1,0,1,0,1,1,5.6857e-31,-4.74509e-16,237.255
227,100,0.1,0.2,100,1,500,4,3,0,0,2.5,1,0,2,0,1,1,6.13073e-31,-2.25153e-16,232.818
227,100,0.1,0.2,100,1,500,4,3,0,0,2.5,1,0,3,0,1,1,3.98868e-24,-1.28175e-16,11.3962
228,100,0.1,0.2,100,1,500,4,3,0,0,2.5,1,2,1,0,1,1,1.88578e-31,-2.73725e-16,227.722
228,100,0.1,0.2,100,1,500,4,3,0,0,2.5,1,2,2,0,1,1,8.3217e-31,-4.5286e-16,222.675
228,100,0.1,0.2,100,1,500,4,3,0,0,2.5,1,2,3,0,1,1,3.95316e-26,-3.9227e-16,11.1452
229,100,0.1,0.2,100,1,500,4,3,0,0,2.5,0,1,1,0,1,1,1.62655e-30,-4.53415e-16,56.5275
229,100,0.1,0.2,100,1,500,4,3,0,0,2.5,0,1,2,0,1,1,1.62655e-30,-4.53415e-16,54.01
229,100,0.1,0.2,100,1,500,4,3,0,0,2.5,0,1,3,0,1,1,1.45077e-22,-4.08229e-16,12.603
230,100,0.1,0.2,100,1,500,4,3,0,0,2.5,0,3,1,0,1,1,1.05368e-30,-7.08378e-16,52.8619
230,100,0.1,0.2,100,1,500,4,3,0,0,2.5,0,3,2,0,1,1,1.05368e-30,-7.08378e-16,50.4536
230,100,0.1,0.2,100,1,500,4,3,0,0,2.5,0,3,3,0,1,1,4.46435e-25,1.0566e-15,11.365
231,100,0.1,0.2,100,1,500,4,3,0,0,2.5,0,0,1,0,1,1,3.78506e-29,-9.11271e-16,229.555
231,100,0.1,0.2,100,1,500,4,3,0,0,2.5,0,0,2,0,1,1,2.82769e-30,-6.63025e-16,238.102
231,100,0.1,0.2,100,1,500,4,3,0,0,2.5,0,0,3,0,1,1,4.14529e-19,1.77636e-18,11.8221
232,100,0.1,0.2,100,1,500,4,3,0,0,2.5,0,2,1,0,1,1,3.85184e-30,5.30131e-18,244.275
232,100,0.1,0.2,100,1,500,4,3,0,0,2.5,0,2,2,0,1,1,2.67041e-30,-8.17735e-16,231.616
232,100,0.1,0.2,100,1,500,4,3,0,0,2.5,0,2,3,0,1,1,4.59187e-22,1.57652e-17,11.0343
233,100,0.1,0.2,100,1,500,4,3,0,0.1,2.5,1,1,1,0,-5.30698,0.662069,6.94797,1.575,43.0186
233,100,0.1,0.2,100,1,500,4,3,0,0.1,2.5,1,1,2,0,-5.30698,0.662069,6.94797,1.575,44.5286
233,100,0.1,0.2,100,1,500,4,3,0,0.1,2.5,1,1,3,0,0.0346799,0.775352,1.06343,1.04702,21.585
234,100,0.1,0.2,100,1,500,4,3,0,0.1,2.5,1,3,1,0,-6.19371,0.675037,8.14813,1.425,43.0166
234,100,0.1,0.2,100,1,500,4,3,0,0.1,2.5,1,3,2,0,-6.19371,0.675037,8.14813,1.425,45.0623
234,100,0.1,0.2,100,1,500,4,3,0,0.1,2.5,1,3,3,0,0.0168964,0.747835,1.11354,1.10577,22.5447
235,100,0.1,0.2,100,1,500,4,3,0,0.1,2.5,1,0,1,0,-8.04802,0.644227,10.2635,1.6125,212.055
235,100,0.1,0.2,100,1,500,4,3,0,0.1,2.5,1,0,2,0,-8.04802,0.644227,10.2635,1.6125,220.933
235,100,0.1,0.2,100,1,500,4,3,0,0.1,2.5,1,0,3,0,0.036671,0.762078,1.09274,1.07836,21.4741
236,100,0.1,0.2,100,1,500,4,3,0,0.1,2.5,1,2,1,0,-46.3281,0.602336,53.3604,1.9875,211.047
236,100,0.1,0.2,100,1,500,4,3,0,0.1,2.5,1,2,2,0,-46.3281,0.602336,53.3604,1.9875,207.331
236,100,0.1,0.2,100,1,500,4,3,0,0.1,2.5,1,2,3,0,0.0158632,0.780198,1.10957,1.09856,18.657
237,100,0.1,0.2,100,1,500,4,3,0,0.1,2.5,0,1,1,0,-1.58007,0.852463,2.33707,0.533807,45.3264
237,100,0.1,0.2,100,1,500,4,3,0,0.1,2.5,0,1,2,0,-1.58007,0.852463,2.33707,0.533807,48
237,100,0.1,0.2,100,1,500,4,3,0,0.1,2.5,0,1,3,0,-0.244441,0.849969,1.12723,0.542827,30.333
238,100,0.1,0.2,100,1,500,4,3,0,0.1,2.5,0,3,1,0,-22.7097,0.793341,22.9883,0.754246,46.9951
238,100,0.1,0.2,100,1,500,4,3,0,0.1,2.5,0,3,2,0,-22.7097,0.793341,22.9883,0.754246,46.1815
238,100,0.1,0.2,100,1,500,4,3,0,0.1,2.5,0,3,3,0,0.00846838,0.740199,0.961362,0.948198,18.0072
239,100,0.1,0.2,100,1,500,4,3,0,0.1,2.5,0,0,1,0,-2.98699,0.849174,3.5549,0.504858,204.878
239,100,0.1,0.2,100,1,500,4,3,0,0.1,2.5,0,0,2,0,-2.98699,0.849174,3.5549,0.504858,238.036
239,100,0.1,0.2,100,1,500,4,3,0,0.1,2.5,0,0,3,0,-0.194254,0.82761,1.06483,0.577039,51.3845
240,100,0.1,0.2,100,1,500,4,3,0,0.1,2.5,0,2,1,0,-10.0766,0.795253,10.1066,0.719844,213.135
240,100,0.1,0.2,100,1,500,4,3,0,0.1,2.5,0,2,2,0,-10.0766,0.795253,10.1066,0.719844,209.964
240,100,0.1,0.2,100,1,500,4,3,0,0.1,2.5,0,2,3,0,0.00857115,0.751341,0.904607,0.874227,18.4467
241,100,0.1,0.2,100,1,500,4,3,0,0.3,2.5,1,1,1,0,-4.27616,0.265725,12.8934,5.3625,37.3034
241,100,0.1,0.2,100,1,500,4,3,0,0.3,2.5,1,1,2,0,-14.0905,-1.10013,36.8771,15.3375,36.4288
241,100,0.1,0.2,100,1,500,4,3,0,0.3,2.5,1,1,3,0,0.398116,0.848462,1.47083,1.1067,21.956
242,100,0.1,0.2,100,1,500,4,3,0,0.3,2.5,1,3,1,0,-9.21765,0.383481,20.0339,4.95,40.6254
242,100,0.1,0.2,100,1,500,4,3,0,0.3,2.5,1,3,2,0,-9.21765,0.383481,20.0339,4.95,35.2995
242,100,0.1,0.2,100,1,500,4,3,0,0.3,2.5,1,3,3,0,0.343941,0.862248,1.28634,1.106,18.2875
243,100,0.1,0.2,100,1,500,4,3,0,0.3,2.5,1,0,1,0,-91.0808,0.313846,115.099,5.3625,172.077
243,100,0.1,0.2,100,1,500,4,3,0,0.3,2.5,1,0,2,0,-91.0808,0.313846,115.099,5.3625,165.045
243,100,0.1,0.2,100,1,500,4,3,0,0.3,2.5,1,0,3,0,0.162302,0.872145,1.04711,0.999222,19.2225
244,100,0.1,0.2,100,1,500,4,3,0,0.3,2.5,1,2,1,0,-11.5273,0.239106,20.8091,5.175,167.346
244,100,0.1,0.2,100,1,500,4,3,0,0.3,2.5,1,2,2,0,-11.5273,0.239106,20.8091,5.175,166.223
244,100,0.1,0.2,100,1,500,4,3,0,0.3,2.5,1,2,3,0,0.277326,0.84773,1.20044,1.03562,21.5261
245,100,0.1,0.2,100,1,500,4,3,0,0.3,2.5,0,1,1,0,-4.34902,0.580866,6.53659,2.02279,44.4881
245,100,0.1,0.2,100,1,500,4,3,0,0.3,2.5,0,1,2,0,-4.34902,0.580866,6.53659,2.02279,37.7207
245,100,0.1,0.2,100,1,500,4,3,0,0.3,2.5,0,1,3,0,0.0935886,0.784256,1.10765,1.0412,28.6691
246,100,0.1,0.2,100,1,500,4,3,0,0.3,2.5,0,3,1,0,-5.73469,0.573163,7.6345,1.93787,48.6688
246,100,0.1,0.2,100,1,500,4,3,0,0.3,2.5,0,3,2,0,-5.73469,0.573163,7.6345,1.93787,43.4197
246,100,0.1,0.2,100,1,500,4,3,0,0.3,2.5,0,3,3,0,0.05894,0.773997,1.06679,1.02607,32.9238
247,100,0.1,0.2,100,1,500,4,3,0,0.3,2.5,0,0,1,0,-19.2289,0.593236,20.659,1.82694,197.852
247,100,0.1,0.2,100,1,500,4,3,0,0.3,2.5,0,0,2,0,-19.2289,0.593236,20.659,1.82694,169.695
247,100,0.1,0.2,100,1,500,4,3,0,0.3,2.5,0,0,3,0,0.042661,0.790229,0.977695,0.942164,15.4908
248,100,0.1,0.2,100,1,500,4,3,0,0.3,2.5,0,2,1,0,-18.8682,0.620668,20.3065,1.75663,176.097
248,100,0.1,0.2,100,1,500,4,3,0,0.3,2.5,0,2,2,0,-18.8682,0.620668,20.3065,1.75663,169.64
248,100,0.1,0.2,100,1,500,4,3,0,0.3,2.5,0,2,3,0,0.0559338,0.799244,0.964894,0.929667,14.9952
249,100,0.1,0.2,100,1,500,4,3,0,0.5,2.5,1,1,1,0,-15.6864,0.0778824,41.1045,9.6375,29.8132
249,100,0.1,0.2,100,1,500,4,3,0,0.5,2.5,1,1,2,0,-15.6864,0.0778824,41.1045,9.6375,30.33
249,100,0.1,0.2,100,1,500,4,3,0,0.5,2.5,1,1,3,0,0.487565,0.900227,1.2623,1.04278,20.121
250,100,0.1,0.2,100,1,500,4,3,0,0.5,2.5,1,3,1,0,-20.354,-0.00043838,44.3963,9.1875,30.0895
250,100,0.1,0.2,100,1,500,4,3,0,0.5,2.5,1,3,2,0,-20.354,-0.00043838,44.3963,9.1875,30.6165
250,100,0.1,0.2,100,1,500,4,3,0,0.5,2.5,1,3,3,0,0.369719,0.875319,1.31039,1.145,20.4598
251,100,0.1,0.2,100,1,500,4,3,0,0.5,2.5,1,0,1,0,-6.95343,-0.857325,43.4791,22.9875,143.046
251,100,0.1,0.2,100,1,500,4,3,0,0.5,2.5,1,0,2,0,-2.46422,0.191018,18.9379,10.0125,141.336
251,100,0.1,0.2,100,1,500,4,3,0,0.5,2.5,1,0,3,0,0.652911,0.909597,1.89743,1.11889,22.6552
252,100,0.1,0.2,100,1,500,4,3,0,0.5,2.5,1,2,1,0,-5229.88,-0.776182,5101.35,21.1125,137.254
252,100,0.1,0.2,100,1,500,4,3,0,0.5,2.5,1,2,2,0,-2349.65,0.201823,2292.44,9.4875,134.204
252,100,0.1,0.2,100,1,500,4,3,0,0.5,2.5,1,2,3,0,0.0328967,0.92112,0.943155,0.937607,15.9685
253,100,0.1,0.2,100,1,500,4,3,0,0.5,2.5,0,1,1,0,-5.93848,0.463886,11.1659,3.41779,30.9366
253,100,0.1,0.2,100,1,500,4,3,0,0.5,2.5,0,1,2,0,-5.93848,0.463886,11.1659,3.41779,32.6913
253,100,0.1,0.2,100,1,500,4,3,0,0.5,2.5,0,1,3,0,0.238187,0.829764,1.22596,1.08528,20.2465
254,100,0.1,0.2,100,1,500,4,3,0,0.5,2.5,0,3,1,0,-4.81968,0.441648,10.742,3.53319,30.3308
254,100,0.1,0.2,100,1,500,4,3,0,0.5,2.5,0,3,2,0,-4.81968,0.441648,10.742,3.53319,32.8504
254,100,0.1,0.2,100,1,500,4,3,0,0.5,2.5,0,3,3,0,0.213867,0.801303,1.45105,1.25734,20.0864
255,100,0.1,0.2,100,1,500,4,3,0,0.5,2.5,0,0,1,0,-13.0933,0.441678,20.49,3.38943,152.507
255,100,0.1,0.2,100,1,500,4,3,0,0.5,2.5,0,0,2,0,-13.0933,0.441678,20.49,3.38943,139.607
255,100,0.1,0.2,100,1,500,4,3,0,0.5,2.5,0,0,3,0,0.170127,0.819498,1.20653,1.09578,17.662
256,100,0.1,0.2,100,1,500,4,3,0,0.5,2.5,0,2,1,0,-9.79091,0.428233,15.1598,3.47645,144.78
256,100,0.1,0.2,100,1,500,4,3,0,0.5,2.5,0,2,2,0,-9.79091,0.428233,15.1598,3.47645,141.064
256,100,0.1,0.2,100,1,500,4,3,0,0.5,2.5,0,2,3,0,0.209615,0.837318,1.11039,0.989139,20.1895
257,100,0.1,0.2,100,1,500,4,3,0.1,0,2.5,1,1,1,0,-0.386468,0.949672,1.08076,0.155224,38.7229
257,100,0.1,0.2,100,1,500,4,3,0.1,0,2.5,1,1,2,0,0.45047,0.950826,0.428362,0.151665,39.6437
257,100,0.1,0.2,100,1,500,4,3,0.1,0,2.5,1,1,3,0,0.864134,0.989865,0.105908,0.0312576,9.03695
258,100,0.1,0.2,100,1,500,4,3,0.1,0,2.5,1,3,1,0,-9.85086,0.847567,10.4743,0.470632,34.6703
258,100,0.1,0.2,100,1,500,4,3,0.1,0,2.5,1,3,2,0,-5.22792,0.679785,6.01177,0.988654,36.2226
258,100,0.1,0.2,100,1,500,4,3,0.1,0,2.5,1,3,3,0,0.790977,0.987422,0.201769,0.0388338,11.9984
259,100,0.1,0.2,100,1,500,4,3,0.1,0,2.5,1,0,1,0,-0.401675,0.987181,1.35434,0.0394579,187.172
259,100,0.1,0.2,100,1,500,4,3,0.1,0,2.5,1,0,2,0,-3.80335,0.984408,4.64113,0.0479908,182.428
259,100,0.1,0.2,100,1,500,4,3,0.1,0,2.5,1,0,3,0,0.200802,0.958623,0.772208,0.127358,17.4882
260,100,0.1,0.2,100,1,500,4,3,0.1,0,2.5,1,2,1,0,0.691193,0.987627,0.251495,0.0382172,180.615
260,100,0.1,0.2,100,1,500,4,3,0.1,0,2.5,1,2,2,0,0.757479,0.990255,0.197512,0.0300991,180.461
260,100,0.1,0.2,100,1,500,4,3,0.1,0,2.5,1,2,3,0,0.789359,0.988681,0.171548,0.03496,9.10146
261,100,0.1,0.2,100,1,500,4,3,0.1,0,2.5,0,1,1,0,-72.6866,0.921573,63.5951,0.221364,30.8919
261,100,0.1,0.2,100,1,500,4,3,0.1,0,2.5,0,1,2,0,-41.1094,0.885271,36.3425,0.323826,30.1972
261,100,0.1,0.2,100,1,500,4,3,0.1,0,2.5,0,1,3,0,0.222581,0.961046,0.670951,0.109948,14.9119
262,100,0.1,0.2,100,1,500,4,3,0.1,0,2.5,0,3,1,0,-0.58517,0.886377,1.48768,0.356723,34.144
262,100,0.1,0.2,100,1,500,4,3,0.1,0,2.5,0,3,2,0,0.330155,0.965107,0.62865,0.109549,33.4704
262,100,0.1,0.2,100,1,500,4,3,0.1,0,2.5,0,3,3,0,0.69833,0.986555,0.283117,0.0422113,11.9386
263,100,0.1,0.2,100,1,500,4,3,0.1,0,2.5,0,0,1,0,-1.46107,0.988775,2.6145,0.0347588,185.099
263,100,0.1,0.2,100,1,500,4,3,0.1,0,2.5,0,0,2,0,0.0740404,0.988885,0.983689,0.0344158,186.837
263,100,0.1,0.2,100,1,500,4,3,0.1,0,2.5,0,0,3,0,0.366692,0.975703,0.672792,0.0752345,14.9956
264,100,0.1,0.2,100,1,500,4,3,0.1,0,2.5,0,2,1,0,-4.71906,0.987837,5.34571,0.0358965,177.195
264,100,0.1,0.2,100,1,500,4,3,0.1,0,2.5,0,2,2,0,-6194.66,0.983657,5791.2,0.0482355,180.286
264,100,0.1,0.2,100,1,500,4,3,0.1,0,2.5,0,2,3,0,0.136859,0.937329,0.806794,0.184966,14.6594
265,100,0.1,0.2,100,1,500,4,3,0.1,0.1,2.5,1,1,1,0,-3.67795,0.583207,6.35595,2.16966,41.0174
265,100,0.1,0.2,100,1,500,4,3,0.1,0.1,2.5,1,1,2,0,-2.16332,0.618052,4.29802,1.98827,47.1765
265,100,0.1,0.2,100,1,500,4,3,0.1,0.1,2.5,1,1,3,0,0.0801043,0.765508,1.24987,1.22067,36.7238
266,100,0.1,0.2,100,1,500,4,3,0.1,0.1,2.5,1,3,1,0,-11.4771,0.670814,14.2799,1.51483,42.3204
266,100,0.1,0.2,100,1,500,4,3,0.1,0.1,2.5,1,3,2,0,-7.58407,0.691924,9.82436,1.41768,34.4902
266,100,0.1,0.2,100,1,500,4,3,0.1,0.1,2.5,1,3,3,0,0.0173332,0.757682,1.12465,1.11508,20.5002
267,100,0.1,0.2,100,1,500,4,3,0.1,0.1,2.5,1,0,1,0,-1.67936,0.721472,2.50999,1.29829,166.606
267,100,0.1,0.2,100,1,500,4,3,0.1,0.1,2.5,1,0,2,0,-5.74044,0.716221,6.31437,1.32276,161.385
267,100,0.1,0.2,100,1,500,4,3,0.1,0.1,2.5,1,0,3,0,0.00575757,0.801086,0.931395,0.927184,14.3746
268,100,0.1,0.2,100,1,500,4,3,0.1,0.1,2.5,1,2,1,0,-5.49131,0.682574,8.00098,1.4979,166.299
268,100,0.1,0.2,100,1,500,4,3,0.1,0.1,2.5,1,2,2,0,-5.80122,0.759143,8.38297,1.13658,177.755
268,100,0.1,0.2,100,1,500,4,3,0.1,0.1,2.5,1,2,3,0,-0.0146377,0.737394,1.25061,1.23921,34.1396
269,100,0.1,0.2,100,1,500,4,3,0.1,0.1,2.5,0,1,1,0,-1.15361,0.800611,2.07976,0.716246,36.0784
269,100,0.1,0.2,100,1,500,4,3,0.1,0.1,2.5,0,1,2,0,-0.461585,0.803344,1.41146,0.706426,39.0755
269,100,0.1,0.2,100,1,500,4,3,0.1,0.1,2.5,0,1,3,0,-0.164297,0.799602,1.12437,0.719871,17.8918
270,100,0.1,0.2,100,1,500,4,3,0.1,0.1,2.5,0,3,1,0,-2.00028,0.859725,2.73783,0.503167,35.1058
270,100,0.1,0.2,100,1,500,4,3,0.1,0.1,2.5,0,3,2,0,-6.47902,0.84142,6.8248,0.568824,37.8251
270,100,0.1,0.2,100,1,500,4,3,0.1,0.1,2.5,0,3,3,0,-0.227603,0.839077,1.12022,0.577229,37.9937
271,100,0.1,0.2,100,1,500,4,3,0.1,0.1,2.5,0,0,1,0,-104.493,0.821397,105.403,0.653599,171.643
271,100,0.1,0.2,100,1,500,4,3,0.1,0.1,2.5,0,0,2,0,-2699.13,0.8267,2697.83,0.634195,167.513
271,100,0.1,0.2,100,1,500,4,3,0.1,0.1,2.5,0,0,3,0,0.00611827,0.731453,0.993037,0.982751,14.7012
272,100,0.1,0.2,100,1,500,4,3,0.1,0.1,2.5,0,2,1,0,-13.8764,0.810996,15.058,0.680759,170.358
272,100,0.1,0.2,100,1,500,4,3,0.1,0.1,2.5,0,2,2,0,-36.177,0.797985,37.6308,0.727623,179.773
272,100,0.1,0.2,100,1,500,4,3,0.1,0.1,2.5,0,2,3,0,0.0207479,0.732217,0.991206,0.964506,18.3963
273,100,0.1,0.2,100,1,500,4,3,0.1,0.3,2.5,1,1,1,0,0.236286,0.858029,1.89826,1.13226,34.3805
273,100,0.1,0.2,100,1,500,4,3,0.1,0.3,2.5,1,1,2,0,-6.19465,0.474865,17.8828,4.1881,34.79
273,100,0.1,0.2,100,1,500,4,3,0.1,0.3,2.5,1,1,3,0,0.431534,0.862874,1.41296,1.09362,20.6138
274,100,0.1,0.2,100,1,500,4,3,0.1,0.3,2.5,1,3,1,0,-173.839,0.360097,190.293,5.55947,36.1764
274,100,0.1,0.2,100,1,500,4,3,0.1,0.3,2.5,1,3,2,0,-42.6483,0.341482,47.5063,5.7212,32.5867
274,100,0.1,0.2,100,1,500,4,3,0.1,0.3,2.5,1,3,3,0,0.127362,0.893153,0.949768,0.928288,19.325
275,100,0.1,0.2,100,1,500,4,3,0.1,0.3,2.5,1,0,1,0,-18.6399,0.840936,35.8956,1.15655,164.652
275,100,0.1,0.2,100,1,500,4,3,0.1,0.3,2.5,1,0,2,0,-927.154,0.82514,1696.38,1.2714,153.504
275,100,0.1,0.2,100,1,500,4,3,0.1,0.3,2.5,1,0,3,0,0.387054,0.872725,1.12027,0.92541,20.5945
276,100,0.1,0.2,100,1,500,4,3,0.1,0.3,2.5,1,2,1,0,-7.36692,0.347485,19.2366,5.4261,149.115
276,100,0.1,0.2,100,1,500,4,3,0.1,0.3,2.5,1,2,2,0,-9.55333,0.351897,24.2635,5.38942,145.946
276,100,0.1,0.2,100,1,500,4,3,0.1,0.3,2.5,1,2,3,0,0.448057,0.878999,1.26899,1.00621,21.8858
277,100,0.1,0.2,100,1,500,4,3,0.1,0.3,2.5,0,1,1,0,-10.0956,0.657779,13.3714,1.60634,31.2426
277,100,0.1,0.2,100,1,500,4,3,0.1,0.3,2.5,0,1,2,0,-5.10708,0.631567,7.35969,1.72938,32.0001
277,100,0.1,0.2,100,1,500,4,3,0.1,0.3,2.5,0,1,3,0,0.0245075,0.752217,1.17557,1.16307,23.8172
278,100,0.1,0.2,100,1,500,4,3,0.1,0.3,2.5,0,3,1,0,-15.0513,0.587844,21.4491,2.0862,30.3712
278,100,0.1,0.2,100,1,500,4,3,0.1,0.3,2.5,0,3,2,0,-2.07629,0.770422,4.1108,1.16204,32.579
278,100,0.1,0.2,100,1,500,4,3,0.1,0.3,2.5,0,3,3,0,0.0671197,0.765485,1.24659,1.18703,18.0028
279,100,0.1,0.2,100,1,500,4,3,0.1,0.3,2.5,0,0,1,0,-7.47233,0.793331,8.56159,1.06201,152.4
279,100,0.1,0.2,100,1,500,4,3,0.1,0.3,2.5,0,0,2,0,-5.13435,0.795141,6.19898,1.05271,175.799
279,100,0.1,0.2,100,1,500,4,3,0.1,0.3,2.5,0,0,3,0,0.00849964,0.807175,1.00195,0.99087,17.0415
280,100,0.1,0.2,100,1,500,4,3,0.1,0.3,2.5,0,2,1,0,-150.749,0.564998,143.18,2.08843,160.447
280,100,0.1,0.2,100,1,500,4,3,0.1,0.3,2.5,0,2,2,0,-40.814,0.562804,39.4527,2.09897,166.731
280,100,0.1,0.2,100,1,500,4,3,0.1,0.3,2.5,0,2,3,0,0.00965631,0.80724,0.934418,0.925437,16.6035
281,100,0.1,0.2,100,1,500,4,3,0.1,0.5,2.5,1,1,1,0,0.185571,0.909054,1.35237,0.998335,30.1082
281,100,0.1,0.2,100,1,500,4,3,0.1,0.5,2.5,1,1,2,0,-0.769434,0.901404,2.93817,1.0823,32.8657
281,100,0.1,0.2,100,1,500,4,3,0.1,0.5,2.5,1,1,3,0,0.335303,0.907357,1.10374,1.01696,22.0213
282,100,0.1,0.2,100,1,500,4,3,0.1,0.5,2.5,1,3,1,0,-0.148733,0.901392,1.12591,0.993856,33.0911
282,100,0.1,0.2,100,1,500,4,3,0.1,0.5,2.5,1,3,2,0,-31.1417,0.248072,31.5032,7.57855,33.8151
282,100,0.1,0.2,100,1,500,4,3,0.1,0.5,2.5,1,3,3,0,0.0668673,0.910528,0.914596,0.901775,19.0759
283,100,0.1,0.2,100,1,500,4,3,0.1,0.5,2.5,1,0,1,0,-1.22676,0.828337,6.85688,1.65694,147.058
283,100,0.1,0.2,100,1,500,4,3,0.1,0.5,2.5,1,0,2,0,-2.04962,0.896915,9.39073,0.995003,157.137
283,100,0.1,0.2,100,1,500,4,3,0.1,0.5,2.5,1,0,3,0,0.508858,0.883195,1.51238,1.12744,24.8327
284,100,0.1,0.2,100,1,500,4,3,0.1,0.5,2.5,1,2,1,0,-768.836,0.908114,2066.24,1.10416,144.23
284,100,0.1,0.2,100,1,500,4,3,0.1,0.5,2.5,1,2,2,0,-8.26788,0.228364,24.875,9.2725,138.887
284,100,0.1,0.2,100,1,500,4,3,0.1,0.5,2.5,1,2,3,0,0.567211,0.919941,1.16161,0.962041,21.4485
285,100,0.1,0.2,100,1,500,4,3,0.1,0.5,2.5,0,1,1,0,-0.131558,0.48851,3.11805,2.97244,33.6195
285,100,0.1,0.2,100,1,500,4,3,0.1,0.5,2.5,0,1,2,0,-0.128098,0.563292,3.10852,2.53786,34.1444
285,100,0.1,0.2,100,1,500,4,3,0.1,0.5,2.5,0,1,3,0,0.0943717,0.60265,2.4955,2.30913,24.2221
286,100,0.1,0.2,100,1,500,4,3,0.1,0.5,2.5,0,3,1,0,-1.0195,0.591962,3.86279,2.5381,30.2554
286,100,0.1,0.2,100,1,500,4,3,0.1,0.5,2.5,0,3,2,0,0.0313455,0.837544,1.85279,1.01052,30.1859
286,100,0.1,0.2,100,1,500,4,3,0.1,0.5,2.5,0,3,3,0,0.245169,0.807337,1.4438,1.19841,20.3568
287,100,0.1,0.2,100,1,500,4,3,0.1,0.5,2.5,0,0,1,0,-1.08273,0.80211,3.40544,1.02789,147.305
287,100,0.1,0.2,100,1,500,4,3,0.1,0.5,2.5,0,0,2,0,-1.49727,0.813263,4.08326,0.969958,144.47
287,100,0.1,0.2,100,1,500,4,3,0.1,0.5,2.5,0,0,3,0,0.198669,0.786621,1.31025,1.10834,23.3338
288,100,0.1,0.2,100,1,500,4,3,0.1,0.5,2.5,0,2,1,0,-13.7108,0.536095,17.4895,2.48277,147.483
288,100,0.1,0.2,100,1,500,4,3,0.1,0.5,2.5,0,2,2,0,-14.2971,0.536812,18.1865,2.47893,145.856
288,100,0.1,0.2,100,1,500,4,3,0.1,0.5,2.5,0,2,3,0,0.0816481,0.805519,1.09182,1.04084,20.1174
289,100,0.1,0.2,100,1,500,4,3,0.3,0,2.5,1,1,1,0,-0.257518,0.791063,1.21806,0.661456,29.1601
289,100,0.1,0.2,100,1,500,4,3,0.3,0,2.5,1,1,2,0,-0.284153,0.724932,1.24386,0.870815,29.566
289,100,0.1,0.2,100,1,500,4,3,0.3,0,2.5,1,1,3,0,0.00660754,0.703775,0.962222,0.937793,14.9044
290,100,0.1,0.2,100,1,500,4,3,0.3,0,2.5,1,3,1,0,-4.77355,0.326958,2.83401,2.17885,34.4319
290,100,0.1,0.2,100,1,500,4,3,0.3,0,2.5,1,3,2,0,-5.06238,0.83578,2.97578,0.531632,32.7682
290,100,0.1,0.2,100,1,500,4,3,0.3,0,2.5,1,3,3,0,0.311902,0.912651,0.337761,0.282776,14.9448
291,100,0.1,0.2,100,1,500,4,3,0.3,0,2.5,1,0,1,0,-309.651,0.865992,288.454,0.458495,150.202
291,100,0.1,0.2,100,1,500,4,3,0.3,0,2.5,1,0,2,0,-1.15372,0.906966,1.99983,0.318307,154.014
291,100,0.1,0.2,100,1,500,4,3,0.3,0,2.5,1,0,3,0,0.0874633,0.8008,0.847332,0.681545,14.5526
292,100,0.1,0.2,100,1,500,4,3,0.3,0,2.5,1,2,1,0,-6.67836,0.636205,5.41852,1.19939,157.789
292,100,0.1,0.2,100,1,500,4,3,0.3,0,2.5,1,2,2,0,-1.14752,0.850664,1.51548,0.492343,152.44
292,100,0.1,0.2,100,1,500,4,3,0.3,0,2.5,1,2,3,0,0.333987,0.897665,0.469997,0.337386,15.8962
293,100,0.1,0.2,100,1,500,4,3,0.3,0,2.5,0,1,1,0,-2.04591,0.859948,1.73558,0.447358,31.6277
293,100,0.1,0.2,100,1,500,4,3,0.3,0,2.5,0,1,2,0,-3.72053,0.744445,2.68979,0.816299,31.84
293,100,0.1,0.2,100,1,500,4,3,0.3,0,2.5,0,1,3,0,0.359356,0.911797,0.365043,0.281741,15.1794
294,100,0.1,0.2,100,1,500,4,3,0.3,0,2.5,0,3,1,0,-1.35527,0.819143,0.96784,0.596757,31.8062
294,100,0.1,0.2,100,1,500,4,3,0.3,0,2.5,0,3,2,0,-794.866,0.593841,327.041,1.34016,32.7713
294,100,0.1,0.2,100,1,500,4,3,0.3,0,2.5,0,3,3,0,0.265167,0.918439,0.301961,0.269119,11.5587
295,100,0.1,0.2,100,1,500,4,3,0.3,0,2.5,0,0,1,0,-68.7546,0.877245,68.7957,0.397506,153.994
295,100,0.1,0.2,100,1,500,4,3,0.3,0,2.5,0,0,2,0,-6.05698,0.902077,6.95997,0.317092,153.411
295,100,0.1,0.2,100,1,500,4,3,0.3,0,2.5,0,0,3,0,0.0258997,0.721532,0.96071,0.901733,14.5805
296,100,0.1,0.2,100,1,500,4,3,0.3,0,2.5,0,2,1,0,-1.32168,0.868828,1.95009,0.41972,153.609
296,100,0.1,0.2,100,1,500,4,3,0.3,0,2.5,0,2,2,0,-0.271863,0.72089,1.0683,0.893089,158.749
296,100,0.1,0.2,100,1,500,4,3,0.3,0,2.5,0,2,3,0,0.306534,0.880902,0.582474,0.381086,15.2551
297,100,0.1,0.2,100,1,500,4,3,0.3,0.1,2.5,1,1,1,0,-8.78911,0.611189,12.8093,1.92972,37.8212
297,100,0.1,0.2,100,1,500,4,3,0.3,0.1,2.5,1,1,2,0,-3.29552,0.605912,5.6208,1.9559,31.9624
297,100,0.1,0.2,100,1,500,4,3,0.3,0.1,2.5,1,1,3,0,0.108909,0.777497,1.16601,1.10431,29.2113
298,100,0.1,0.2,100,1,500,4,3,0.3,0.1,2.5,1,3,1,0,-6.76043,0.609695,13.4595,2.2035,30.8794
298,100,0.1,0.2,100,1,500,4,3,0.3,0.1,2.5,1,3,2,0,-1.48048,0.626226,4.30208,2.11018,30.0998
298,100,0.1,0.2,100,1,500,4,3,0.3,0.1,2.5,1,3,3,0,0.222946,0.793907,1.3477,1.16352,28.2835
299,100,0.1,0.2,100,1,500,4,3,0.3,0.1,2.5,1,0,1,0,-0.335216,0.785637,1.5747,1.10322,145.142
299,100,0.1,0.2,100,1,500,4,3,0.3,0.1,2.5,1,0,2,0,-3.56798,0.757188,5.38729,1.24964,146.278
299,100,0.1,0.2,100,1,500,4,3,0.3,0.1,2.5,1,0,3,0,0.0756192,0.798677,1.09018,1.03611,20.1505
300,100,0.1,0.2,100,1,500,4,3,0.3,0.1,2.5,1,2,1,0,-10788.3,0.604739,12250.4,2.15831,145.745
300,100,0.1,0.2,100,1,500,4,3,0.3,0.1,2.5,1,2,2,0,-15.0514,0.658173,18.2251,1.86654,144.343
300,100,0.1,0.2,100,1,500,4,3,0.3,0.1,2.5,1,2,3,0,0.0842816,0.817595,1.03973,0.996018,15.6275
301,100,0.1,0.2,100,1,500,4,3,0.3,0.1,2.5,0,1,1,0,-1.96533,0.767755,3.00922,0.859947,39.8248
301,100,0.1,0.2,100,1,500,4,3,0.3,0.1,2.5,0,1,2,0,-3.14202,0.744868,4.20333,0.944693,50.0746
301,100,0.1,0.2,100,1,500,4,3,0.3,0.1,2.5,0,1,3,0,0.00327398,0.735499,1.01148,0.979381,38.5445
302,100,0.1,0.2,100,1,500,4,3,0.3,0.1,2.5,0,3,1,0,-1.44125,0.674873,2.42768,1.21106,28.7025
302,100,0.1,0.2,100,1,500,4,3,0.3,0.1,2.5,0,3,2,0,-1.55934,0.742901,2.54512,0.957661,30.0374
302,100,0.1,0.2,100,1,500,4,3,0.3,0.1,2.5,0,3,3,0,0.00720709,0.739265,0.987275,0.971205,14.9141
303,100,0.1,0.2,100,1,500,4,3,0.3,0.1,2.5,0,0,1,0,-4.36452,0.739325,4.84229,0.996712,149.685
303,100,0.1,0.2,100,1,500,4,3,0.3,0.1,2.5,0,0,2,0,-2.02488,0.684724,2.73041,1.20548,149.922
303,100,0.1,0.2,100,1,500,4,3,0.3,0.1,2.5,0,0,3,0,-0.0398107,0.766898,0.938585,0.891287,20.0388
304,100,0.1,0.2,100,1,500,4,3,0.3,0.1,2.5,0,2,1,0,-15.0871,0.726022,15.1924,1.01734,147.699
304,100,0.1,0.2,100,1,500,4,3,0.3,0.1,2.5,0,2,2,0,-1.06304,0.730169,1.9483,1.00194,189.417
304,100,0.1,0.2,100,1,500,4,3,0.3,0.1,2.5,0,2,3,0,-0.0301376,0.753585,0.972845,0.914998,18.7705
305,100,0.1,0.2,100,1,500,4,3,0.3,0.3,2.5,1,1,1,0,-1.51504,0.866749,2.58639,1.04357,40.1166
305,100,0.1,0.2,100,1,500,4,3,0.3,0.3,2.5,1,1,2,0,-1.2617,0.846982,2.32586,1.19837,35.4886
305,100,0.1,0.2,100,1,500,4,3,0.3,0.3,2.5,1,1,3,0,0.0128359,0.87091,1.01517,1.01098,16.3715
306,100,0.1,0.2,100,1,500,4,3,0.3,0.3,2.5,1,3,1,0,0.224499,0.864726,1.71853,1.13435,32.4365
306,100,0.1,0.2,100,1,500,4,3,0.3,0.3,2.5,1,3,2,0,0.0493022,0.81586,2.10677,1.54412,31.3781
306,100,0.1,0.2,100,1,500,4,3,0.3,0.3,2.5,1,3,3,0,0.414505,0.87416,1.29748,1.05524,21.3519
307,100,0.1,0.2,100,1,500,4,3,0.3,0.3,2.5,1,0,1,0,-41065.8,0.800402,52029.6,1.49295,150.683
307,100,0.1,0.2,100,1,500,4,3,0.3,0.3,2.5,1,0,2,0,-7.90237,0.815024,11.2789,1.38357,150.92
307,100,0.1,0.2,100,1,500,4,3,0.3,0.3,2.5,1,0,3,0,0.194599,0.870734,1.02041,0.966876,19.8881
308,100,0.1,0.2,100,1,500,4,3,0.3,0.3,2.5,1,2,1,0,-9004.43,0.854949,41793.2,1.22258,141.469
308,100,0.1,0.2,100,1,500,4,3,0.3,0.3,2.5,1,2,2,0,-5.2284,0.862367,28.9053,1.16005,141.968
308,100,0.1,0.2,100,1,500,4,3,0.3,0.3,2.5,1,2,3,0,0.343327,0.794171,3.04755,1.73484,35.9506
309,100,0.1,0.2,100,1,500,4,3,0.3,0.3,2.5,0,1,1,0,-3.22841,0.807366,4.18521,0.941356,32.159
309,100,0.1,0.2,100,1,500,4,3,0.3,0.3,2.5,0,1,2,0,-0.606155,0.774425,1.58974,1.10233,30.1451
309,100,0.1,0.2,100,1,500,4,3,0.3,0.3,2.5,0,1,3,0,0.00937712,0.800681,0.980501,0.974023,14.8669
310,100,0.1,0.2,100,1,500,4,3,0.3,0.3,2.5,0,3,1,0,-0.0950307,0.787044,1.24064,1.11425,30.046
310,100,0.1,0.2,100,1,500,4,3,0.3,0.3,2.5,0,3,2,0,-0.707528,0.775489,1.93458,1.1747,31.5919
310,100,0.1,0.2,100,1,500,4,3,0.3,0.3,2.5,0,3,3,0,0.0473144,0.798777,1.07936,1.05286,19.4971
311,100,0.1,0.2,100,1,500,4,3,0.3,0.3,2.5,0,0,1,0,-52.178,0.70282,92.0188,1.4548,171.097
311,100,0.1,0.2,100,1,500,4,3,0.3,0.3,2.5,0,0,2,0,-777.638,0.666489,1347.35,1.63265,164.889
311,100,0.1,0.2,100,1,500,4,3,0.3,0.3,2.5,0,0,3,0,0.0154278,0.654459,1.7037,1.69154,27.1625
312,100,0.1,0.2,100,1,500,4,3,0.3,0.3,2.5,0,2,1,0,-4.15527,0.758143,5.38346,1.27903,145.376
312,100,0.1,0.2,100,1,500,4,3,0.3,0.3,2.5,0,2,2,0,-3.80648,0.604749,5.01923,2.09024,150.037
312,100,0.1,0.2,100,1,500,4,3,0.3,0.3,2.5,0,2,3,0,0.00408018,0.804202,1.04,1.03545,15.0509
313,100,0.1,0.2,100,1,500,4,3,0.3,0.5,2.5,1,1,1,0,0.434573,0.916891,1.41946,1.04898,30.008
313,100,0.1,0.2,100,1,500,4,3,0.3,0.5,2.5,1,1,2,0,-1.64645,0.89642,6.64371,1.30737,30.4537
313,100,0.1,0.2,100,1,500,4,3,0.3,0.5,2.5,1,1,3,0,0.54299,0.923088,1.14729,0.970768,17.9387
314,100,0.1,0.2,100,1,500,4,3,0.3,0.5,2.5,1,3,1,0,-1.19047,0.903515,2.53687,1.17157,30.2361
314,100,0.1,0.2,100,1,500,4,3,0.3,0.5,2.5,1,3,2,0,-0.14203,0.902483,1.32263,1.1841,30.4199
314,100,0.1,0.2,100,1,500,4,3,0.3,0.5,2.5,1,3,3,0,0.0184226,0.906819,1.1368,1.13146,14.9347
315,100,0.1,0.2,100,1,500,4,3,0.3,0.5,2.5,1,0,1,0,0.258009,0.90474,3.29063,1.02138,146.766
315,100,0.1,0.2,100,1,500,4,3,0.3,0.5,2.5,1,0,2,0,-66.837,0.879417,300.848,1.2929,144.525
315,100,0.1,0.2,100,1,500,4,3,0.3,0.5,2.5,1,0,3,0,0.588121,0.892989,1.82663,1.14737,23.8563
316,100,0.1,0.2,100,1,500,4,3,0.3,0.5,2.5,1,2,1,0,-9.36881,0.805184,9.99237,1.59421,141.98
316,100,0.1,0.2,100,1,500,4,3,0.3,0.5,2.5,1,2,2,0,-2.22837,0.817525,3.11117,1.49322,140.616
316,100,0.1,0.2,100,1,500,4,3,0.3,0.5,2.5,1,2,3,0,0.0440879,0.889351,0.921208,0.905461,15.4266
317,100,0.1,0.2,100,1,500,4,3,0.3,0.5,2.5,0,1,1,0,0.163522,0.825478,1.25573,1.03522,32.4108
317,100,0.1,0.2,100,1,500,4,3,0.3,0.5,2.5,0,1,2,0,-0.0740319,0.821793,1.61235,1.05707,31.5925
317,100,0.1,0.2,100,1,500,4,3,0.3,0.5,2.5,0,1,3,0,0.209285,0.820736,1.18703,1.06334,21.1592
318,100,0.1,0.2,100,1,500,4,3,0.3,0.5,2.5,0,3,1,0,-263.184,0.667238,252.773,1.83173,30.4541
318,100,0.1,0.2,100,1,500,4,3,0.3,0.5,2.5,0,3,2,0,-0.0951753,0.811077,1.04787,1.03995,30.4071
318,100,0.1,0.2,100,1,500,4,3,0.3,0.5,2.5,0,3,3,0,0.00263121,0.826996,0.954288,0.952324,14.8457
319,100,0.1,0.2,100,1,500,4,3,0.3,0.5,2.5,0,0,1,0,-0.61642,0.783382,2.62256,1.39151,140.238
319,100,0.1,0.2,100,1,500,4,3,0.3,0.5,2.5,0,0,2,0,-0.152569,0.829966,1.86999,1.09226,145.04
319,100,0.1,0.2,100,1,500,4,3,0.3,0.5,2.5,0,0,3,0,0.227673,0.825397,1.25306,1.12161,18.6772
320,100,0.1,0.2,100,1,500,4,3,0.3,0.5,2.5,0,2,1,0,-174.119,0.658319,182.866,2.10444,139.689
320,100,0.1,0.2,100,1,500,4,3,0.3,0.5,2.5,0,2,2,0,-3.98833,0.804323,5.209,1.20519,137.311
320,100,0.1,0.2,100,1,500,4,3,0.3,0.5,2.5,0,2,3,0,0.00400459,0.831554,1.04005,1.03747,12.0342
321,100,0.1,0.2,100,1,500,4,3,0.5,0,2.5,1,1,1,0,-0.0606788,0.756466,0.974065,0.888911,33.0733
321,100,0.1,0.2,100,1,500,4,3,0.5,0,2.5,1,1,2,0,-0.132121,0.764903,1.03967,0.858113,32.5163
321,100,0.1,0.2,100,1,500,4,3,0.5,0,2.5,1,1,3,0,0.0117327,0.755654,0.907566,0.891875,15.8052
322,100,0.1,0.2,100,1,500,4,3,0.5,0,2.5,1,3,1,0,-0.895369,0.741934,1.86793,0.973881,34.0488
322,100,0.1,0.2,100,1,500,4,3,0.5,0,2.5,1,3,2,0,-0.13514,0.733176,1.11871,1.00693,30.9629
322,100,0.1,0.2,100,1,500,4,3,0.5,0,2.5,1,3,3,0,0.00249606,0.742034,0.983063,0.973505,16.5287
323,100,0.1,0.2,100,1,500,4,3,0.5,0,2.5,1,0,1,0,-11.1648,0.746767,11.093,0.957117,149.688
323,100,0.1,0.2,100,1,500,4,3,0.5,0,2.5,1,0,2,0,-1.88219,0.785748,2.62825,0.809785,141.209
323,100,0.1,0.2,100,1,500,4,3,0.5,0,2.5,1,0,3,0,0.0553974,0.783046,0.861375,0.819997,13.8164
324,100,0.1,0.2,100,1,500,4,3,0.5,0,2.5,1,2,1,0,-13.6057,0.769766,15.2483,0.890325,137.997
324,100,0.1,0.2,100,1,500,4,3,0.5,0,2.5,1,2,2,0,-11.4093,0.786829,12.9553,0.824343,135.236
324,100,0.1,0.2,100,1,500,4,3,0.5,0,2.5,1,2,3,0,0.0071074,0.733559,1.03658,1.03034,13.9588
325,100,0.1,0.2,100,1,500,4,3,0.5,0,2.5,0,1,1,0,-5.964,0.667537,6.94668,1.29804,28.0742
325,100,0.1,0.2,100,1,500,4,3,0.5,0,2.5,0,1,2,0,-0.59233,0.734764,1.58837,1.03556,28.6304
325,100,0.1,0.2,100,1,500,4,3,0.5,0,2.5,0,1,3,0,0.00393595,0.74693,0.993587,0.988065,14.1629
326,100,0.1,0.2,100,1,500,4,3,0.5,0,2.5,0,3,1,0,-0.478954,0.72726,1.4275,1.02751,27.9635
326,100,0.1,0.2,100,1,500,4,3,0.5,0,2.5,0,3,2,0,-0.484155,0.690772,1.43252,1.16497,28.1835
326,100,0.1,0.2,100,1,500,4,3,0.5,0,2.5,0,3,3,0,0.00451404,0.746177,0.960852,0.956237,14.2572
327,100,0.1,0.2,100,1,500,4,3,0.5,0,2.5,0,0,1,0,-35.2148,0.739733,36.5475,0.956442,141.621
327,100,0.1,0.2,100,1,500,4,3,0.5,0,2.5,0,0,2,0,-4.0178,0.736416,5.06389,0.968634,139.976
327,100,0.1,0.2,100,1,500,4,3,0.5,0,2.5,0,0,3,0,0.0163035,0.73814,0.992733,0.962298,13.5022
328,100,0.1,0.2,100,1,500,4,3,0.5,0,2.5,0,2,1,0,-169.129,0.675344,147.043,1.23198,136.5
328,100,0.1,0.2,100,1,500,4,3,0.5,0,2.5,0,2,2,0,-30.6466,0.720525,27.3524,1.06053,137.802
328,100,0.1,0.2,100,1,500,4,3,0.5,0,2.5,0,2,3,0,0.0132233,0.779408,0.852876,0.837084,16.3689
329,100,0.1,0.2,100,1,500,4,3,0.5,0.1,2.5,1,1,1,0,-1.73311,0.49967,5.74896,3.03189,27.4398
329,100,0.1,0.2,100,1,500,4,3,0.5,0.1,2.5,1,1,2,0,0.0818856,0.804242,1.93121,1.18625,27.4129
329,100,0.1,0.2,100,1,500,4,3,0.5,0.1,2.5,1,1,3,0,0.259691,0.786354,1.55721,1.29465,27.6652
330,100,0.1,0.2,100,1,500,4,3,0.5,0.1,2.5,1,3,1,0,-0.37588,0.822238,1.44533,1.08602,28.336
330,100,0.1,0.2,100,1,500,4,3,0.5,0.1,2.5,1,3,2,0,-0.867858,0.807638,1.96215,1.17522,28.8142
330,100,0.1,0.2,100,1,500,4,3,0.5,0.1,2.5,1,3,3,0,0.0556517,0.8418,0.992018,0.96651,13.9136
331,100,0.1,0.2,100,1,500,4,3,0.5,0.1,2.5,1,0,1,0,-563.231,0.793005,556.174,1.16993,138.455
331,100,0.1,0.2,100,1,500,4,3,0.5,0.1,2.5,1,0,2,0,-2.20895,0.76533,3.16312,1.32634,138.448
331,100,0.1,0.2,100,1,500,4,3,0.5,0.1,2.5,1,0,3,0,0.0497537,0.836792,0.936676,0.922444,13.9206
332,100,0.1,0.2,100,1,500,4,3,0.5,0.1,2.5,1,2,1,0,-12.4217,0.716093,13.4704,1.57632,135.381
332,100,0.1,0.2,100,1,500,4,3,0.5,0.1,2.5,1,2,2,0,-201.386,0.808558,203.121,1.06293,136.92
332,100,0.1,0.2,100,1,500,4,3,0.5,0.1,2.5,1,2,3,0,0.00251083,0.820686,1.00111,0.995593,14.1362
333,100,0.1,0.2,100,1,500,4,3,0.5,0.1,2.5,0,1,1,0,-2.95969,0.768701,3.96659,1.00185,29.7234
333,100,0.1,0.2,100,1,500,4,3,0.5,0.1,2.5,0,1,2,0,-1.09022,0.681545,2.09386,1.37936,28.2807
333,100,0.1,0.2,100,1,500,4,3,0.5,0.1,2.5,0,1,3,0,0.0411236,0.783586,0.960549,0.937379,16.5644
334,100,0.1,0.2,100,1,500,4,3,0.5,0.1,2.5,0,3,1,0,-0.654212,0.724311,1.83576,1.14603,28.4726
334,100,0.1,0.2,100,1,500,4,3,0.5,0.1,2.5,0,3,2,0,-0.630854,0.710128,1.80984,1.20499,30.0989
334,100,0.1,0.2,100,1,500,4,3,0.5,0.1,2.5,0,3,3,0,0.00956239,0.736487,1.09914,1.09542,13.996
335,100,0.1,0.2,100,1,500,4,3,0.5,0.1,2.5,0,0,1,0,-2.56169,0.779898,3.46101,0.925256,137.162
335,100,0.1,0.2,100,1,500,4,3,0.5,0.1,2.5,0,0,2,0,-8.54841,0.72752,9.27849,1.14544,136.621
335,100,0.1,0.2,100,1,500,4,3,0.5,0.1,2.5,0,0,3,0,0.00549129,0.771528,0.966396,0.960442,17.8068
336,100,0.1,0.2,100,1,500,4,3,0.5,0.1,2.5,0,2,1,0,-1.7409,0.715906,2.99061,1.26614,137.782
336,100,0.1,0.2,100,1,500,4,3,0.5,0.1,2.5,0,2,2,0,-3.34432,0.702293,4.74011,1.32681,140.8
336,100,0.1,0.2,100,1,500,4,3,0.5,0.1,2.5,0,2,3,0,0.0158064,0.763945,1.07386,1.05204,17.6957
337,100,0.1,0.2,100,1,500,4,3,0.5,0.3,2.5,1,1,1,0,-0.487024,0.892223,1.68757,1.03058,28.7873
337,100,0.1,0.2,100,1,500,4,3,0.5,0.3,2.5,1,1,2,0,-0.923224,0.826198,2.1826,1.66192,28.2081
337,100,0.1,0.2,100,1,500,4,3,0.5,0.3,2.5,1,1,3,0,0.0579364,0.889727,1.06912,1.05444,14.0841
338,100,0.1,0.2,100,1,500,4,3,0.5,0.3,2.5,1,3,1,0,-1.03024,0.849377,5.88013,1.32066,57.8685
338,100,0.1,0.2,100,1,500,4,3,0.5,0.3,2.5,1,3,2,0,-0.791819,0.613778,5.1896,3.38638,55.8078
338,100,0.1,0.2,100,1,500,4,3,0.5,0.3,2.5,1,3,3,0,0.489659,0.876524,1.47809,1.08263,19.5813
339,100,0.1,0.2,100,1,500,4,3,0.5,0.3,2.5,1,0,1,0,0.146769,0.858302,2.34775,1.30236,134.535
339,100,0.1,0.2,100,1,500,4,3,0.5,0.3,2.5,1,0,2,0,0.199326,0.89592,2.20314,0.956606,131.856
339,100,0.1,0.2,100,1,500,4,3,0.5,0.3,2.5,1,0,3,0,0.511223,0.890787,1.34492,1.00378,19.4473
340,100,0.1,0.2,100,1,500,4,3,0.5,0.3,2.5,1,2,1,0,-1553.11,0.885543,10254,1.12663,129.837
340,100,0.1,0.2,100,1,500,4,3,0.5,0.3,2.5,1,2,2,0,-5.37736,0.874649,42.0778,1.23386,134.12
340,100,0.1,0.2,100,1,500,4,3,0.5,0.3,2.5,1,2,3,0,0.194183,0.655447,5.31678,3.39152,32.712
341,100,0.1,0.2,100,1,500,4,3,0.5,0.3,2.5,0,1,1,0,-0.325142,0.719629,1.84515,1.506,26.8487
341,100,0.1,0.2,100,1,500,4,3,0.5,0.3,2.5,0,1,2,0,-2.13124,0.782047,4.35998,1.17073,27.3772
341,100,0.1,0.2,100,1,500,4,3,0.5,0.3,2.5,0,1,3,0,0.120236,0.789009,1.225,1.13333,18.9499
342,100,0.1,0.2,100,1,500,4,3,0.5,0.3,2.5,0,3,1,0,0.0447634,0.810988,1.20207,1.02531,31.0693
342,100,0.1,0.2,100,1,500,4,3,0.5,0.3,2.5,0,3,2,0,-0.394922,0.739401,1.75536,1.41364,28.8268
342,100,0.1,0.2,100,1,500,4,3,0.5,0.3,2.5,0,3,3,0,0.121493,0.809023,1.10551,1.03597,16.3641
343,100,0.1,0.2,100,1,500,4,3,0.5,0.3,2.5,0,0,1,0,-0.219773,0.82592,1.01703,0.907143,139.619
343,100,0.1,0.2,100,1,500,4,3,0.5,0.3,2.5,0,0,2,0,-0.329998,0.836155,1.10893,0.853808,135.222
343,100,0.1,0.2,100,1,500,4,3,0.5,0.3,2.5,0,0,3,0,0.00939129,0.842252,0.825953,0.822036,11.1953
344,100,0.1,0.2,100,1,500,4,3,0.5,0.3,2.5,0,2,1,0,-3.55171,0.752175,8.35233,1.26643,133.354
344,100,0.1,0.2,100,1,500,4,3,0.5,0.3,2.5,0,2,2,0,-0.0624278,0.646981,1.94954,1.80399,130.946
344,100,0.1,0.2,100,1,500,4,3,0.5,0.3,2.5,0,2,3,0,0.111244,0.7092,1.63086,1.48604,19.2313
345,100,0.1,0.2,100,1,500,4,3,0.5,0.5,2.5,1,1,1,0,-0.569332,0.853485,4.73346,1.86225,27.0031
345,100,0.1,0.2,100,1,500,4,3,0.5,0.5,2.5,1,1,2,0,0.210123,0.916019,2.38245,1.06742,27.042
345,100,0.1,0.2,100,1,500,4,3,0.5,0.5,2.5,1,1,3,0,0.566741,0.916142,1.30681,1.06586,19.2141
346,100,0.1,0.2,100,1,500,4,3,0.5,0.5,2.5,1,3,1,0,-8.06194,0.864863,24.242,1.75486,27.7698
346,100,0.1,0.2,100,1,500,4,3,0.5,0.5,2.5,1,3,2,0,0.0317979,0.90975,2.59008,1.17197,28.2224
346,100,0.1,0.2,100,1,500,4,3,0.5,0.5,2.5,1,3,3,0,0.587079,0.928962,1.10462,0.922484,19.0449
347,100,0.1,0.2,100,1,500,4,3,0.5,0.5,2.5,1,0,1,0,-15.0125,0.892368,47.6961,0.926734,139.579
347,100,0.1,0.2,100,1,500,4,3,0.5,0.5,2.5,1,0,2,0,-11.4898,0.880289,37.2031,1.03073,140.456
347,100,0.1,0.2,100,1,500,4,3,0.5,0.5,2.5,1,0,3,0,0.496142,0.876081,1.50083,1.06696,24.6839
348,100,0.1,0.2,100,1,500,4,3,0.5,0.5,2.5,1,2,1,0,-11.6463,0.799064,37.5139,1.98153,137.825
348,100,0.1,0.2,100,1,500,4,3,0.5,0.5,2.5,1,2,2,0,0.00834416,0.897549,2.94163,1.01032,133.819
348,100,0.1,0.2,100,1,500,4,3,0.5,0.5,2.5,1,2,3,0,0.574359,0.905215,1.26261,0.934723,19.839
349,100,0.1,0.2,100,1,500,4,3,0.5,0.5,2.5,0,1,1,0,-0.625494,0.780821,3.16802,1.50745,32.1372
349,100,0.1,0.2,100,1,500,4,3,0.5,0.5,2.5,0,1,2,0,0.0834203,0.844638,1.78638,1.06853,27.9962
349,100,0.1,0.2,100,1,500,4,3,0.5,0.5,2.5,0,1,3,0,0.299846,0.838235,1.36457,1.11257,21.5943
350,100,0.1,0.2,100,1,500,4,3,0.5,0.5,2.5,0,3,1,0,-0.172855,0.746842,3.32936,1.69933,81.6209
350,100,0.1,0.2,100,1,500,4,3,0.5,0.5,2.5,0,3,2,0,-0.511368,0.51305,4.2903,3.26867,82.6588
350,100,0.1,0.2,100,1,500,4,3,0.5,0.5,2.5,0,3,3,0,0.240077,0.777767,2.15718,1.49174,25.6748
351,100,0.1,0.2,100,1,500,4,3,0.5,0.5,2.5,0,0,1,0,-1.69651,0.838238,8.24512,1.07153,127.021
351,100,0.1,0.2,100,1,500,4,3,0.5,0.5,2.5,0,0,2,0,-2.64429,0.853841,11.1431,0.968173,130.267
351,100,0.1,0.2,100,1,500,4,3,0.5,0.5,2.5,0,0,3,0,0.257452,0.769131,2.27049,1.52931,23.9126
352,100,0.1,0.2,100,1,500,4,3,0.5,0.5,2.5,0,2,1,0,-11.7414,0.792838,15.7359,1.30742,123.699
352,100,0.1,0.2,100,1,500,4,3,0.5,0.5,2.5,0,2,2,0,-0.250867,0.790319,1.54485,1.32332,126.907
352,100,0.1,0.2,100,1,500,4,3,0.5,0.5,2.5,0,2,3,0,0.056921,0.818676,1.16473,1.14436,16.7015
353,100,0.1,0.2,100,1,500,8,1,0,0,2.5,1,1,1,0,1,1,1.81851e-30,-5.83596e-17,132.532
353,100,0.1,0.2,100,1,500,8,1,0,0,2.5,1,1,2,0,1,1,1.81851e-30,-5.83596e-17,136.779
353,100,0.1,0.2,100,1,500,8,1,0,0,2.5,1,1,3,0,1,1,4.09805e-20,-3.4338e-16,22.8265
354,100,0.1,0.2,100,1,500,8,1,0,0,2.5,1,3,1,0,1,1,4.10439e-32,-1.96636e-15,114.278
354,100,0.1,0.2,100,1,500,8,1,0,0,2.5,1,3,2,0,1,1,4.10439e-32,-1.96636e-15,116.641
354,100,0.1,0.2,100,1,500,8,1,0,0,2.5,1,3,3,0,1,1,4.17639e-20,-6.17457e-17,25.187
355,100,0.1,0.2,100,1,500,8,1,0,0,2.5,1,0,1,0,1,1,8.86049e-30,-1.75249e-16,317.544
355,100,0.1,0.2,100,1,500,8,1,0,0,2.5,1,0,2,0,1,1,1.21443e-26,-4.90497e-16,321.255
355,100,0.1,0.2,100,1,500,8,1,0,0,2.5,1,0,3,0,1,1,1.32554e-20,4.95822e-16,26.1466
356,100,0.1,0.2,100,1,500,8,1,0,0,2.5,1,2,1,0,1,1,3.13445e-26,1.86962e-16,308.177
356,100,0.1,0.2,100,1,500,8,1,0,0,2.5,1,2,2,0,1,1,3.77595e-29,-8.91731e-16,305.433
356,100,0.1,0.2,100,1,500,8,1,0,0,2.5,1,2,3,0,1,1,3.93834e-20,1.53117e-16,24.6574
357,100,0.1,0.2,100,1,500,8,1,0,0,2.5,0,1,1,0,1,1,1.10693e-31,-6.88782e-16,145.593
357,100,0.1,0.2,100,1,500,8,1,0,0,2.5,0,1,2,0,1,1,1.10693e-31,-6.88782e-16,153.371
357,100,0.1,0.2,100,1,500,8,1,0,0,2.5,0,1,3,0,1,1,6.06694e-20,-2.17323e-16,29.3358
358,100,0.1,0.2,100,1,500,8,1,0,0,2.5,0,3,1,0,1,1,1.57279e-32,-4.07896e-16,120.775
358,100,0.1,0.2,100,1,500,8,1,0,0,2.5,0,3,2,0,1,1,1.57279e-32,-4.07896e-16,117.243
358,100,0.1,0.2,100,1,500,8,1,0,0,2.5,0,3,3,0,1,1,9.54209e-21,5.76414e-17,24.4119
359,100,0.1,0.2,100,1,500,8,1,0,0,2.5,0,0,1,0,1,1,2.57181e-30,-2.2693e-16,305.604
359,100,0.1,0.2,100,1,500,8,1,0,0,2.5,0,0,2,0,1,1,8.2542e-30,4.61187e-16,310.047
359,100,0.1,0.2,100,1,500,8,1,0,0,2.5,0,0,3,0,1,1,5.08465e-21,-9.8273e-16,24.6497
360,100,0.1,0.2,100,1,500,8,1,0,0,2.5,0,2,1,0,1,1,1.81634e-31,-3.23047e-16,291.372
360,100,0.1,0.2,100,1,500,8,1,0,0,2.5,0,2,2,0,1,1,9.51338e-30,-2.0306e-16,296.289
360,100,0.1,0.2,100,1,500,8,1,0,0,2.5,0,2,3,0,1,1,3.31136e-20,-2.44378e-16,25.6537
361,100,0.1,0.2,100,1,500,8,1,0,0.1,2.5,1,1,1,0,-14.0359,0.878461,10.9227,0.686467,66.0566
361,100,0.1,0.2,100,1,500,8,1,0,0.1,2.5,1,1,2,0,-14.0359,0.878461,10.9227,0.686467,67.3896
361,100,0.1,0.2,100,1,500,8,1,0,0.1,2.5,1,1,3,0,-0.0292912,0.887709,0.747717,0.634236,41.811
362,100,0.1,0.2,100,1,500,8,1,0,0.1,2.5,1,3,1,0,-23.7834,0.882232,15.5764,0.626356,68.1296
362,100,0.1,0.2,100,1,500,8,1,0,0.1,2.5,1,3,2,0,-23.7834,0.882232,15.5764,0.626356,67.1812
362,100,0.1,0.2,100,1,500,8,1,0,0.1,2.5,1,3,3,0,-0.00379709,0.890292,0.630889,0.583486,33.0078
363,100,0.1,0.2,100,1,500,8,1,0,0.1,2.5,1,0,1,0,-34.2959,0.857015,19.3784,0.70741,166.285
363,100,0.1,0.2,100,1,500,8,1,0,0.1,2.5,1,0,2,0,-3.62811,0.867043,2.54096,0.657801,160.17
363,100,0.1,0.2,100,1,500,8,1,0,0.1,2.5,1,0,3,0,0.0380739,0.904166,0.528123,0.474136,24.2686
364,100,0.1,0.2,100,1,500,8,1,0,0.1,2.5,1,2,1,0,-602.483,0.866096,422.143,0.750392,159.573
364,100,0.1,0.2,100,1,500,8,1,0,0.1,2.5,1,2,2,0,-23.1306,0.86171,16.8796,0.774972,154.807
364,100,0.1,0.2,100,1,500,8,1,0,0.1,2.5,1,2,3,0,0.0209711,0.898122,0.684842,0.570924,44.1678
365,100,0.1,0.2,100,1,500,8,1,0,0.1,2.5,0,1,1,0,-114.79,0.908921,43.3048,0.235295,65.1711
365,100,0.1,0.2,100,1,500,8,1,0,0.1,2.5,0,1,2,0,-114.79,0.908921,43.3048,0.235295,68.001
365,100,0.1,0.2,100,1,500,8,1,0,0.1,2.5,0,1,3,0,0.337242,0.919996,0.247868,0.206684,40.3666
366,100,0.1,0.2,100,1,500,8,1,0,0.1,2.5,0,3,1,0,-2.22891,0.912328,0.846155,0.193733,66.6348
366,100,0.1,0.2,100,1,500,8,1,0,0.1,2.5,0,3,2,0,-2.22891,0.912328,0.846155,0.193733,63.2396
366,100,0.1,0.2,100,1,500,8,1,0,0.1,2.5,0,3,3,0,0.180891,0.90999,0.214653,0.1989,31.9059
367,100,0.1,0.2,100,1,500,8,1,0,0.1,2.5,0,0,1,0,-10.8361,0.910866,4.16475,0.208196,163.197
367,100,0.1,0.2,100,1,500,8,1,0,0.1,2.5,0,0,2,0,-23.3921,0.897107,8.58281,0.240334,169.799
367,100,0.1,0.2,100,1,500,8,1,0,0.1,2.5,0,0,3,0,0.296285,0.914,0.247615,0.200876,33.4133
368,100,0.1,0.2,100,1,500,8,1,0,0.1,2.5,0,2,1,0,-19.6054,0.915653,6.5141,0.222187,160.416
368,100,0.1,0.2,100,1,500,8,1,0,0.1,2.5,0,2,2,0,-37.8257,0.907417,12.2742,0.243883,152.556
368,100,0.1,0.2,100,1,500,8,1,0,0.1,2.5,0,2,3,0,0.0640748,0.891084,0.295879,0.286907,32.2682
369,100,0.1,0.2,100,1,500,8,1,0,0.3,2.5,1,1,1,0,-0.296137,0.871751,2.2507,1.81488,1163.76
369,100,0.1,0.2,100,1,500,8,1,0,0.3,2.5,1,1,2,0,-0.296137,0.871751,2.2507,1.81488,1228.29
369,100,0.1,0.2,100,1,500,8,1,0,0.3,2.5,1,1,3,0,0.00766234,0.879111,1.72317,1.71072,49.9864
370,100,0.1,0.2,100,1,500,8,1,0,0.3,2.5,1,3,1,0,-6.82398,0.889962,14.8889,1.5371,1230.4
370,100,0.1,0.2,100,1,500,8,1,0,0.3,2.5,1,3,2,0,-6.82398,0.889962,14.8889,1.5371,1199.87
370,100,0.1,0.2,100,1,500,8,1,0,0.3,2.5,1,3,3,0,0.042821,0.873899,1.82149,1.76147,71.9955
371,100,0.1,0.2,100,1,500,8,1,0,0.3,2.5,1,0,1,0,-1733.99,0.867723,2536.42,1.56585,2668.67
371,100,0.1,0.2,100,1,500,8,1,0,0.3,2.5,1,0,2,0,-35.0812,0.865331,52.7479,1.59418,2699.76
371,100,0.1,0.2,100,1,500,8,1,0,0.3,2.5,1,0,3,0,-0.0238138,0.874359,1.49674,1.4873,48.4669
372,100,0.1,0.2,100,1,500,8,1,0,0.3,2.5,1,2,1,0,-431.759,0.845715,592.401,1.62317,4086.92
372,100,0.1,0.2,100,1,500,8,1,0,0.3,2.5,1,2,2,0,-1844.11,0.878445,2525.76,1.27883,2764.83
372,100,0.1,0.2,100,1,500,8,1,0,0.3,2.5,1,2,3,0,-0.0132895,0.871456,1.38709,1.35236,58.5904
373,100,0.1,0.2,100,1,500,8,1,0,0.3,2.5,0,1,1,0,-14686.6,0.884395,8983.96,0.585455,732.487
373,100,0.1,0.2,100,1,500,8,1,0,0.3,2.5,0,1,2,0,-14686.6,0.884395,8983.96,0.585455,766.16
373,100,0.1,0.2,100,1,500,8,1,0,0.3,2.5,0,1,3,0,0.00535669,0.88083,0.608395,0.603507,41.3916
374,100,0.1,0.2,100,1,500,8,1,0,0.3,2.5,0,3,1,0,-14.2401,0.894564,11.6955,0.551833,795.207
374,100,0.1,0.2,100,1,500,8,1,0,0.3,2.5,0,3,2,0,-2981.29,0.862537,2288.65,0.71946,861.09
374,100,0.1,0.2,100,1,500,8,1,0,0.3,2.5,0,3,3,0,0.0930448,0.877938,0.696011,0.638852,41.2382
375,100,0.1,0.2,100,1,500,8,1,0,0.3,2.5,0,0,1,0,-44.8384,0.89197,26.1022,0.498315,1229.14
375,100,0.1,0.2,100,1,500,8,1,0,0.3,2.5,0,0,2,0,-203.844,0.853411,116.646,0.67618,1191.89
375,100,0.1,0.2,100,1,500,8,1,0,0.3,2.5,0,0,3,0,0.0462516,0.888544,0.543102,0.51412,45.8103
376,100,0.1,0.2,100,1,500,8,1,0,0.3,2.5,0,2,1,0,-16.0446,0.892011,10.4321,0.555165,1457.05
376,100,0.1,0.2,100,1,500,8,1,0,0.3,2.5,0,2,2,0,-118.288,0.851935,73.01,0.761191,1623.41
376,100,0.1,0.2,100,1,500,8,1,0,0.3,2.5,0,2,3,0,0.0652598,0.898402,0.572105,0.522308,47.0353
377,100,0.1,0.2,100,1,500,8,1,0,0.5,2.5,1,1,1,0,-261835,0.886367,686025,2.4847,1323.5
377,100,0.1,0.2,100,1,500,8,1,0,0.5,2.5,1,1,2,0,-88.514,0.893365,234.532,2.33169,1319.04
377,100,0.1,0.2,100,1,500,8,1,0,0.5,2.5,1,1,3,0,0.139754,0.92317,2.25389,1.67996,60.9805
378,100,0.1,0.2,100,1,500,8,1,0,0.5,2.5,1,3,1,0,-280.575,0.871128,377.208,1.63086,1201.53
378,100,0.1,0.2,100,1,500,8,1,0,0.5,2.5,1,3,2,0,-189.027,0.825451,254.567,2.2089,1199.68
378,100,0.1,0.2,100,1,500,8,1,0,0.5,2.5,1,3,3,0,0.0797211,0.911009,1.23284,1.12617,56.3019
379,100,0.1,0.2,100,1,500,8,1,0,0.5,2.5,1,0,1,0,-2.50455,0.875062,9.11106,2.63403,3103.51
379,100,0.1,0.2,100,1,500,8,1,0,0.5,2.5,1,0,2,0,-364.599,0.883714,950.478,2.45161,3379.96
379,100,0.1,0.2,100,1,500,8,1,0,0.5,2.5,1,0,3,0,0.120122,0.91681,2.28749,1.75386,87.6368
380,100,0.1,0.2,100,1,500,8,1,0,0.5,2.5,1,2,1,0,-134.427,0.888401,320.97,2.07187,3215.01
380,100,0.1,0.2,100,1,500,8,1,0,0.5,2.5,1,2,2,0,-79.086,0.87873,189.808,2.25143,3168.84
380,100,0.1,0.2,100,1,500,8,1,0,0.5,2.5,1,2,3,0,0.127623,0.913015,2.06758,1.61491,70.0939
381,100,0.1,0.2,100,1,500,8,1,0,0.5,2.5,0,1,1,0,-83.0455,0.824785,61.4341,1.06164,1045.39
381,100,0.1,0.2,100,1,500,8,1,0,0.5,2.5,0,1,2,0,-2532.7,0.822665,1852.04,1.07448,2477.93
381,100,0.1,0.2,100,1,500,8,1,0,0.5,2.5,0,1,3,0,0.00989372,0.882862,0.72373,0.709747,47.914
382,100,0.1,0.2,100,1,500,8,1,0,0.5,2.5,0,3,1,0,-19.9868,0.869034,21.5563,1.03432,977.269
382,100,0.1,0.2,100,1,500,8,1,0,0.5,2.5,0,3,2,0,-19.9868,0.869034,21.5563,1.03432,1034.29
382,100,0.1,0.2,100,1,500,8,1,0,0.5,2.5,0,3,3,0,-0.00173158,0.870412,1.02892,1.02344,64.4619
383,100,0.1,0.2,100,1,500,8,1,0,0.5,2.5,0,0,1,0,-53.74,0.844528,46.5861,0.919674,2294.51
383,100,0.1,0.2,100,1,500,8,1,0,0.5,2.5,0,0,2,0,-12.8791,0.8708,11.8117,0.764266,2291.84
383,100,0.1,0.2,100,1,500,8,1,0,0.5,2.5,0,0,3,0,0.0343358,0.867147,0.821822,0.785878,46.6077
384,100,0.1,0.2,100,1,500,8,1,0,0.5,2.5,0,2,1,0,-479.896,0.883329,317.63,0.698052,2158.65
384,100,0.1,0.2,100,1,500,8,1,0,0.5,2.5,0,2,2,0,-1.51235,0.888612,1.6594,0.666443,2174.49
384,100,0.1,0.2,100,1,500,8,1,0,0.5,2.5,0,2,3,0,0.04313,0.898786,0.632008,0.605573,47.5448
385,100,0.1,0.2,100,1,500,8,1,0.1,0,2.5,1,1,1,0,-23427.6,0.966389,441.07,0.0385368,115.046
385,100,0.1,0.2,100,1,500,8,1,0.1,0,2.5,1,1,2,0,-71.1512,0.806187,1.35833,0.222215,111.066
385,100,0.1,0.2,100,1,500,8,1,0.1,0,2.5,1,1,3,0,0.532871,0.992421,0.00879426,0.00868982,23.4871
386,100,0.1,0.2,100,1,500,8,1,0.1,0,2.5,1,3,1,0,-5.26448,0.980251,0.409409,0.0210977,62.1887
386,100,0.1,0.2,100,1,500,8,1,0.1,0,2.5,1,3,2,0,-427.568,0.876703,28.0086,0.131716,74.9265
386,100,0.1,0.2,100,1,500,8,1,0.1,0,2.5,1,3,3,0,0.840447,0.990848,0.0104274,0.00977726,27.9141
387,100,0.1,0.2,100,1,500,8,1,0.1,0,2.5,1,0,1,0,-14.7359,0.973824,1.65405,0.0251674,188.549
387,100,0.1,0.2,100,1,500,8,1,0.1,0,2.5,1,0,2,0,-29.7518,0.988468,3.2324,0.0110877,171.179
387,100,0.1,0.2,100,1,500,8,1,0.1,0,2.5,1,0,3,0,0.891656,0.989637,0.0113883,0.00996338,25.8699
388,100,0.1,0.2,100,1,500,8,1,0.1,0,2.5,1,2,1,0,-3.15669,0.973443,1.57922,0.0290937,180.939
388,100,0.1,0.2,100,1,500,8,1,0.1,0,2.5,1,2,2,0,-6.65955,0.989116,2.91005,0.0119233,166.468
388,100,0.1,0.2,100,1,500,8,1,0.1,0,2.5,1,2,3,0,0.953876,0.989899,0.0175235,0.0110661,26.7561
389,100,0.1,0.2,100,1,500,8,1,0.1,0,2.5,0,1,1,0,0.508693,0.979937,0.0591979,0.0216361,126.168
389,100,0.1,0.2,100,1,500,8,1,0.1,0,2.5,0,1,2,0,0.508693,0.979937,0.0591979,0.0216361,60.3237
389,100,0.1,0.2,100,1,500,8,1,0.1,0,2.5,0,1,3,0,0.912964,0.991416,0.010487,0.00925714,25.856
390,100,0.1,0.2,100,1,500,8,1,0.1,0,2.5,0,3,1,0,0.796154,0.987195,0.037274,0.0143784,178.274
390,100,0.1,0.2,100,1,500,8,1,0.1,0,2.5,0,3,2,0,-6.04287,0.933616,1.28782,0.0745423,116.357
390,100,0.1,0.2,100,1,500,8,1,0.1,0,2.5,0,3,3,0,0.933519,0.990963,0.0121562,0.0101475,27.7683
391,100,0.1,0.2,100,1,500,8,1,0.1,0,2.5,0,0,1,0,-49639.1,0.988006,609.184,0.0133622,177.471
391,100,0.1,0.2,100,1,500,8,1,0.1,0,2.5,0,0,2,0,-0.0929294,0.987965,0.0134125,0.0134078,176.373
391,100,0.1,0.2,100,1,500,8,1,0.1,0,2.5,0,0,3,0,0.157569,0.990754,0.0103383,0.0103007,25.457
392,100,0.1,0.2,100,1,500,8,1,0.1,0,2.5,0,2,1,0,0.792263,0.990672,0.0255372,0.0105555,178.267
392,100,0.1,0.2,100,1,500,8,1,0.1,0,2.5,0,2,2,0,-0.920771,0.985034,0.23612,0.0169346,177.815
392,100,0.1,0.2,100,1,500,8,1,0.1,0,2.5,0,2,3,0,0.9099,0.991301,0.0110759,0.00984306,25.4877
393,100,0.1,0.2,100,1,500,8,1,0.1,0.1,2.5,1,1,1,0,-3419.92,0.874883,2062.78,0.624441,173.463
393,100,0.1,0.2,100,1,500,8,1,0.1,0.1,2.5,1,1,2,0,-17.4282,0.877418,11.112,0.611785,175.774
393,100,0.1,0.2,100,1,500,8,1,0.1,0.1,2.5,1,1,3,0,-0.0188255,0.894757,0.614341,0.525249,50.0456
394,100,0.1,0.2,100,1,500,8,1,0.1,0.1,2.5,1,3,1,0,-3.80311,0.884461,3.67541,0.678393,117.565
394,100,0.1,0.2,100,1,500,8,1,0.1,0.1,2.5,1,3,2,0,-31.3549,0.888997,24.7585,0.651759,116.092
394,100,0.1,0.2,100,1,500,8,1,0.1,0.1,2.5,1,3,3,0,0.0132647,0.872042,0.755065,0.751307,33.4721
395,100,0.1,0.2,100,1,500,8,1,0.1,0.1,2.5,1,0,1,0,-1.24891,0.882641,1.31705,0.622241,141.166
395,100,0.1,0.2,100,1,500,8,1,0.1,0.1,2.5,1,0,2,0,-34.0956,0.888889,20.5534,0.58911,132.774
395,100,0.1,0.2,100,1,500,8,1,0.1,0.1,2.5,1,0,3,0,0.0282668,0.896018,0.569086,0.551313,30.6352
396,100,0.1,0.2,100,1,500,8,1,0.1,0.1,2.5,1,2,1,0,-10.9435,0.885219,8.7869,0.622933,134.011
396,100,0.1,0.2,100,1,500,8,1,0.1,0.1,2.5,1,2,2,0,-480.68,0.870379,354.374,0.703467,132.391
396,100,0.1,0.2,100,1,500,8,1,0.1,0.1,2.5,1,2,3,0,-0.00354369,0.881549,0.738311,0.642847,30.7898
397,100,0.1,0.2,100,1,500,8,1,0.1,0.1,2.5,0,1,1,0,-9.0542,0.82417,2.51225,0.456856,108.048
397,100,0.1,0.2,100,1,500,8,1,0.1,0.1,2.5,0,1,2,0,-84.5685,0.908402,21.381,0.237996,181.67
397,100,0.1,0.2,100,1,500,8,1,0.1,0.1,2.5,0,1,3,0,0.0119138,0.905708,0.246894,0.244996,31.3951
398,100,0.1,0.2,100,1,500,8,1,0.1,0.1,2.5,0,3,1,0,-134.447,0.907225,40.2315,0.240754,108.237
398,100,0.1,0.2,100,1,500,8,1,0.1,0.1,2.5,0,3,2,0,-26.2938,0.915094,8.10698,0.220335,106.879
398,100,0.1,0.2,100,1,500,8,1,0.1,0.1,2.5,0,3,3,0,0.181763,0.914015,0.243039,0.223134,30.3611
399,100,0.1,0.2,100,1,500,8,1,0.1,0.1,2.5,0,0,1,0,-63.6358,0.907474,13.6557,0.230397,131.725
399,100,0.1,0.2,100,1,500,8,1,0.1,0.1,2.5,0,0,2,0,-0.0632797,0.910672,0.22464,0.222433,135.872
399,100,0.1,0.2,100,1,500,8,1,0.1,0.1,2.5,0,0,3,0,0.016784,0.917342,0.207725,0.205824,30.5834
400,100,0.1,0.2,100,1,500,8,1,0.1,0.1,2.5,0,2,1,0,-33.0946,0.908844,12.929,0.232819,132.127
400,100,0.1,0.2,100,1,500,8,1,0.1,0.1,2.5,0,2,2,0,-0.592333,0.902602,0.603828,0.248762,134.48
400,100,0.1,0.2,100,1,500,8,1,0.1,0.1,2.5,0,2,3,0,0.284505,0.909465,0.271323,0.231233,30.3613
401,100,0.1,0.2,100,1,500,8,1,0.1,0.3,2.5,1,1,1,0,-2.14658e+06,0.867538,3.67026e+06,1.83632,1125.66
401,100,0.1,0.2,100,1,500,8,1,0.1,0.3,2.5,1,1,2,0,-104.464,0.873121,180.323,1.75893,1143.32
401,100,0.1,0.2,100,1,500,8,1,0.1,0.3,2.5,1,1,3,0,0.00838371,0.878748,1.69548,1.68093,32.9859
402,100,0.1,0.2,100,1,500,8,1,0.1,0.3,2.5,1,3,1,0,-2.7193e+07,0.825297,5.2678e+07,2.39697,1233.5
402,100,0.1,0.2,100,1,500,8,1,0.1,0.3,2.5,1,3,2,0,-531.389,0.877232,1031.34,1.68441,1243.29
402,100,0.1,0.2,100,1,500,8,1,0.1,0.3,2.5,1,3,3,0,0.0109835,0.861417,1.91591,1.9014,45.0352
403,100,0.1,0.2,100,1,500,8,1,0.1,0.3,2.5,1,0,1,0,-150.963,0.859491,230.497,1.84747,2826.72
403,100,0.1,0.2,100,1,500,8,1,0.1,0.3,2.5,1,0,2,0,-85.3543,0.876026,130.982,1.63006,2753.73
403,100,0.1,0.2,100,1,500,8,1,0.1,0.3,2.5,1,0,3,0,-0.0139523,0.88547,1.53796,1.50588,40.2857
404,100,0.1,0.2,100,1,500,8,1,0.1,0.3,2.5,1,2,1,0,-176.469,0.836658,320.798,2.15502,2826.85
404,100,0.1,0.2,100,1,500,8,1,0.1,0.3,2.5,1,2,2,0,-14.887,0.845418,28.7178,2.03946,4127.16
404,100,0.1,0.2,100,1,500,8,1,0.1,0.3,2.5,1,2,3,0,0.00232606,0.864438,1.80342,1.78851,41.5763
405,100,0.1,0.2,100,1,500,8,1,0.1,0.3,2.5,0,1,1,0,-14.9787,0.880413,9.71424,0.598882,776.884
405,100,0.1,0.2,100,1,500,8,1,0.1,0.3,2.5,0,1,2,0,-76.6178,0.853505,47.1876,0.733634,836.775
405,100,0.1,0.2,100,1,500,8,1,0.1,0.3,2.5,0,1,3,0,0.0224667,0.887544,0.59429,0.563173,40.6374
406,100,0.1,0.2,100,1,500,8,1,0.1,0.3,2.5,0,3,1,0,-30.0489,0.875264,21.0706,0.655158,835.558
406,100,0.1,0.2,100,1,500,8,1,0.1,0.3,2.5,0,3,2,0,-0.112437,0.870775,0.754928,0.678738,851.118
406,100,0.1,0.2,100,1,500,8,1,0.1,0.3,2.5,0,3,3,0,0.0112463,0.874796,0.670994,0.657616,41.6558
407,100,0.1,0.2,100,1,500,8,1,0.1,0.3,2.5,0,0,1,0,-35.7723,0.863603,23.837,0.665845,1590.54
407,100,0.1,0.2,100,1,500,8,1,0.1,0.3,2.5,0,0,2,0,-200.395,0.880071,130.551,0.585453,1578.32
407,100,0.1,0.2,100,1,500,8,1,0.1,0.3,2.5,0,0,3,0,0.0403621,0.877909,0.62207,0.596006,47.0461
408,100,0.1,0.2,100,1,500,8,1,0.1,0.3,2.5,0,2,1,0,-14.8627,0.893328,9.94714,0.566144,1755.51
408,100,0.1,0.2,100,1,500,8,1,0.1,0.3,2.5,0,2,2,0,-89.7233,0.893029,56.8905,0.567725,1684.09
408,100,0.1,0.2,100,1,500,8,1,0.1,0.3,2.5,0,2,3,0,0.0355906,0.890023,0.604758,0.583679,39.6896
409,100,0.1,0.2,100,1,500,8,1,0.1,0.5,2.5,1,1,1,0,-16.992,0.874664,35.5941,2.08157,1322.59
409,100,0.1,0.2,100,1,500,8,1,0.1,0.5,2.5,1,1,2,0,-144410,0.774588,285693,3.74363,1343.87
409,100,0.1,0.2,100,1,500,8,1,0.1,0.5,2.5,1,1,3,0,0.063436,0.904862,1.85284,1.58005,71.9165
410,100,0.1,0.2,100,1,500,8,1,0.1,0.5,2.5,1,3,1,0,-525166,0.857319,1.45423e+06,3.22866,1403.12
410,100,0.1,0.2,100,1,500,8,1,0.1,0.5,2.5,1,3,2,0,-64331.8,0.867056,178143,3.00831,1297
410,100,0.1,0.2,100,1,500,8,1,0.1,0.5,2.5,1,3,3,0,0.00502211,0.878776,2.75518,2.74312,53.2448
411,100,0.1,0.2,100,1,500,8,1,0.1,0.5,2.5,1,0,1,0,-666.73,0.856513,1475.01,2.4119,2969.36
411,100,0.1,0.2,100,1,500,8,1,0.1,0.5,2.5,1,0,2,0,-1108.29,0.875486,2450.42,2.09297,3230.61
411,100,0.1,0.2,100,1,500,8,1,0.1,0.5,2.5,1,0,3,0,0.0476582,0.893255,2.10371,1.79429,76.0107
412,100,0.1,0.2,100,1,500,8,1,0.1,0.5,2.5,1,2,1,0,-0.103901,0.888896,2.18116,2.15416,3079.73
412,100,0.1,0.2,100,1,500,8,1,0.1,0.5,2.5,1,2,2,0,-43.1808,0.865925,87.2952,2.59954,3089.56
412,100,0.1,0.2,100,1,500,8,1,0.1,0.5,2.5,1,2,3,0,0.186208,0.934312,1.60794,1.27362,65.2976
413,100,0.1,0.2,100,1,500,8,1,0.1,0.5,2.5,0,1,1,0,-84.283,0.86306,86.5654,1.13697,1053.73
413,100,0.1,0.2,100,1,500,8,1,0.1,0.5,2.5,0,1,2,0,-84.283,0.86306,86.5654,1.13697,1105.07
413,100,0.1,0.2,100,1,500,8,1,0.1,0.5,2.5,0,1,3,0,0.0118417,0.880352,1.00302,0.993402,40.3543
414,100,0.1,0.2,100,1,500,8,1,0.1,0.5,2.5,0,3,1,0,-1278.93,0.869147,1400.95,1.05987,1098.77
414,100,0.1,0.2,100,1,500,8,1,0.1,0.5,2.5,0,3,2,0,-70.7928,0.867863,78.5814,1.07027,1033.37
414,100,0.1,0.2,100,1,500,8,1,0.1,0.5,2.5,0,3,3,0,0.0149847,0.868229,1.07816,1.0673,39.9417
415,100,0.1,0.2,100,1,500,8,1,0.1,0.5,2.5,0,0,1,0,-380.989,0.871544,270.496,0.757042,2227.87
415,100,0.1,0.2,100,1,500,8,1,0.1,0.5,2.5,0,0,2,0,-167.547,0.833963,119.352,0.978525,2242.64
415,100,0.1,0.2,100,1,500,8,1,0.1,0.5,2.5,0,0,3,0,0.035084,0.88785,0.683281,0.660948,49.7096
416,100,0.1,0.2,100,1,500,8,1,0.1,0.5,2.5,0,2,1,0,-106.867,0.843245,87.6295,0.94194,2250.56
416,100,0.1,0.2,100,1,500,8,1,0.1,0.5,2.5,0,2,2,0,-9332.98,0.87224,7582.79,0.76771,2220.24
416,100,0.1,0.2,100,1,500,8,1,0.1,0.5,2.5,0,2,3,0,0.00606342,0.867503,0.80746,0.796174,32.2773
417,100,0.1,0.2,100,1,500,8,1,0.3,0,2.5,1,1,1,0,-1.17457,0.885851,0.253064,0.192184,447.607
417,100,0.1,0.2,100,1,500,8,1,0.3,0,2.5,1,1,2,0,-268.942,0.772023,31.4142,0.383826,511.506
417,100,0.1,0.2,100,1,500,8,1,0.3,0,2.5,1,1,3,0,0.257376,0.950767,0.0864223,0.0828894,24.1726
418,100,0.1,0.2,100,1,500,8,1,0.3,0,2.5,1,3,1,0,-478.073,0.935866,71.8873,0.10065,616.391
418,100,0.1,0.2,100,1,500,8,1,0.3,0,2.5,1,3,2,0,-248.736,0.737942,37.4741,0.411265,564.443
418,100,0.1,0.2,100,1,500,8,1,0.3,0,2.5,1,3,3,0,0.404106,0.947216,0.0894167,0.082837,24.2004
419,100,0.1,0.2,100,1,500,8,1,0.3,0,2.5,1,0,1,0,-9.12634,0.858307,1.22501,0.225938,1140.75
419,100,0.1,0.2,100,1,500,8,1,0.3,0,2.5,1,0,2,0,-52270.4,0.936335,6323.42,0.101517,1146.39
419,100,0.1,0.2,100,1,500,8,1,0.3,0,2.5,1,0,3,0,0.25259,0.945422,0.0904163,0.0870273,27.7171
420,100,0.1,0.2,100,1,500,8,1,0.3,0,2.5,1,2,1,0,-3.90615,0.944957,0.477803,0.0895212,2855.6
420,100,0.1,0.2,100,1,500,8,1,0.3,0,2.5,1,2,2,0,-2.30519,0.926587,0.321887,0.119399,1239.85
420,100,0.1,0.2,100,1,500,8,1,0.3,0,2.5,1,2,3,0,0.0991441,0.94744,0.087733,0.0854827,27.1821
421,100,0.1,0.2,100,1,500,8,1,0.3,0,2.5,0,1,1,0,-4.82311,0.938581,1.35578,0.0989004,630.464
421,100,0.1,0.2,100,1,500,8,1,0.3,0,2.5,0,1,2,0,-352.477,0.929481,82.2995,0.113552,562.528
421,100,0.1,0.2,100,1,500,8,1,0.3,0,2.5,0,1,3,0,0.583567,0.94871,0.0969573,0.0825895,28.3491
422,100,0.1,0.2,100,1,500,8,1,0.3,0,2.5,0,3,1,0,-0.531705,0.94704,0.19215,0.0859847,676.428
422,100,0.1,0.2,100,1,500,8,1,0.3,0,2.5,0,3,2,0,-134.234,0.943813,16.9649,0.0912235,630.402
422,100,0.1,0.2,100,1,500,8,1,0.3,0,2.5,0,3,3,0,0.285736,0.94749,0.0896031,0.0852536,27.2786
423,100,0.1,0.2,100,1,500,8,1,0.3,0,2.5,0,0,1,0,-827.675,0.92075,121.146,0.132604,1246.68
423,100,0.1,0.2,100,1,500,8,1,0.3,0,2.5,0,0,2,0,-2.85542,0.942927,0.563631,0.0954963,1157.42
423,100,0.1,0.2,100,1,500,8,1,0.3,0,2.5,0,0,3,0,0.29688,0.942457,0.10279,0.096284,24.8119
424,100,0.1,0.2,100,1,500,8,1,0.3,0,2.5,0,2,1,0,-1301.59,0.925866,354.432,0.112742,1102.65
424,100,0.1,0.2,100,1,500,8,1,0.3,0,2.5,0,2,2,0,-8.54747,0.937006,2.59785,0.0957995,1055.17
424,100,0.1,0.2,100,1,500,8,1,0.3,0,2.5,0,2,3,0,0.604816,0.942871,0.107529,0.0868809,24.0339
425,100,0.1,0.2,100,1,500,8,1,0.3,0.1,2.5,1,1,1,0,-22.5719,0.894907,18.8764,0.620651,611.399
425,100,0.1,0.2,100,1,500,8,1,0.3,0.1,2.5,1,1,2,0,-0.53518,0.869655,1.22937,0.769782,604.396
425,100,0.1,0.2,100,1,500,8,1,0.3,0.1,2.5,1,1,3,0,-0.0280466,0.869765,0.823259,0.769133,45.4706
426,100,0.1,0.2,100,1,500,8,1,0.3,0.1,2.5,1,3,1,0,-95.0085,0.882302,71.548,0.668564,612.42
426,100,0.1,0.2,100,1,500,8,1,0.3,0.1,2.5,1,3,2,0,-95.0085,0.882302,71.548,0.668564,666.516
426,100,0.1,0.2,100,1,500,8,1,0.3,0.1,2.5,1,3,3,0,-0.0261681,0.872903,0.764727,0.721955,38.7095
427,100,0.1,0.2,100,1,500,8,1,0.3,0.1,2.5,1,0,1,0,-202.777,0.865663,170.474,0.802097,1322.76
427,100,0.1,0.2,100,1,500,8,1,0.3,0.1,2.5,1,0,2,0,-13.4396,0.873374,12.0797,0.756052,1317.47
427,100,0.1,0.2,100,1,500,8,1,0.3,0.1,2.5,1,0,3,0,-0.00691285,0.878055,0.842355,0.728107,59.5317
428,100,0.1,0.2,100,1,500,8,1,0.3,0.1,2.5,1,2,1,0,-10.974,0.8756,8.61958,0.769274,1455.11
428,100,0.1,0.2,100,1,500,8,1,0.3,0.1,2.5,1,2,2,0,-1.01962,0.873433,1.45384,0.782676,1316.53
428,100,0.1,0.2,100,1,500,8,1,0.3,0.1,2.5,1,2,3,0,0.0137027,0.894874,0.709993,0.650086,31.2772
429,100,0.1,0.2,100,1,500,8,1,0.3,0.1,2.5,0,1,1,0,-81.6885,0.823178,27.4374,0.527416,582.877
429,100,0.1,0.2,100,1,500,8,1,0.3,0.1,2.5,0,1,2,0,-81.6885,0.823178,27.4374,0.527416,579.312
429,100,0.1,0.2,100,1,500,8,1,0.3,0.1,2.5,0,1,3,0,0.0349828,0.894749,0.320208,0.313938,30.461
430,100,0.1,0.2,100,1,500,8,1,0.3,0.1,2.5,0,3,1,0,-2978.77,0.89738,905.678,0.3165,652.295
430,100,0.1,0.2,100,1,500,8,1,0.3,0.1,2.5,0,3,2,0,-2978.77,0.89738,905.678,0.3165,651.007
430,100,0.1,0.2,100,1,500,8,1,0.3,0.1,2.5,0,3,3,0,0.0582039,0.909684,0.286252,0.278554,31.0893
431,100,0.1,0.2,100,1,500,8,1,0.3,0.1,2.5,0,0,1,0,-62457.5,0.898,16310.8,0.314117,1307.35
431,100,0.1,0.2,100,1,500,8,1,0.3,0.1,2.5,0,0,2,0,-63.0629,0.89294,16.7298,0.329702,1318.29
431,100,0.1,0.2,100,1,500,8,1,0.3,0.1,2.5,0,0,3,0,0.0530089,0.921307,0.247303,0.242342,30.1347
432,100,0.1,0.2,100,1,500,8,1,0.3,0.1,2.5,0,2,1,0,-18.7031,0.859111,9.55994,0.434431,1185.87
432,100,0.1,0.2,100,1,500,8,1,0.3,0.1,2.5,0,2,2,0,-8.6963,0.896507,4.70465,0.319121,1235.53
432,100,0.1,0.2,100,1,500,8,1,0.3,0.1,2.5,0,2,3,0,0.15024,0.882629,0.412304,0.361914,39.7338
433,100,0.1,0.2,100,1,500,8,1,0.3,0.3,2.5,1,1,1,0,-9464.15,0.832051,14005,2.03502,1209.62
433,100,0.1,0.2,100,1,500,8,1,0.3,0.3,2.5,1,1,2,0,-104.703,0.820206,156.403,2.17855,1143.67
433,100,0.1,0.2,100,1,500,8,1,0.3,0.3,2.5,1,1,3,0,0.0736153,0.899294,1.37071,1.22025,50.4147
434,100,0.1,0.2,100,1,500,8,1,0.3,0.3,2.5,1,3,1,0,-13.1938,0.87782,22.6974,1.5436,1147.43
434,100,0.1,0.2,100,1,500,8,1,0.3,0.3,2.5,1,3,2,0,-3.01887e+06,0.88063,4.82749e+06,1.5081,1274.46
434,100,0.1,0.2,100,1,500,8,1,0.3,0.3,2.5,1,3,3,0,-0.0267309,0.870723,1.64185,1.63326,43.1797
435,100,0.1,0.2,100,1,500,8,1,0.3,0.3,2.5,1,0,1,0,-32.4732,0.823027,43.5434,2.04201,4310.77
435,100,0.1,0.2,100,1,500,8,1,0.3,0.3,2.5,1,0,2,0,-142149,0.797761,184915,2.33355,3110.68
435,100,0.1,0.2,100,1,500,8,1,0.3,0.3,2.5,1,0,3,0,0.0871519,0.906422,1.18747,1.07976,50.635
436,100,0.1,0.2,100,1,500,8,1,0.3,0.3,2.5,1,2,1,0,-1969.04,0.879055,2432.89,1.29797,2717.78
436,100,0.1,0.2,100,1,500,8,1,0.3,0.3,2.5,1,2,2,0,-412.59,0.834977,510.76,1.771,2753.73
436,100,0.1,0.2,100,1,500,8,1,0.3,0.3,2.5,1,2,3,0,0.0383103,0.89638,1.18763,1.11203,62.0443
437,100,0.1,0.2,100,1,500,8,1,0.3,0.3,2.5,0,1,1,0,-2.82081,0.87274,2.92607,0.743212,828.052
437,100,0.1,0.2,100,1,500,8,1,0.3,0.3,2.5,0,1,2,0,-2.82081,0.87274,2.92607,0.743212,829.31
437,100,0.1,0.2,100,1,500,8,1,0.3,0.3,2.5,0,1,3,0,0.00509528,0.870341,0.761922,0.757219,39.2079
438,100,0.1,0.2,100,1,500,8,1,0.3,0.3,2.5,0,3,1,0,-53.4083,0.885427,39.8088,0.658863,892.608
438,100,0.1,0.2,100,1,500,8,1,0.3,0.3,2.5,0,3,2,0,-53.4083,0.885427,39.8088,0.658863,887.79
438,100,0.1,0.2,100,1,500,8,1,0.3,0.3,2.5,0,3,3,0,0.0163597,0.882535,0.719698,0.675498,46.8196
439,100,0.1,0.2,100,1,500,8,1,0.3,0.3,2.5,0,0,1,0,-250.872,0.859314,187.5,0.835057,1971.34
439,100,0.1,0.2,100,1,500,8,1,0.3,0.3,2.5,0,0,2,0,-40.069,0.884121,30.5728,0.687813,1949.41
439,100,0.1,0.2,100,1,500,8,1,0.3,0.3,2.5,0,0,3,0,0.0431942,0.889281,0.712271,0.657184,48.1995
440,100,0.1,0.2,100,1,500,8,1,0.3,0.3,2.5,0,2,1,0,-21.7664,0.896429,17.4237,0.60037,1936.2
440,100,0.1,0.2,100,1,500,8,1,0.3,0.3,2.5,0,2,2,0,-285.072,0.855236,218.939,0.839154,2025.94
440,100,0.1,0.2,100,1,500,8,1,0.3,0.3,2.5,0,2,3,0,0.0392481,0.876922,0.735288,0.713447,40.74
441,100,0.1,0.2,100,1,500,8,1,0.3,0.5,2.5,1,1,1,0,-14.9203,0.848569,38.0903,2.70908,1420.94
441,100,0.1,0.2,100,1,500,8,1,0.3,0.5,2.5,1,1,2,0,-26.9738,0.792532,66.9289,3.71158,1393.9
441,100,0.1,0.2,100,1,500,8,1,0.3,0.5,2.5,1,1,3,0,-0.000859133,0.874977,2.39461,2.23665,129.755
442,100,0.1,0.2,100,1,500,8,1,0.3,0.5,2.5,1,3,1,0,-1305.69,0.869688,2326.44,1.99365,1324.42
442,100,0.1,0.2,100,1,500,8,1,0.3,0.5,2.5,1,3,2,0,-18.3807,0.853397,34.5057,2.24288,1388.15
442,100,0.1,0.2,100,1,500,8,1,0.3,0.5,2.5,1,3,3,0,0.0965222,0.910009,1.60856,1.37678,70.5234
443,100,0.1,0.2,100,1,500,8,1,0.3,0.5,2.5,1,0,1,0,-285.164,0.89954,598.846,1.88616,3244.95
443,100,0.1,0.2,100,1,500,8,1,0.3,0.5,2.5,1,0,2,0,-11181,0.85972,23400.2,2.63378,4650.47
443,100,0.1,0.2,100,1,500,8,1,0.3,0.5,2.5,1,0,3,0,0.13534,0.923283,1.80945,1.44037,59.5609
444,100,0.1,0.2,100,1,500,8,1,0.3,0.5,2.5,1,2,1,0,-14.6439,0.804017,33.8079,3.17131,3250.89
444,100,0.1,0.2,100,1,500,8,1,0.3,0.5,2.5,1,2,2,0,-1.61823,0.728381,5.65825,4.39522,3232.58
444,100,0.1,0.2,100,1,500,8,1,0.3,0.5,2.5,1,2,3,0,-0.00321607,0.873993,2.16804,2.03898,125.616
445,100,0.1,0.2,100,1,500,8,1,0.3,0.5,2.5,0,1,1,0,-311.657,0.868253,306.295,0.992142,1057.8
445,100,0.1,0.2,100,1,500,8,1,0.3,0.5,2.5,0,1,2,0,-311.657,0.868253,306.295,0.992142,1027.07
445,100,0.1,0.2,100,1,500,8,1,0.3,0.5,2.5,0,1,3,0,0.00583632,0.872125,0.973934,0.962985,47.5563
446,100,0.1,0.2,100,1,500,8,1,0.3,0.5,2.5,0,3,1,0,-3234.18,0.782007,3280.88,1.84865,1058.68
446,100,0.1,0.2,100,1,500,8,1,0.3,0.5,2.5,0,3,2,0,-76.2424,0.875245,78.3336,1.05797,1014.6
446,100,0.1,0.2,100,1,500,8,1,0.3,0.5,2.5,0,3,3,0,0.00305634,0.881338,1.01103,1.00629,47.7918
447,100,0.1,0.2,100,1,500,8,1,0.3,0.5,2.5,0,0,1,0,-3.44391,0.863092,5.35538,1.21225,2494.98
447,100,0.1,0.2,100,1,500,8,1,0.3,0.5,2.5,0,0,2,0,-10.5211,0.875546,13.8841,1.10197,2485.71
447,100,0.1,0.2,100,1,500,8,1,0.3,0.5,2.5,0,0,3,0,0.0211784,0.869741,1.17958,1.15337,48.8313
448,100,0.1,0.2,100,1,500,8,1,0.3,0.5,2.5,0,2,1,0,-6419.39,0.874513,6308.06,0.987319,2327.64
448,100,0.1,0.2,100,1,500,8,1,0.3,0.5,2.5,0,2,2,0,-26.2022,0.861729,26.7262,1.0879,2464.7
448,100,0.1,0.2,100,1,500,8,1,0.3,0.5,2.5,0,2,3,0,0.0113323,0.878318,0.97137,0.957385,51.8673
449,100,0.1,0.2,100,1,500,8,1,0.5,0,2.5,1,1,1,0,-25.3537,0.87808,6.44566,0.326001,782.012
449,100,0.1,0.2,100,1,500,8,1,0.5,0,2.5,1,1,2,0,-32.3874,0.671649,8.16598,0.877972,851.858
449,100,0.1,0.2,100,1,500,8,1,0.5,0,2.5,1,1,3,0,0.0602867,0.915648,0.229837,0.225547,33.9191
450,100,0.1,0.2,100,1,500,8,1,0.5,0,2.5,1,3,1,0,-35.8278,0.65566,11.2852,0.928292,826.003
450,100,0.1,0.2,100,1,500,8,1,0.5,0,2.5,1,3,2,0,-19.9903,0.889112,6.43207,0.298939,787.678
450,100,0.1,0.2,100,1,500,8,1,0.5,0,2.5,1,3,3,0,0.172234,0.910952,0.253653,0.240061,36.8915
451,100,0.1,0.2,100,1,500,8,1,0.5,0,2.5,1,0,1,0,-696.335,0.887285,163.059,0.301754,1932.35
451,100,0.1,0.2,100,1,500,8,1,0.5,0,2.5,1,0,2,0,-33626.9,0.826438,7863.27,0.464648,1892.64
451,100,0.1,0.2,100,1,500,8,1,0.5,0,2.5,1,0,3,0,0.0288386,0.917162,0.227088,0.221768,33.6259
452,100,0.1,0.2,100,1,500,8,1,0.5,0,2.5,1,2,1,0,-1.5665,0.873934,0.711724,0.353037,1912.25
452,100,0.1,0.2,100,1,500,8,1,0.5,0,2.5,1,2,2,0,-35598.6,0.799172,9872.24,0.562398,3281.29
452,100,0.1,0.2,100,1,500,8,1,0.5,0,2.5,1,2,3,0,0.0937638,0.913933,0.251312,0.241022,34.621
453,100,0.1,0.2,100,1,500,8,1,0.5,0,2.5,0,1,1,0,-0.131901,0.79126,0.607566,0.585936,780.92
453,100,0.1,0.2,100,1,500,8,1,0.5,0,2.5,0,1,2,0,-377.046,0.8157,202.922,0.517332,777.116
453,100,0.1,0.2,100,1,500,8,1,0.5,0,2.5,0,1,3,0,0.344632,0.898944,0.351779,0.283665,34.6249
454,100,0.1,0.2,100,1,500,8,1,0.5,0,2.5,0,3,1,0,-90.0713,0.774677,37.398,0.622113,855.007
454,100,0.1,0.2,100,1,500,8,1,0.5,0,2.5,0,3,2,0,-3.64303e+06,0.75197,1.49599e+06,0.684805,832.947
454,100,0.1,0.2,100,1,500,8,1,0.5,0,2.5,0,3,3,0,0.323143,0.913473,0.277948,0.2389,36.1135
455,100,0.1,0.2,100,1,500,8,1,0.5,0,2.5,0,0,1,0,-14677.6,0.885093,9245.67,0.315129,1785.82
455,100,0.1,0.2,100,1,500,8,1,0.5,0,2.5,0,0,2,0,-36.7683,0.896446,23.7893,0.283993,1712.95
455,100,0.1,0.2,100,1,500,8,1,0.5,0,2.5,0,0,3,0,0.333937,0.888753,0.419536,0.305092,39.2609
456,100,0.1,0.2,100,1,500,8,1,0.5,0,2.5,0,2,1,0,-19.0596,0.844126,7.24913,0.438943,1766.03
456,100,0.1,0.2,100,1,500,8,1,0.5,0,2.5,0,2,2,0,-41.247,0.8981,15.2672,0.28695,1806.61
456,100,0.1,0.2,100,1,500,8,1,0.5,0,2.5,0,2,3,0,0.252724,0.912988,0.27005,0.245025,31.4961
457,100,0.1,0.2,100,1,500,8,1,0.5,0.1,2.5,1,1,1,0,-7208.8,0.869166,6363.28,0.893668,881.96
457,100,0.1,0.2,100,1,500,8,1,0.5,0.1,2.5,1,1,2,0,-12.5641,0.836604,11.9715,1.11608,910.109
457,100,0.1,0.2,100,1,500,8,1,0.5,0.1,2.5,1,1,3,0,-0.0228064,0.874204,0.902716,0.859256,62.2653
458,100,0.1,0.2,100,1,500,8,1,0.5,0.1,2.5,1,3,1,0,-31044.1,0.878806,29351.3,0.838438,876.311
458,100,0.1,0.2,100,1,500,8,1,0.5,0.1,2.5,1,3,2,0,-28.2096,0.774597,27.6159,1.55937,935.183
458,100,0.1,0.2,100,1,500,8,1,0.5,0.1,2.5,1,3,3,0,-0.0187144,0.867308,0.963135,0.917982,39.9776
459,100,0.1,0.2,100,1,500,8,1,0.5,0.1,2.5,1,0,1,0,-0.555203,0.888319,1.13268,0.81139,1901.79
459,100,0.1,0.2,100,1,500,8,1,0.5,0.1,2.5,1,0,2,0,-26039.5,0.862265,18965.7,1.00068,2018.3
459,100,0.1,0.2,100,1,500,8,1,0.5,0.1,2.5,1,0,3,0,-0.0194076,0.900739,0.742449,0.721155,46.2679
460,100,0.1,0.2,100,1,500,8,1,0.5,0.1,2.5,1,2,1,0,-8002.34,0.877492,7225.38,0.831247,1970.77
460,100,0.1,0.2,100,1,500,8,1,0.5,0.1,2.5,1,2,2,0,-0.123399,0.850639,1.0142,1.01345,2194.93
460,100,0.1,0.2,100,1,500,8,1,0.5,0.1,2.5,1,2,3,0,-0.0160312,0.867451,0.917267,0.899376,41.2731
461,100,0.1,0.2,100,1,500,8,1,0.5,0.1,2.5,0,1,1,0,-16.8236,0.85635,9.55547,0.642436,865.531
461,100,0.1,0.2,100,1,500,8,1,0.5,0.1,2.5,0,1,2,0,-611.016,0.882243,328.109,0.526636,875.314
461,100,0.1,0.2,100,1,500,8,1,0.5,0.1,2.5,0,1,3,0,0.00790785,0.88242,0.531873,0.525843,34.0829
462,100,0.1,0.2,100,1,500,8,1,0.5,0.1,2.5,0,3,1,0,-2.96038,0.898504,1.63296,0.410025,811.681
462,100,0.1,0.2,100,1,500,8,1,0.5,0.1,2.5,0,3,2,0,-289.821,0.868168,119.912,0.532578,865.705
462,100,0.1,0.2,100,1,500,8,1,0.5,0.1,2.5,0,3,3,0,0.0462052,0.905409,0.393271,0.38213,34.1662
463,100,0.1,0.2,100,1,500,8,1,0.5,0.1,2.5,0,0,1,0,-16155,0.885978,9114.76,0.48877,1991.06
463,100,0.1,0.2,100,1,500,8,1,0.5,0.1,2.5,0,0,2,0,-6242.54,0.854944,3522.42,0.621801,1995.5
463,100,0.1,0.2,100,1,500,8,1,0.5,0.1,2.5,0,0,3,0,0.0138064,0.872035,0.556381,0.54854,42.5263
464,100,0.1,0.2,100,1,500,8,1,0.5,0.1,2.5,0,2,1,0,-20.0092,0.888917,10.2933,0.439338,3288.93
464,100,0.1,0.2,100,1,500,8,1,0.5,0.1,2.5,0,2,2,0,-23241.3,0.850682,11387.4,0.590557,1904.07
464,100,0.1,0.2,100,1,500,8,1,0.5,0.1,2.5,0,2,3,0,0.0914705,0.893752,0.445126,0.420213,33.8144
465,100,0.1,0.2,100,1,500,8,1,0.5,0.3,2.5,1,1,1,0,-51.8619,0.827116,95.6198,2.57083,1246.06
465,100,0.1,0.2,100,1,500,8,1,0.5,0.3,2.5,1,1,2,0,-2.34294,0.888422,6.04691,1.65919,1281.2
465,100,0.1,0.2,100,1,500,8,1,0.5,0.3,2.5,1,1,3,0,0.0110347,0.88061,1.7889,1.77536,44.6605
466,100,0.1,0.2,100,1,500,8,1,0.5,0.3,2.5,1,3,1,0,-2570.85,0.85919,3423.16,1.79022,1241.45
466,100,0.1,0.2,100,1,500,8,1,0.5,0.3,2.5,1,3,2,0,-2570.85,0.85919,3423.16,1.79022,1197.09
466,100,0.1,0.2,100,1,500,8,1,0.5,0.3,2.5,1,3,3,0,0.0807535,0.90959,1.22353,1.14945,61.9922
467,100,0.1,0.2,100,1,500,8,1,0.5,0.3,2.5,1,0,1,0,-297.073,0.876729,401.909,1.58728,2683.04
467,100,0.1,0.2,100,1,500,8,1,0.5,0.3,2.5,1,0,2,0,-294244,0.794261,396747,2.64918,2680.98
467,100,0.1,0.2,100,1,500,8,1,0.5,0.3,2.5,1,0,3,0,0.0452871,0.90669,1.28729,1.20149,68.7473
468,100,0.1,0.2,100,1,500,8,1,0.5,0.3,2.5,1,2,1,0,-482.391,0.892597,977.074,1.69615,2673.36
468,100,0.1,0.2,100,1,500,8,1,0.5,0.3,2.5,1,2,2,0,-5452.36,0.859791,11022.8,2.21422,2819.05
468,100,0.1,0.2,100,1,500,8,1,0.5,0.3,2.5,1,2,3,0,0.0375531,0.880069,1.94539,1.89399,38.8994
469,100,0.1,0.2,100,1,500,8,1,0.5,0.3,2.5,0,1,1,0,-1163.63,0.878682,1012.34,0.730409,927.586
469,100,0.1,0.2,100,1,500,8,1,0.5,0.3,2.5,0,1,2,0,-2558.04,0.853697,2224.41,0.88083,966.907
469,100,0.1,0.2,100,1,500,8,1,0.5,0.3,2.5,0,1,3,0,0.0138013,0.860885,0.857241,0.837556,50.8433
470,100,0.1,0.2,100,1,500,8,1,0.5,0.3,2.5,0,3,1,0,-109.492,0.881663,100.427,0.826868,1023.05
470,100,0.1,0.2,100,1,500,8,1,0.5,0.3,2.5,0,3,2,0,-109.492,0.881663,100.427,0.826868,963.036
470,100,0.1,0.2,100,1,500,8,1,0.5,0.3,2.5,0,3,3,0,0.00145479,0.872632,0.907587,0.889972,50.9713
471,100,0.1,0.2,100,1,500,8,1,0.5,0.3,2.5,0,0,1,0,-160.064,0.825865,138.046,1.24006,2286.25
471,100,0.1,0.2,100,1,500,8,1,0.5,0.3,2.5,0,0,2,0,-368.111,0.881811,316.361,0.841653,2289.4
471,100,0.1,0.2,100,1,500,8,1,0.5,0.3,2.5,0,0,3,0,0.0298874,0.886224,0.831471,0.810229,41.5385
472,100,0.1,0.2,100,1,500,8,1,0.5,0.3,2.5,0,2,1,0,-114.991,0.878376,95.723,0.842101,2278.44
472,100,0.1,0.2,100,1,500,8,1,0.5,0.3,2.5,0,2,2,0,-11.2196,0.863697,10.0844,0.943734,2348.34
472,100,0.1,0.2,100,1,500,8,1,0.5,0.3,2.5,0,2,3,0,0.0153329,0.88649,0.812606,0.785923,50.0474
473,100,0.1,0.2,100,1,500,8,1,0.5,0.5,2.5,1,1,1,0,-0.477927,0.862017,3.46762,2.65089,2818.09
473,100,0.1,0.2,100,1,500,8,1,0.5,0.5,2.5,1,1,2,0,-46.2481,0.846525,110.857,2.94852,1339.57
473,100,0.1,0.2,100,1,500,8,1,0.5,0.5,2.5,1,1,3,0,0.057243,0.902428,2.21197,1.87452,91.8834
474,100,0.1,0.2,100,1,500,8,1,0.5,0.5,2.5,1,3,1,0,-652.364,0.569575,1875.5,9.62691,1390.51
474,100,0.1,0.2,100,1,500,8,1,0.5,0.5,2.5,1,3,2,0,-34.6988,0.827529,102.475,3.85749,1394.58
474,100,0.1,0.2,100,1,500,8,1,0.5,0.5,2.5,1,3,3,0,0.0219084,0.888632,2.80765,2.49086,85.0049
475,100,0.1,0.2,100,1,500,8,1,0.5,0.5,2.5,1,0,1,0,-14.3471,0.890516,41.9584,2.3412,3176.59
475,100,0.1,0.2,100,1,500,8,1,0.5,0.5,2.5,1,0,2,0,-8281.76,0.892255,22644.7,2.30402,3098.69
475,100,0.1,0.2,100,1,500,8,1,0.5,0.5,2.5,1,0,3,0,0.0716143,0.911008,2.53817,1.903,69.4724
476,100,0.1,0.2,100,1,500,8,1,0.5,0.5,2.5,1,2,1,0,-12.1714,0.889849,40.5673,2.70791,3217.51
476,100,0.1,0.2,100,1,500,8,1,0.5,0.5,2.5,1,2,2,0,-1771.4,0.854851,5458.9,3.56828,3089.74
476,100,0.1,0.2,100,1,500,8,1,0.5,0.5,2.5,1,2,3,0,0.0694636,0.902031,2.86601,2.40844,71.8651
477,100,0.1,0.2,100,1,500,8,1,0.5,0.5,2.5,0,1,1,0,-2.05291,0.830825,3.59976,1.47052,1076.37
477,100,0.1,0.2,100,1,500,8,1,0.5,0.5,2.5,0,1,2,0,-667.821,0.757841,788.624,2.10492,1153.04
477,100,0.1,0.2,100,1,500,8,1,0.5,0.5,2.5,0,1,3,0,0.0200632,0.869403,1.15547,1.13519,50.4018
478,100,0.1,0.2,100,1,500,8,1,0.5,0.5,2.5,0,3,1,0,-1355.31,0.79756,1297.84,1.52322,1124.33
478,100,0.1,0.2,100,1,500,8,1,0.5,0.5,2.5,0,3,2,0,-5.3216,0.877208,6.04908,0.923924,1139.07
478,100,0.1,0.2,100,1,500,8,1,0.5,0.5,2.5,0,3,3,0,0.00827352,0.87573,0.948974,0.935047,41.2193
479,100,0.1,0.2,100,1,500,8,1,0.5,0.5,2.5,0,0,1,0,-70.5087,0.872448,75.0069,1.0995,2561.59
479,100,0.1,0.2,100,1,500,8,1,0.5,0.5,2.5,0,0,2,0,-1.01759,0.875421,2.11629,1.07387,2543.46
479,100,0.1,0.2,100,1,500,8,1,0.5,0.5,2.5,0,0,3,0,0.00379121,0.880115,1.04494,1.03341,49.1196
480,100,0.1,0.2,100,1,500,8,1,0.5,0.5,2.5,0,2,1,0,-7.71311,0.87132,11.5227,1.20841,2577.98
480,100,0.1,0.2,100,1,500,8,1,0.5,0.5,2.5,0,2,2,0,-76.4804,0.842583,102.464,1.47827,4017.64
480,100,0.1,0.2,100,1,500,8,1,0.5,0.5,2.5,0,2,3,0,0.0231967,0.865787,1.29178,1.26036,40.6488
481,100,0.1,0.2,100,1,500,8,3,0,0,2.5,1,1,1,0,1,1,1.91433e-29,-6.69298e-16,128.963
481,100,0.1,0.2,100,1,500,8,3,0,0,2.5,1,1,2,0,1,1,1.91433e-29,-6.69298e-16,128.19
481,100,0.1,0.2,100,1,500,8,3,0,0,2.5,1,1,3,0,1,1,5.54428e-19,-2.46636e-16,25.0625
482,100,0.1,0.2,100,1,500,8,3,0,0,2.5,1,3,1,0,1,1,2.0514e-30,-1.19755e-15,113.103
482,100,0.1,0.2,100,1,500,8,3,0,0,2.5,1,3,2,0,1,1,2.0514e-30,-1.19755e-15,113.573
482,100,0.1,0.2,100,1,500,8,3,0,0,2.5,1,3,3,0,1,1,1.08074e-18,-8.27411e-17,25.5301
483,100,0.1,0.2,100,1,500,8,3,0,0,2.5,1,0,1,0,1,1,3.64303e-31,4.65652e-16,320.578
483,100,0.1,0.2,100,1,500,8,3,0,0,2.5,1,0,2,0,1,1,2.84055e-31,-1.05203e-15,319.875
483,100,0.1,0.2,100,1,500,8,3,0,0,2.5,1,0,3,0,1,1,1.08087e-17,2.95545e-16,25.0631
484,100,0.1,0.2,100,1,500,8,3,0,0,2.5,1,2,1,0,1,1,3.59589e-29,-4.99878e-16,299.865
484,100,0.1,0.2,100,1,500,8,3,0,0,2.5,1,2,2,0,1,1,6.59195e-29,-2.82565e-16,296.477
484,100,0.1,0.2,100,1,500,8,3,0,0,2.5,1,2,3,0,1,1,1.79659e-19,9.34922e-16,24.753
485,100,0.1,0.2,100,1,500,8,3,0,0,2.5,0,1,1,0,1,1,7.77134e-31,-4.5286e-16,129.591
485,100,0.1,0.2,100,1,500,8,3,0,0,2.5,0,1,2,0,1,1,7.77134e-31,-4.5286e-16,128.283
485,100,0.1,0.2,100,1,500,8,3,0,0,2.5,0,1,3,0,1,1,3.35315e-18,-6.16455e-16,25.5808
486,100,0.1,0.2,100,1,500,8,3,0,0,2.5,0,3,1,0,1,1,1.53207e-31,-4.78284e-16,111.93
486,100,0.1,0.2,100,1,500,8,3,0,0,2.5,0,3,2,0,1,1,1.53207e-31,-4.78284e-16,114.068
486,100,0.1,0.2,100,1,500,8,3,0,0,2.5,0,3,3,0,1,1,1.68478e-19,-1.45411e-16,24.6968
487,100,0.1,0.2,100,1,500,8,3,0,0,2.5,0,0,1,0,1,1,5.11595e-30,-5.93751e-16,325.079
487,100,0.1,0.2,100,1,500,8,3,0,0,2.5,0,0,2,0,1,1,1.62607e-30,-6.2983e-16,325.929
487,100,0.1,0.2,100,1,500,8,3,0,0,2.5,0,0,3,0,1,1,3.9359e-18,8.68555e-16,25.0545
488,100,0.1,0.2,100,1,500,8,3,0,0,2.5,0,2,1,0,1,1,2.01828e-30,-2.85064e-16,307.154
488,100,0.1,0.2,100,1,500,8,3,0,0,2.5,0,2,2,0,1,1,1.3329e-31,-5.32109e-16,304.931
488,100,0.1,0.2,100,1,500,8,3,0,0,2.5,0,2,3,0,1,1,3.83394e-18,-5.69107e-16,26.4901
489,100,0.1,0.2,100,1,500,8,3,0,0.1,2.5,1,1,1,0,-6.18041,0.812926,10.6471,2.34752,60.6881
489,100,0.1,0.2,100,1,500,8,3,0,0.1,2.5,1,1,2,0,-6.18041,0.812926,10.6471,2.34752,62.1819
489,100,0.1,0.2,100,1,500,8,3,0,0.1,2.5,1,1,3,0,0.10786,0.902496,1.32286,1.22354,92.7492
490,100,0.1,0.2,100,1,500,8,3,0,0.1,2.5,1,3,1,0,-41.0689,0.84253,49.629,1.76783,66.8703
490,100,0.1,0.2,100,1,500,8,3,0,0.1,2.5,1,3,2,0,-41.0689,0.84253,49.629,1.76783,69.7372
490,100,0.1,0.2,100,1,500,8,3,0,0.1,2.5,1,3,3,0,-0.110885,0.890578,1.31052,1.22842,170.461
491,100,0.1,0.2,100,1,500,8,3,0,0.1,2.5,1,0,1,0,-36.3624,0.856666,60.7491,1.76082,172.899
491,100,0.1,0.2,100,1,500,8,3,0,0.1,2.5,1,0,2,0,-68.6368,0.857339,113.225,1.75255,158.816
491,100,0.1,0.2,100,1,500,8,3,0,0.1,2.5,1,0,3,0,0.195912,0.906291,1.3074,1.15119,99.7078
492,100,0.1,0.2,100,1,500,8,3,0,0.1,2.5,1,2,1,0,-30.6962,0.845217,51.8221,1.7665,181.578
492,100,0.1,0.2,100,1,500,8,3,0,0.1,2.5,1,2,2,0,-34.5071,0.817374,58.0528,2.08426,165.039
492,100,0.1,0.2,100,1,500,8,3,0,0.1,2.5,1,2,3,0,-0.0707539,0.849221,1.75064,1.7208,26.7025
493,100,0.1,0.2,100,1,500,8,3,0,0.1,2.5,0,1,1,0,-3.57814,0.906349,3.48511,0.560951,73.3797
493,100,0.1,0.2,100,1,500,8,3,0,0.1,2.5,0,1,2,0,-3.57814,0.906349,3.48511,0.560951,71.2604
493,100,0.1,0.2,100,1,500,8,3,0,0.1,2.5,0,1,3,0,-0.057489,0.914125,0.805014,0.514374,52.043
494,100,0.1,0.2,100,1,500,8,3,0,0.1,2.5,0,3,1,0,-221.707,0.902068,146.986,0.582395,64.3962
494,100,0.1,0.2,100,1,500,8,3,0,0.1,2.5,0,3,2,0,-221.707,0.902068,146.986,0.582395,65.2433
494,100,0.1,0.2,100,1,500,8,3,0,0.1,2.5,0,3,3,0,-0.049154,0.90287,0.692439,0.577627,43.7185
495,100,0.1,0.2,100,1,500,8,3,0,0.1,2.5,0,0,1,0,-6.07097,0.882099,5.66293,0.713755,162.728
495,100,0.1,0.2,100,1,500,8,3,0,0.1,2.5,0,0,2,0,-165.903,0.888982,133.667,0.672087,158.563
495,100,0.1,0.2,100,1,500,8,3,0,0.1,2.5,0,0,3,0,-0.189332,0.886602,0.952501,0.686495,46.4719
496,100,0.1,0.2,100,1,500,8,3,0,0.1,2.5,0,2,1,0,-4.14173,0.870076,3.12652,0.762519,147.36
496,100,0.1,0.2,100,1,500,8,3,0,0.1,2.5,0,2,2,0,-14.2254,0.895238,9.25805,0.614845,152.608
496,100,0.1,0.2,100,1,500,8,3,0,0.1,2.5,0,2,3,0,-0.055264,0.913704,0.641672,0.506468,48.5369
497,100,0.1,0.2,100,1,500,8,3,0,0.3,2.5,1,1,1,0,-4.33922,0.900397,21.3684,3.04794,917.917
497,100,0.1,0.2,100,1,500,8,3,0,0.3,2.5,1,1,2,0,-67.3225,0.822723,273.437,5.42485,1023.9
497,100,0.1,0.2,100,1,500,8,3,0,0.3,2.5,1,1,3,0,0.49171,0.961087,2.03425,1.19076,61.1508
498,100,0.1,0.2,100,1,500,8,3,0,0.3,2.5,1,3,1,0,-273.209,0.795471,1002.84,6.10244,924.513
498,100,0.1,0.2,100,1,500,8,3,0,0.3,2.5,1,3,2,0,-21.9792,0.79925,84.0398,5.98968,908.192
498,100,0.1,0.2,100,1,500,8,3,0,0.3,2.5,1,3,3,0,0.470665,0.959347,1.93589,1.21295,61.0808
499,100,0.1,0.2,100,1,500,8,3,0,0.3,2.5,1,0,1,0,-26.9135,0.85359,144.955,4.73136,2242.08
499,100,0.1,0.2,100,1,500,8,3,0,0.3,2.5,1,0,2,0,-1.46713,0.829331,12.8118,5.5153,2399.57
499,100,0.1,0.2,100,1,500,8,3,0,0.3,2.5,1,0,3,0,0.419798,0.956207,3.01299,1.41521,102.029
500,100,0.1,0.2,100,1,500,8,3,0,0.3,2.5,1,2,1,0,-8.25129,0.924741,37.0602,1.92256,2236.26
500,100,0.1,0.2,100,1,500,8,3,0,0.3,2.5,1,2,2,0,-2.85762,0.890306,15.4534,2.80225,2404.78
500,100,0.1,0.2,100,1,500,8,3,0,0.3,2.5,1,2,3,0,0.264248,0.932053,2.94738,1.73578,106.282
501,100,0.1,0.2,100,1,500,8,3,0,0.3,2.5,0,1,1,0,-489.441,0.861319,803.463,1.64813,658.509
501,100,0.1,0.2,100,1,500,8,3,0,0.3,2.5,0,1,2,0,-10.2761,0.830335,18.473,2.01636,797.508
501,100,0.1,0.2,100,1,500,8,3,0,0.3,2.5,0,1,3,0,-0.0386415,0.862432,1.70155,1.63491,70.8003
502,100,0.1,0.2,100,1,500,8,3,0,0.3,2.5,0,3,1,0,-18.9077,0.847219,30.8304,1.74645,788.996
502,100,0.1,0.2,100,1,500,8,3,0,0.3,2.5,0,3,2,0,-3.23951,0.845952,6.5656,1.76093,887.958
502,100,0.1,0.2,100,1,500,8,3,0,0.3,2.5,0,3,3,0,0.097271,0.885722,1.39803,1.30631,82.9256
503,100,0.1,0.2,100,1,500,8,3,0,0.3,2.5,0,0,1,0,-24.9619,0.836495,39.2532,1.79969,448.872
503,100,0.1,0.2,100,1,500,8,3,0,0.3,2.5,0,0,2,0,-30.9096,0.842132,48.2458,1.73764,1639.81
503,100,0.1,0.2,100,1,500,8,3,0,0.3,2.5,0,0,3,0,-0.0367639,0.859394,1.56754,1.54764,59.3486
504,100,0.1,0.2,100,1,500,8,3,0,0.3,2.5,0,2,1,0,-38.162,0.769212,65.2204,2.58925,882.908
504,100,0.1,0.2,100,1,500,8,3,0,0.3,2.5,0,2,2,0,-7.87539,0.776768,14.7811,2.50447,787.166
504,100,0.1,0.2,100,1,500,8,3,0,0.3,2.5,0,2,3,0,0.015516,0.856575,1.63956,1.60911,67.8255
505,100,0.1,0.2,100,1,500,8,3,0,0.5,2.5,1,1,1,0,-125.963,0.833817,696.361,7.80574,1464.03
505,100,0.1,0.2,100,1,500,8,3,0,0.5,2.5,1,1,2,0,-6224.85,0.800392,34147.4,9.37573,1448.18
505,100,0.1,0.2,100,1,500,8,3,0,0.5,2.5,1,1,3,0,0.65543,0.977513,1.88989,1.05624,67.2144
506,100,0.1,0.2,100,1,500,8,3,0,0.5,2.5,1,3,1,0,-1.72987,0.891844,12.9011,4.92216,1469.08
506,100,0.1,0.2,100,1,500,8,3,0,0.5,2.5,1,3,2,0,-611.587,0.563628,2895.03,19.8592,2710.89
506,100,0.1,0.2,100,1,500,8,3,0,0.5,2.5,1,3,3,0,0.667647,0.979908,1.57067,0.914379,64.5546
507,100,0.1,0.2,100,1,500,8,3,0,0.5,2.5,1,0,1,0,-17.6739,0.850601,95.3804,7.31728,3156.04
507,100,0.1,0.2,100,1,500,8,3,0,0.5,2.5,1,0,2,0,-76.2171,0.917457,394.4,4.04278,3111.57
507,100,0.1,0.2,100,1,500,8,3,0,0.5,2.5,1,0,3,0,0.668624,0.980364,1.69256,0.961733,70.2488
508,100,0.1,0.2,100,1,500,8,3,0,0.5,2.5,1,2,1,0,-86.9839,0.903549,475.7,3.21061,2817.11
508,100,0.1,0.2,100,1,500,8,3,0,0.5,2.5,1,2,2,0,-123.609,0.866119,673.719,4.45654,2979.94
508,100,0.1,0.2,100,1,500,8,3,0,0.5,2.5,1,2,3,0,0.34074,0.952532,3.5644,1.5801,83.8077
509,100,0.1,0.2,100,1,500,8,3,0,0.5,2.5,0,1,1,0,-85.2932,0.824468,146.924,3.34605,1098.14
509,100,0.1,0.2,100,1,500,8,3,0,0.5,2.5,0,1,2,0,-3.73501,0.904147,8.06191,1.82718,1147.88
509,100,0.1,0.2,100,1,500,8,3,0,0.5,2.5,0,1,3,0,0.241797,0.941443,1.29093,1.11624,46.6337
510,100,0.1,0.2,100,1,500,8,3,0,0.5,2.5,0,3,1,0,-5.24216,0.834587,14.1567,2.94844,1088.51
510,100,0.1,0.2,100,1,500,8,3,0,0.5,2.5,0,3,2,0,-1032.55,0.895812,2343.99,1.85712,1129.1
510,100,0.1,0.2,100,1,500,8,3,0,0.5,2.5,0,3,3,0,0.218437,0.921003,1.77251,1.4081,63.4485
511,100,0.1,0.2,100,1,500,8,3,0,0.5,2.5,0,0,1,0,-9.62,0.920413,21.2137,1.30565,2542.88
511,100,0.1,0.2,100,1,500,8,3,0,0.5,2.5,0,0,2,0,-55.2967,0.86444,112.454,2.22392,2493.8
511,100,0.1,0.2,100,1,500,8,3,0,0.5,2.5,0,0,3,0,0.27094,0.932283,1.45631,1.11093,59.3058
512,100,0.1,0.2,100,1,500,8,3,0,0.5,2.5,0,2,1,0,-636.878,0.739939,1119.62,3.45254,2634.82
512,100,0.1,0.2,100,1,500,8,3,0,0.5,2.5,0,2,2,0,-65.0444,0.844765,115.922,2.06088,2548.24
512,100,0.1,0.2,100,1,500,8,3,0,0.5,2.5,0,2,3,0,0.120764,0.903033,1.54325,1.28732,77.7102
513,100,0.1,0.2,100,1,500,8,3,0.1,0,2.5,1,1,1,0,0.646782,0.983087,0.11257,0.0502666,428.739
513,100,0.1,0.2,100,1,500,8,3,0.1,0,2.5,1,1,2,0,-49.2364,0.896077,16.0103,0.308867,425.891
513,100,0.1,0.2,100,1,500,8,3,0.1,0,2.5,1,1,3,0,0.873152,0.990641,0.0404264,0.0278161,27.521
514,100,0.1,0.2,100,1,500,8,3,0.1,0,2.5,1,3,1,0,0.0149514,0.974021,0.346791,0.0814952,437.13
514,100,0.1,0.2,100,1,500,8,3,0.1,0,2.5,1,3,2,0,0.647366,0.973165,0.124147,0.0841807,420.2
514,100,0.1,0.2,100,1,500,8,3,0.1,0,2.5,1,3,3,0,0.879451,0.990683,0.0424398,0.0292277,25.8319
515,100,0.1,0.2,100,1,500,8,3,0.1,0,2.5,1,0,1,0,-8.06571,0.98351,4.87512,0.0519437,301.174
515,100,0.1,0.2,100,1,500,8,3,0.1,0,2.5,1,0,2,0,0.0574705,0.978563,0.506848,0.0675265,301.971
515,100,0.1,0.2,100,1,500,8,3,0.1,0,2.5,1,0,3,0,0.89907,0.99106,0.0542752,0.0281606,25.1786
516,100,0.1,0.2,100,1,500,8,3,0.1,0,2.5,1,2,1,0,-5.47466,0.977152,1.21028,0.0719338,303.362
516,100,0.1,0.2,100,1,500,8,3,0.1,0,2.5,1,2,2,0,0.496321,0.986344,0.0941507,0.042994,154.891
516,100,0.1,0.2,100,1,500,8,3,0.1,0,2.5,1,2,3,0,0.809169,0.99049,0.0356713,0.0299416,25.804
517,100,0.1,0.2,100,1,500,8,3,0.1,0,2.5,0,1,1,0,-8.68347,0.965011,7.61885,0.107019,412.815
517,100,0.1,0.2,100,1,500,8,3,0.1,0,2.5,0,1,2,0,0.401669,0.988713,0.47076,0.0345238,1701.3
517,100,0.1,0.2,100,1,500,8,3,0.1,0,2.5,0,1,3,0,0.848013,0.989258,0.119582,0.032857,34.4766
518,100,0.1,0.2,100,1,500,8,3,0.1,0,2.5,0,3,1,0,-3.27441,0.959501,2.85272,0.126599,524.746
518,100,0.1,0.2,100,1,500,8,3,0.1,0,2.5,0,3,2,0,-2.51383,0.921993,2.3451,0.243847,459.496
518,100,0.1,0.2,100,1,500,8,3,0.1,0,2.5,0,3,3,0,0.890271,0.990911,0.0732321,0.028412,25.4524
519,100,0.1,0.2,100,1,500,8,3,0.1,0,2.5,0,0,1,0,0.521187,0.981941,0.210279,0.0554843,298.725
519,100,0.1,0.2,100,1,500,8,3,0.1,0,2.5,0,0,2,0,-4196.01,0.988438,1843.19,0.0355228,306.411
519,100,0.1,0.2,100,1,500,8,3,0.1,0,2.5,0,0,3,0,0.886156,0.990052,0.0499966,0.0305648,26.5349
520,100,0.1,0.2,100,1,500,8,3,0.1,0,2.5,0,2,1,0,-7.83337,0.985898,2.59863,0.0440449,298.516
520,100,0.1,0.2,100,1,500,8,3,0.1,0,2.5,0,2,2,0,-176.657,0.984392,52.2637,0.0487478,303.856
520,100,0.1,0.2,100,1,500,8,3,0.1,0,2.5,0,2,3,0,0.867248,0.990625,0.0390533,0.0292817,24.7894
521,100,0.1,0.2,100,1,500,8,3,0.1,0.1,2.5,1,1,1,0,-5.52669,0.842472,11.9003,2.04388,692.454
521,100,0.1,0.2,100,1,500,8,3,0.1,0.1,2.5,1,1,2,0,-56.4955,0.850524,104.833,1.93941,659.794
521,100,0.1,0.2,100,1,500,8,3,0.1,0.1,2.5,1,1,3,0,-0.187154,0.848134,2.16457,1.97042,68.8428
522,100,0.1,0.2,100,1,500,8,3,0.1,0.1,2.5,1,3,1,0,-6.93556,0.869821,9.41436,1.56018,413.365
522,100,0.1,0.2,100,1,500,8,3,0.1,0.1,2.5,1,3,2,0,-5.83482,0.83867,8.1085,1.93353,471.732
522,100,0.1,0.2,100,1,500,8,3,0.1,0.1,2.5,1,3,3,0,-0.135216,0.895925,1.34676,1.24733,166.894
523,100,0.1,0.2,100,1,500,8,3,0.1,0.1,2.5,1,0,1,0,-39.4066,0.841437,60.5492,1.90924,768.394
523,100,0.1,0.2,100,1,500,8,3,0.1,0.1,2.5,1,0,2,0,-21.778,0.843927,34.1327,1.87927,861.591
523,100,0.1,0.2,100,1,500,8,3,0.1,0.1,2.5,1,0,3,0,-0.315865,0.863888,1.97182,1.63892,53.7653
524,100,0.1,0.2,100,1,500,8,3,0.1,0.1,2.5,1,2,1,0,-2.03533,0.82065,5.05105,2.09656,567.201
524,100,0.1,0.2,100,1,500,8,3,0.1,0.1,2.5,1,2,2,0,-408.07,0.84148,680.728,1.85307,572.419
524,100,0.1,0.2,100,1,500,8,3,0.1,0.1,2.5,1,2,3,0,-0.158137,0.845163,1.92724,1.81001,56.208
525,100,0.1,0.2,100,1,500,8,3,0.1,0.1,2.5,0,1,1,0,-1.13552,0.90536,1.3262,0.617228,544.162
525,100,0.1,0.2,100,1,500,8,3,0.1,0.1,2.5,0,1,2,0,-4.02495,0.892328,3.12061,0.702218,580.342
525,100,0.1,0.2,100,1,500,8,3,0.1,0.1,2.5,0,1,3,0,-0.0743759,0.916563,0.667211,0.54416,63.487
526,100,0.1,0.2,100,1,500,8,3,0.1,0.1,2.5,0,3,1,0,-19.7456,0.892453,17.3017,0.657137,554.63
526,100,0.1,0.2,100,1,500,8,3,0.1,0.1,2.5,0,3,2,0,-27.7731,0.869748,23.9967,0.795869,594.157
526,100,0.1,0.2,100,1,500,8,3,0.1,0.1,2.5,0,3,3,0,-0.141565,0.862971,0.952061,0.837277,85.4883
527,100,0.1,0.2,100,1,500,8,3,0.1,0.1,2.5,0,0,1,0,-1.82333,0.892953,2.12962,0.647057,708.964
527,100,0.1,0.2,100,1,500,8,3,0.1,0.1,2.5,0,0,2,0,-3.45849,0.882613,3.36301,0.709559,575.514
527,100,0.1,0.2,100,1,500,8,3,0.1,0.1,2.5,0,0,3,0,-0.06361,0.90483,0.802274,0.575263,58.238
528,100,0.1,0.2,100,1,500,8,3,0.1,0.1,2.5,0,2,1,0,-12.9775,0.894447,13.8712,0.612509,860.19
528,100,0.1,0.2,100,1,500,8,3,0.1,0.1,2.5,0,2,2,0,-88.0115,0.892311,88.3348,0.624901,655.526
528,100,0.1,0.2,100,1,500,8,3,0.1,0.1,2.5,0,2,3,0,-0.0800522,0.876151,1.07184,0.718676,121.222
529,100,0.1,0.2,100,1,500,8,3,0.1,0.3,2.5,1,1,1,0,-0.641966,0.848129,5.61319,4.3947,1498.57
529,100,0.1,0.2,100,1,500,8,3,0.1,0.3,2.5,1,1,2,0,-11.9973,0.864355,44.4323,3.92516,1345.17
529,100,0.1,0.2,100,1,500,8,3,0.1,0.3,2.5,1,1,3,0,0.389795,0.953514,2.08603,1.34516,91.2239
530,100,0.1,0.2,100,1,500,8,3,0.1,0.3,2.5,1,3,1,0,-1.70427,0.812256,10.5683,5.47973,1388.06
530,100,0.1,0.2,100,1,500,8,3,0.1,0.3,2.5,1,3,2,0,-19.8819,0.877374,81.6069,3.57912,1467.4
530,100,0.1,0.2,100,1,500,8,3,0.1,0.3,2.5,1,3,3,0,0.44274,0.955036,2.17778,1.31239,103.852
531,100,0.1,0.2,100,1,500,8,3,0.1,0.3,2.5,1,0,1,0,-31.5786,0.927985,80.4267,2.19479,2805.34
531,100,0.1,0.2,100,1,500,8,3,0.1,0.3,2.5,1,0,2,0,-1.3437,0.932945,5.78588,2.04361,2375.08
531,100,0.1,0.2,100,1,500,8,3,0.1,0.3,2.5,1,0,3,0,0.445414,0.965087,1.36911,1.06404,56.2347
532,100,0.1,0.2,100,1,500,8,3,0.1,0.3,2.5,1,2,1,0,-2.20878,0.845841,14.1437,3.76172,2304.7
532,100,0.1,0.2,100,1,500,8,3,0.1,0.3,2.5,1,2,2,0,-258.115,0.840113,1142.13,3.90149,2472.42
532,100,0.1,0.2,100,1,500,8,3,0.1,0.3,2.5,1,2,3,0,0.0302122,0.842201,4.27466,3.85053,103.619
533,100,0.1,0.2,100,1,500,8,3,0.1,0.3,2.5,0,1,1,0,-96.4387,0.870952,148.545,1.50454,1016.56
533,100,0.1,0.2,100,1,500,8,3,0.1,0.3,2.5,0,1,2,0,-10.6535,0.842,17.7657,1.84207,934.399
533,100,0.1,0.2,100,1,500,8,3,0.1,0.3,2.5,0,1,3,0,-0.0359531,0.867116,1.57931,1.54926,41.3252
534,100,0.1,0.2,100,1,500,8,3,0.1,0.3,2.5,0,3,1,0,-5381.78,0.857862,6928.23,1.45436,2163.51
534,100,0.1,0.2,100,1,500,8,3,0.1,0.3,2.5,0,3,2,0,-59.2444,0.889272,77.5412,1.13297,1003.22
534,100,0.1,0.2,100,1,500,8,3,0.1,0.3,2.5,0,3,3,0,0.0766311,0.892058,1.18848,1.10446,70.0556
535,100,0.1,0.2,100,1,500,8,3,0.1,0.3,2.5,0,0,1,0,-72.1672,0.814812,104.858,2.07199,1378.04
535,100,0.1,0.2,100,1,500,8,3,0.1,0.3,2.5,0,0,2,0,-8.13874,0.858594,13.097,1.58213,1732.15
535,100,0.1,0.2,100,1,500,8,3,0.1,0.3,2.5,0,0,3,0,-0.00449957,0.873939,1.43958,1.41044,51.8819
536,100,0.1,0.2,100,1,500,8,3,0.1,0.3,2.5,0,2,1,0,-3.19589,0.872736,7.52333,1.58469,2250.68
536,100,0.1,0.2,100,1,500,8,3,0.1,0.3,2.5,0,2,2,0,-12.9858,0.857783,25.0769,1.77088,1831.97
536,100,0.1,0.2,100,1,500,8,3,0.1,0.3,2.5,0,2,3,0,0.0284563,0.861884,1.742,1.71983,63.3612
537,100,0.1,0.2,100,1,500,8,3,0.1,0.5,2.5,1,1,1,0,-1.81752,0.879271,16.52,5.82822,1319.45
537,100,0.1,0.2,100,1,500,8,3,0.1,0.5,2.5,1,1,2,0,-1.10107,0.931879,12.3192,3.28856,1282.73
537,100,0.1,0.2,100,1,500,8,3,0.1,0.5,2.5,1,1,3,0,0.665428,0.977579,1.9617,1.08241,62.5293
538,100,0.1,0.2,100,1,500,8,3,0.1,0.5,2.5,1,3,1,0,-8.46116,0.880491,51.8305,5.23245,1356.71
538,100,0.1,0.2,100,1,500,8,3,0.1,0.5,2.5,1,3,2,0,-208.468,0.906699,1147.52,4.08499,1331.32
538,100,0.1,0.2,100,1,500,8,3,0.1,0.5,2.5,1,3,3,0,0.562166,0.97057,2.39856,1.28851,70.7445
539,100,0.1,0.2,100,1,500,8,3,0.1,0.5,2.5,1,0,1,0,-34.019,0.774075,150.427,7.95986,2812.71
539,100,0.1,0.2,100,1,500,8,3,0.1,0.5,2.5,1,0,2,0,-35.0464,0.884153,154.84,4.08157,3008.55
539,100,0.1,0.2,100,1,500,8,3,0.1,0.5,2.5,1,0,3,0,0.534457,0.966554,1.99978,1.17837,74.9196
540,100,0.1,0.2,100,1,500,8,3,0.1,0.5,2.5,1,2,1,0,-10.4015,0.957581,78.9765,1.96995,2830.39
540,100,0.1,0.2,100,1,500,8,3,0.1,0.5,2.5,1,2,2,0,-61.2432,0.935158,431.148,3.01129,3023.04
540,100,0.1,0.2,100,1,500,8,3,0.1,0.5,2.5,1,2,3,0,0.463232,0.96815,3.7181,1.47914,85.9224
541,100,0.1,0.2,100,1,500,8,3,0.1,0.5,2.5,0,1,1,0,-23.903,0.818451,45.2923,2.40227,1122.13
541,100,0.1,0.2,100,1,500,8,3,0.1,0.5,2.5,0,1,2,0,-19.7668,0.853762,37.7696,1.93504,1156.27
541,100,0.1,0.2,100,1,500,8,3,0.1,0.5,2.5,0,1,3,0,0.093711,0.89325,1.64831,1.41253,65.44
542,100,0.1,0.2,100,1,500,8,3,0.1,0.5,2.5,0,3,1,0,-4.88207,0.91227,10.7367,1.27499,1284.74
542,100,0.1,0.2,100,1,500,8,3,0.1,0.5,2.5,0,3,2,0,-475.646,0.899769,870.035,1.45667,1219.23
542,100,0.1,0.2,100,1,500,8,3,0.1,0.5,2.5,0,3,3,0,0.150719,0.90926,1.55022,1.31873,75.9321
543,100,0.1,0.2,100,1,500,8,3,0.1,0.5,2.5,0,0,1,0,-3.02412,0.906199,9.38582,1.55653,4071.57
543,100,0.1,0.2,100,1,500,8,3,0.1,0.5,2.5,0,0,2,0,-24.2222,0.866069,58.8279,2.22244,2700.03
543,100,0.1,0.2,100,1,500,8,3,0.1,0.5,2.5,0,0,3,0,0.263072,0.925518,1.7188,1.23595,72.1799
544,100,0.1,0.2,100,1,500,8,3,0.1,0.5,2.5,0,2,1,0,-17.9852,0.88922,41.4708,1.6266,2589.51
544,100,0.1,0.2,100,1,500,8,3,0.1,0.5,2.5,0,2,2,0,-7.00954,0.835003,17.4959,2.42267,2413.63
544,100,0.1,0.2,100,1,500,8,3,0.1,0.5,2.5,0,2,3,0,0.092886,0.880511,1.98148,1.75447,79.9479
545,100,0.1,0.2,100,1,500,8,3,0.3,0,2.5,1,1,1,0,-6.08468,0.692841,2.30981,1.3153,864.437
545,100,0.1,0.2,100,1,500,8,3,0.3,0,2.5,1,1,2,0,-2.88882,0.923148,1.26786,0.329092,839.726
545,100,0.1,0.2,100,1,500,8,3,0.3,0,2.5,1,1,3,0,0.0979739,0.933942,0.294086,0.282871,36.024
546,100,0.1,0.2,100,1,500,8,3,0.3,0,2.5,1,3,1,0,-1.94288,0.84479,1.72686,0.669199,814.355
546,100,0.1,0.2,100,1,500,8,3,0.3,0,2.5,1,3,2,0,-2278.82,0.781287,1337.78,0.942998,836.231
546,100,0.1,0.2,100,1,500,8,3,0.3,0,2.5,1,3,3,0,0.328799,0.926702,0.393856,0.316032,35.8172
547,100,0.1,0.2,100,1,500,8,3,0.3,0,2.5,1,0,1,0,-3.69287,0.905611,2.38596,0.404995,1630.39
547,100,0.1,0.2,100,1,500,8,3,0.3,0,2.5,1,0,2,0,-107.755,0.902292,55.2934,0.419236,1545.67
547,100,0.1,0.2,100,1,500,8,3,0.3,0,2.5,1,0,3,0,0.301666,0.931032,0.355048,0.295921,31.2094
548,100,0.1,0.2,100,1,500,8,3,0.3,0,2.5,1,2,1,0,-4.16913,0.924531,3.63284,0.320901,1574.91
548,100,0.1,0.2,100,1,500,8,3,0.3,0,2.5,1,2,2,0,-129.585,0.839187,91.7746,0.683794,1703.56
548,100,0.1,0.2,100,1,500,8,3,0.3,0,2.5,1,2,3,0,0.301815,0.918385,0.490681,0.347036,44.0261
549,100,0.1,0.2,100,1,500,8,3,0.3,0,2.5,0,1,1,0,-91.9639,0.772538,45.4281,0.962068,790.538
549,100,0.1,0.2,100,1,500,8,3,0.3,0,2.5,0,1,2,0,-226.132,0.825962,110.991,0.736111,764.412
549,100,0.1,0.2,100,1,500,8,3,0.3,0,2.5,0,1,3,0,0.257555,0.929682,0.362806,0.297417,42.694
550,100,0.1,0.2,100,1,500,8,3,0.3,0,2.5,0,3,1,0,-2.50571,0.901824,1.61973,0.439329,762.449
550,100,0.1,0.2,100,1,500,8,3,0.3,0,2.5,0,3,2,0,-3.83223,0.891013,2.23261,0.487706,766.162
550,100,0.1,0.2,100,1,500,8,3,0.3,0,2.5,0,3,3,0,0.279712,0.935543,0.332791,0.288438,31.9595
551,100,0.1,0.2,100,1,500,8,3,0.3,0,2.5,0,0,1,0,-14.8274,0.898898,6.09091,0.443049,1574.2
551,100,0.1,0.2,100,1,500,8,3,0.3,0,2.5,0,0,2,0,-31.5478,0.925041,12.5255,0.328487,1761.79
551,100,0.1,0.2,100,1,500,8,3,0.3,0,2.5,0,0,3,0,0.200608,0.935683,0.307633,0.281848,34.6991
552,100,0.1,0.2,100,1,500,8,3,0.3,0,2.5,0,2,1,0,-1551.25,0.820242,724.045,0.801942,1690.55
552,100,0.1,0.2,100,1,500,8,3,0.3,0,2.5,0,2,2,0,-3.51272,0.929753,2.10495,0.31339,1730.24
552,100,0.1,0.2,100,1,500,8,3,0.3,0,2.5,0,2,3,0,0.294352,0.938088,0.329148,0.276203,44.4119
553,100,0.1,0.2,100,1,500,8,3,0.3,0.1,2.5,1,1,1,0,-35.1342,0.899935,60.6026,1.37667,1030.25
553,100,0.1,0.2,100,1,500,8,3,0.3,0.1,2.5,1,1,2,0,-27.0975,0.839679,47.1238,2.20565,1025.05
553,100,0.1,0.2,100,1,500,8,3,0.3,0.1,2.5,1,1,3,0,0.119588,0.902528,1.47659,1.34098,54.0365
554,100,0.1,0.2,100,1,500,8,3,0.3,0.1,2.5,1,3,1,0,-4286.15,0.845982,7337.61,2.06187,2307.48
554,100,0.1,0.2,100,1,500,8,3,0.3,0.1,2.5,1,3,2,0,-2.74173,0.874999,6.40411,1.6734,998.051
554,100,0.1,0.2,100,1,500,8,3,0.3,0.1,2.5,1,3,3,0,0.0332442,0.881477,1.65464,1.58668,82.5929
555,100,0.1,0.2,100,1,500,8,3,0.3,0.1,2.5,1,0,1,0,-9.95254,0.861935,14.1303,1.89215,2086.44
555,100,0.1,0.2,100,1,500,8,3,0.3,0.1,2.5,1,0,2,0,-21.6359,0.857943,29.2035,1.94685,2209.96
555,100,0.1,0.2,100,1,500,8,3,0.3,0.1,2.5,1,0,3,0,0.133496,0.92619,1.11791,1.01155,58.0834
556,100,0.1,0.2,100,1,500,8,3,0.3,0.1,2.5,1,2,1,0,-8.25945,0.823276,15.599,2.32021,1911.81
556,100,0.1,0.2,100,1,500,8,3,0.3,0.1,2.5,1,2,2,0,-0.584228,0.862268,2.66887,1.80828,1932.15
556,100,0.1,0.2,100,1,500,8,3,0.3,0.1,2.5,1,2,3,0,-0.0654213,0.866242,1.79486,1.75611,56.4516
557,100,0.1,0.2,100,1,500,8,3,0.3,0.1,2.5,0,1,1,0,-9.75835,0.866608,9.49135,0.991609,903.255
557,100,0.1,0.2,100,1,500,8,3,0.3,0.1,2.5,0,1,2,0,-1.05099,0.876368,1.80945,0.919056,811.073
557,100,0.1,0.2,100,1,500,8,3,0.3,0.1,2.5,0,1,3,0,-0.0116731,0.881063,0.892529,0.884154,32.9193
558,100,0.1,0.2,100,1,500,8,3,0.3,0.1,2.5,0,3,1,0,-16.0492,0.846007,11.4385,1.10155,857.51
558,100,0.1,0.2,100,1,500,8,3,0.3,0.1,2.5,0,3,2,0,-587.658,0.8761,394.939,0.886286,974.782
558,100,0.1,0.2,100,1,500,8,3,0.3,0.1,2.5,0,3,3,0,0.0206579,0.915162,0.657054,0.606864,54.8321
559,100,0.1,0.2,100,1,500,8,3,0.3,0.1,2.5,0,0,1,0,-2.05994,0.873026,2.73336,0.959074,1725.78
559,100,0.1,0.2,100,1,500,8,3,0.3,0.1,2.5,0,0,2,0,-4.39316,0.862119,4.81755,1.04146,1739.26
559,100,0.1,0.2,100,1,500,8,3,0.3,0.1,2.5,0,0,3,0,-0.00246426,0.897322,0.895472,0.77556,49.2645
560,100,0.1,0.2,100,1,500,8,3,0.3,0.1,2.5,0,2,1,0,-22.02,0.871579,21.0551,0.966894,2017.31
560,100,0.1,0.2,100,1,500,8,3,0.3,0.1,2.5,0,2,2,0,-4.25185,0.882477,4.80356,0.884843,2058.3
560,100,0.1,0.2,100,1,500,8,3,0.3,0.1,2.5,0,2,3,0,-0.0137776,0.882088,0.927243,0.887775,51.1935
561,100,0.1,0.2,100,1,500,8,3,0.3,0.3,2.5,1,1,1,0,-2.83468,0.890164,19.5444,3.60354,1213.8
561,100,0.1,0.2,100,1,500,8,3,0.3,0.3,2.5,1,1,2,0,-2.80381,0.859276,19.3871,4.61692,1140.1
561,100,0.1,0.2,100,1,500,8,3,0.3,0.3,2.5,1,1,3,0,0.411132,0.951078,3.00131,1.60505,81.9429
562,100,0.1,0.2,100,1,500,8,3,0.3,0.3,2.5,1,3,1,0,-160.811,0.915345,563.954,2.67719,1185.53
562,100,0.1,0.2,100,1,500,8,3,0.3,0.3,2.5,1,3,2,0,-1.74182,0.876798,9.55595,3.89624,1160.84
562,100,0.1,0.2,100,1,500,8,3,0.3,0.3,2.5,1,3,3,0,0.463144,0.960938,1.87108,1.23532,69.6864
563,100,0.1,0.2,100,1,500,8,3,0.3,0.3,2.5,1,0,1,0,-1090.32,0.856366,3959.21,4.55377,2669.93
563,100,0.1,0.2,100,1,500,8,3,0.3,0.3,2.5,1,0,2,0,-346.368,0.899322,1260.23,3.19192,2697.31
563,100,0.1,0.2,100,1,500,8,3,0.3,0.3,2.5,1,0,3,0,0.507301,0.964732,1.78748,1.11814,70.9117
564,100,0.1,0.2,100,1,500,8,3,0.3,0.3,2.5,1,2,1,0,-1.84449,0.912142,6.67791,2.46664,3910.42
564,100,0.1,0.2,100,1,500,8,3,0.3,0.3,2.5,1,2,2,0,-5.67695,0.900211,15.6752,2.80161,2798.47
564,100,0.1,0.2,100,1,500,8,3,0.3,0.3,2.5,1,2,3,0,0.39661,0.960667,1.41656,1.10429,61.2917
565,100,0.1,0.2,100,1,500,8,3,0.3,0.3,2.5,0,1,1,0,-868.532,0.782929,1426.31,2.59216,1117.7
565,100,0.1,0.2,100,1,500,8,3,0.3,0.3,2.5,0,1,2,0,-20.7441,0.847699,35.6672,1.81871,1010.24
565,100,0.1,0.2,100,1,500,8,3,0.3,0.3,2.5,0,1,3,0,0.055932,0.875165,1.54857,1.49072,70.6413
566,100,0.1,0.2,100,1,500,8,3,0.3,0.3,2.5,0,3,1,0,-1.7414,0.871344,4.37779,1.70923,1033.95
566,100,0.1,0.2,100,1,500,8,3,0.3,0.3,2.5,0,3,2,0,-1.59946,0.866642,4.15113,1.77169,1069.04
566,100,0.1,0.2,100,1,500,8,3,0.3,0.3,2.5,0,3,3,0,0.1425,0.907147,1.36936,1.23358,55.7658
567,100,0.1,0.2,100,1,500,8,3,0.3,0.3,2.5,0,0,1,0,-7.04551,0.888758,14.9744,1.37388,2491.31
567,100,0.1,0.2,100,1,500,8,3,0.3,0.3,2.5,0,0,2,0,-82.9252,0.850767,156.202,1.84308,2524.2
567,100,0.1,0.2,100,1,500,8,3,0.3,0.3,2.5,0,0,3,0,0.00663092,0.852135,1.84886,1.82619,55.2751
568,100,0.1,0.2,100,1,500,8,3,0.3,0.3,2.5,0,2,1,0,-6.20166,0.880072,10.2731,1.57451,2338.26
568,100,0.1,0.2,100,1,500,8,3,0.3,0.3,2.5,0,2,2,0,-569.184,0.858958,813.359,1.85171,2483.26
568,100,0.1,0.2,100,1,500,8,3,0.3,0.3,2.5,0,2,3,0,0.153778,0.916431,1.20712,1.09716,81.298
569,100,0.1,0.2,100,1,500,8,3,0.3,0.5,2.5,1,1,1,0,-32.0828,0.8497,147.233,7.79286,1540.53
569,100,0.1,0.2,100,1,500,8,3,0.3,0.5,2.5,1,1,2,0,-50.3476,0.817095,228.52,9.48342,1523.64
569,100,0.1,0.2,100,1,500,8,3,0.3,0.5,2.5,1,1,3,0,0.671674,0.980948,1.4612,0.987831,62.8614
570,100,0.1,0.2,100,1,500,8,3,0.3,0.5,2.5,1,3,1,0,-11.229,0.76367,68.4803,10.4502,1459.64
570,100,0.1,0.2,100,1,500,8,3,0.3,0.5,2.5,1,3,2,0,-10.7176,0.762176,65.6168,10.5163,1501.19
570,100,0.1,0.2,100,1,500,8,3,0.3,0.5,2.5,1,3,3,0,0.563076,0.973413,2.4467,1.17563,87.9835
571,100,0.1,0.2,100,1,500,8,3,0.3,0.5,2.5,1,0,1,0,-10.7767,0.933074,91.906,2.84811,3233.01
571,100,0.1,0.2,100,1,500,8,3,0.3,0.5,2.5,1,0,2,0,-46.934,0.942525,374.08,2.44588,3539.68
571,100,0.1,0.2,100,1,500,8,3,0.3,0.5,2.5,1,0,3,0,0.422637,0.96573,4.50579,1.45841,104.096
572,100,0.1,0.2,100,1,500,8,3,0.3,0.5,2.5,1,2,1,0,-4.91469,0.868458,17.1881,4.12975,4363.79
572,100,0.1,0.2,100,1,500,8,3,0.3,0.5,2.5,1,2,2,0,-62.0628,0.852375,183.26,4.63469,3136.3
572,100,0.1,0.2,100,1,500,8,3,0.3,0.5,2.5,1,2,3,0,0.516733,0.96897,1.40437,0.974177,56.8906
573,100,0.1,0.2,100,1,500,8,3,0.3,0.5,2.5,0,1,1,0,-92.2562,0.863889,214.428,2.66044,1136.72
573,100,0.1,0.2,100,1,500,8,3,0.3,0.5,2.5,0,1,2,0,-6.60448,0.87175,17.4853,2.50679,1127.66
573,100,0.1,0.2,100,1,500,8,3,0.3,0.5,2.5,0,1,3,0,0.296179,0.938637,1.61833,1.19942,64.5326
574,100,0.1,0.2,100,1,500,8,3,0.3,0.5,2.5,0,3,1,0,-23.5654,0.830454,67.1424,3.34669,1154.53
574,100,0.1,0.2,100,1,500,8,3,0.3,0.5,2.5,0,3,2,0,-8.80967,0.85458,26.8119,2.87048,1245.33
574,100,0.1,0.2,100,1,500,8,3,0.3,0.5,2.5,0,3,3,0,0.282251,0.929516,1.96176,1.39129,70.5539
575,100,0.1,0.2,100,1,500,8,3,0.3,0.5,2.5,0,0,1,0,-2.30686,0.917799,7.28441,1.52835,2702.03
575,100,0.1,0.2,100,1,500,8,3,0.3,0.5,2.5,0,0,2,0,-255.37,0.84706,564.735,2.8436,2553.45
575,100,0.1,0.2,100,1,500,8,3,0.3,0.5,2.5,0,0,3,0,0.236574,0.9299,1.68169,1.30335,75.5975
576,100,0.1,0.2,100,1,500,8,3,0.3,0.5,2.5,0,2,1,0,-85.6184,0.886543,231.552,2.2805,2687.41
576,100,0.1,0.2,100,1,500,8,3,0.3,0.5,2.5,0,2,2,0,-11.1439,0.901357,32.4636,1.98273,2699.3
576,100,0.1,0.2,100,1,500,8,3,0.3,0.5,2.5,0,2,3,0,0.22417,0.921267,2.07398,1.58255,74.8685
577,100,0.1,0.2,100,1,500,8,3,0.5,0,2.5,1,1,1,0,-13.2451,0.871037,10.3129,0.853497,981.079
577,100,0.1,0.2,100,1,500,8,3,0.5,0,2.5,1,1,2,0,-12.5925,0.87391,9.8404,0.834484,967.284
577,100,0.1,0.2,100,1,500,8,3,0.5,0,2.5,1,1,3,0,0.0172276,0.894298,0.711488,0.699552,49.8056
578,100,0.1,0.2,100,1,500,8,3,0.5,0,2.5,1,3,1,0,-3.25911,0.885253,3.77403,0.756954,977.291
578,100,0.1,0.2,100,1,500,8,3,0.5,0,2.5,1,3,2,0,-52.9071,0.849481,47.7675,0.992934,966.856
578,100,0.1,0.2,100,1,500,8,3,0.5,0,2.5,1,3,3,0,0.0406333,0.877826,0.850103,0.805947,41.313
579,100,0.1,0.2,100,1,500,8,3,0.5,0,2.5,1,0,1,0,-30.1557,0.856929,27.5902,0.970504,2262.17
579,100,0.1,0.2,100,1,500,8,3,0.5,0,2.5,1,0,2,0,-5.13243,0.881177,5.43064,0.806018,2258.08
579,100,0.1,0.2,100,1,500,8,3,0.5,0,2.5,1,0,3,0,0.0362018,0.878541,0.853501,0.823899,42.902
580,100,0.1,0.2,100,1,500,8,3,0.5,0,2.5,1,2,1,0,-72.2389,0.886681,60.4457,0.736765,3250.78
580,100,0.1,0.2,100,1,500,8,3,0.5,0,2.5,1,2,2,0,-54.3262,0.877947,45.6619,0.793547,2059.94
580,100,0.1,0.2,100,1,500,8,3,0.5,0,2.5,1,2,3,0,0.0354946,0.882526,0.796027,0.763782,47.9454
581,100,0.1,0.2,100,1,500,8,3,0.5,0,2.5,0,1,1,0,-9.89033,0.858864,8.53649,0.959823,1041.63
581,100,0.1,0.2,100,1,500,8,3,0.5,0,2.5,0,1,2,0,-23.1006,0.857585,18.8915,0.968522,981.201
581,100,0.1,0.2,100,1,500,8,3,0.5,0,2.5,0,1,3,0,0.0258519,0.889997,0.763595,0.748099,41.9565
582,100,0.1,0.2,100,1,500,8,3,0.5,0,2.5,0,3,1,0,-21.5629,0.837206,17.5273,1.12579,998.456
582,100,0.1,0.2,100,1,500,8,3,0.5,0,2.5,0,3,2,0,-10151.2,0.822748,7886.42,1.22577,1023.28
582,100,0.1,0.2,100,1,500,8,3,0.5,0,2.5,0,3,3,0,0.00664337,0.889726,0.77166,0.762593,50.4336
583,100,0.1,0.2,100,1,500,8,3,0.5,0,2.5,0,0,1,0,-385.665,0.878966,308.595,0.818468,2366.91
583,100,0.1,0.2,100,1,500,8,3,0.5,0,2.5,0,0,2,0,-23.4073,0.878654,19.4793,0.820574,2204.19
583,100,0.1,0.2,100,1,500,8,3,0.5,0,2.5,0,0,3,0,0.0421778,0.890473,0.764432,0.740654,49.8554
584,100,0.1,0.2,100,1,500,8,3,0.5,0,2.5,0,2,1,0,-241.825,0.884061,213.65,0.781378,2212.14
584,100,0.1,0.2,100,1,500,8,3,0.5,0,2.5,0,2,2,0,-2.79441,0.872053,3.33852,0.862305,2069.85
584,100,0.1,0.2,100,1,500,8,3,0.5,0,2.5,0,2,3,0,0.0332554,0.878484,0.850592,0.818963,41.0574
585,100,0.1,0.2,100,1,500,8,3,0.5,0.1,2.5,1,1,1,0,-750.905,0.837393,1638.21,2.51072,1013.32
585,100,0.1,0.2,100,1,500,8,3,0.5,0.1,2.5,1,1,2,0,-2.15818,0.860395,6.88087,2.15556,1011.86
585,100,0.1,0.2,100,1,500,8,3,0.5,0.1,2.5,1,1,3,0,0.160284,0.89694,1.82953,1.59129,66.7517
586,100,0.1,0.2,100,1,500,8,3,0.5,0.1,2.5,1,3,1,0,-20.1422,0.869323,38.7766,2.09382,1070.76
586,100,0.1,0.2,100,1,500,8,3,0.5,0.1,2.5,1,3,2,0,-1.53445,0.850566,4.6484,2.39436,1086.84
586,100,0.1,0.2,100,1,500,8,3,0.5,0.1,2.5,1,3,3,0,0.13999,0.914623,1.57733,1.36798,72.799
587,100,0.1,0.2,100,1,500,8,3,0.5,0.1,2.5,1,0,1,0,-1.24633,0.87529,3.82345,2.04674,2481.39
587,100,0.1,0.2,100,1,500,8,3,0.5,0.1,2.5,1,0,2,0,-1.87705,0.856187,4.89699,2.36026,2484.92
587,100,0.1,0.2,100,1,500,8,3,0.5,0.1,2.5,1,0,3,0,0.193248,0.92661,1.37316,1.20448,68.0112
588,100,0.1,0.2,100,1,500,8,3,0.5,0.1,2.5,1,2,1,0,-22.0969,0.866723,52.9778,2.18174,2589.11
588,100,0.1,0.2,100,1,500,8,3,0.5,0.1,2.5,1,2,2,0,-29.4635,0.866931,69.8745,2.17833,2519.83
588,100,0.1,0.2,100,1,500,8,3,0.5,0.1,2.5,1,2,3,0,0.207649,0.907005,1.81743,1.52233,74.6929
589,100,0.1,0.2,100,1,500,8,3,0.5,0.1,2.5,0,1,1,0,-0.498637,0.87575,1.69034,1.1801,961.044
589,100,0.1,0.2,100,1,500,8,3,0.5,0.1,2.5,0,1,2,0,-199.07,0.858476,225.663,1.34415,1047.56
589,100,0.1,0.2,100,1,500,8,3,0.5,0.1,2.5,0,1,3,0,0.030618,0.888418,1.09339,1.05977,52.9118
590,100,0.1,0.2,100,1,500,8,3,0.5,0.1,2.5,0,3,1,0,-98.3252,0.880885,123.959,1.14934,2351.03
590,100,0.1,0.2,100,1,500,8,3,0.5,0.1,2.5,0,3,2,0,-17.9064,0.853324,23.5953,1.41529,1192.63
590,100,0.1,0.2,100,1,500,8,3,0.5,0.1,2.5,0,3,3,0,0.0150729,0.875876,1.2292,1.19768,60.111
591,100,0.1,0.2,100,1,500,8,3,0.5,0.1,2.5,0,0,1,0,-1252.24,0.834623,1469.56,1.60861,2488.55
591,100,0.1,0.2,100,1,500,8,3,0.5,0.1,2.5,0,0,2,0,-22.6124,0.882301,27.6882,1.14484,2590.41
591,100,0.1,0.2,100,1,500,8,3,0.5,0.1,2.5,0,0,3,0,0.0175829,0.882676,1.15199,1.1412,57.9153
592,100,0.1,0.2,100,1,500,8,3,0.5,0.1,2.5,0,2,1,0,-1.30586,0.862163,3.37021,1.46111,2517.39
592,100,0.1,0.2,100,1,500,8,3,0.5,0.1,2.5,0,2,2,0,-4.52644,0.871886,8.07736,1.35805,2544.38
592,100,0.1,0.2,100,1,500,8,3,0.5,0.1,2.5,0,2,3,0,0.0553921,0.874347,1.38063,1.33195,69.9853
593,100,0.1,0.2,100,1,500,8,3,0.5,0.3,2.5,1,1,1,0,-15.7237,0.862332,29.6589,3.92112,1353.24
593,100,0.1,0.2,100,1,500,8,3,0.5,0.3,2.5,1,1,2,0,-8352.23,0.86168,14814.2,3.93969,1311.35
593,100,0.1,0.2,100,1,500,8,3,0.5,0.3,2.5,1,1,3,0,0.331635,0.964512,1.18532,1.01079,65.0686
594,100,0.1,0.2,100,1,500,8,3,0.5,0.3,2.5,1,3,1,0,-2.65165,0.921321,20.1271,2.73772,1360.15
594,100,0.1,0.2,100,1,500,8,3,0.5,0.3,2.5,1,3,2,0,-1.42331,0.851756,13.3568,5.15829,1247.63
594,100,0.1,0.2,100,1,500,8,3,0.5,0.3,2.5,1,3,3,0,0.283076,0.939415,3.95154,2.10812,99.0521
595,100,0.1,0.2,100,1,500,8,3,0.5,0.3,2.5,1,0,1,0,-3.95039,0.932803,14.1508,2.2261,2931.2
595,100,0.1,0.2,100,1,500,8,3,0.5,0.3,2.5,1,0,2,0,0.0761591,0.963527,2.64082,1.20828,2912.41
595,100,0.1,0.2,100,1,500,8,3,0.5,0.3,2.5,1,0,3,0,0.468277,0.966677,1.51994,1.10391,65.9558
596,100,0.1,0.2,100,1,500,8,3,0.5,0.3,2.5,1,2,1,0,-235.729,0.916078,1251.14,2.83654,2968.62
596,100,0.1,0.2,100,1,500,8,3,0.5,0.3,2.5,1,2,2,0,-35.1076,0.940298,190.833,2.01792,3197.38
596,100,0.1,0.2,100,1,500,8,3,0.5,0.3,2.5,1,2,3,0,0.325926,0.943613,3.56257,1.90587,109.195
597,100,0.1,0.2,100,1,500,8,3,0.5,0.3,2.5,0,1,1,0,-184.087,0.884089,389.698,1.78734,1178.76
597,100,0.1,0.2,100,1,500,8,3,0.5,0.3,2.5,0,1,2,0,-52.3858,0.890536,112.403,1.68793,2380.98
597,100,0.1,0.2,100,1,500,8,3,0.5,0.3,2.5,0,1,3,0,0.190325,0.913101,1.70476,1.33997,59.7516
598,100,0.1,0.2,100,1,500,8,3,0.5,0.3,2.5,0,3,1,0,-5.12051,0.848278,12.1375,2.47014,1285.23
598,100,0.1,0.2,100,1,500,8,3,0.5,0.3,2.5,0,3,2,0,-26638.9,0.871904,52829.4,2.08549,1278.22
598,100,0.1,0.2,100,1,500,8,3,0.5,0.3,2.5,0,3,3,0,0.238858,0.925364,1.50941,1.21513,68.6945
599,100,0.1,0.2,100,1,500,8,3,0.5,0.3,2.5,0,0,1,0,-9.28803,0.9071,20.2946,1.43865,2876.53
599,100,0.1,0.2,100,1,500,8,3,0.5,0.3,2.5,0,0,2,0,-1615.07,0.917498,3187.93,1.27762,2681.7
599,100,0.1,0.2,100,1,500,8,3,0.5,0.3,2.5,0,0,3,0,0.198622,0.919792,1.58084,1.2421,68.7779
600,100,0.1,0.2,100,1,500,8,3,0.5,0.3,2.5,0,2,1,0,-0.12441,0.87605,2.06751,1.90478,2986.27
600,100,0.1,0.2,100,1,500,8,3,0.5,0.3,2.5,0,2,2,0,-608.626,0.852346,1120.95,2.26906,2699.52
600,100,0.1,0.2,100,1,500,8,3,0.5,0.3,2.5,0,2,3,0,0.119737,0.906977,1.61858,1.42952,58.7797
601,100,0.1,0.2,100,1,500,8,3,0.5,0.5,2.5,1,1,1,0,-0.341919,0.926097,4.1077,2.34707,1524.73
601,100,0.1,0.2,100,1,500,8,3,0.5,0.5,2.5,1,1,2,0,-103.731,0.878737,320.587,3.85121,1604.01
601,100,0.1,0.2,100,1,500,8,3,0.5,0.5,2.5,1,1,3,0,0.482227,0.963971,1.58494,1.14425,74.3773
602,100,0.1,0.2,100,1,500,8,3,0.5,0.5,2.5,1,3,1,0,-238.586,0.878288,1269.54,6.39284,1591.18
602,100,0.1,0.2,100,1,500,8,3,0.5,0.5,2.5,1,3,2,0,-4.82739,0.919889,30.8786,4.20777,1608.34
602,100,0.1,0.2,100,1,500,8,3,0.5,0.5,2.5,1,3,3,0,0.686851,0.982489,1.65934,0.919775,84.6703
603,100,0.1,0.2,100,1,500,8,3,0.5,0.5,2.5,1,0,1,0,-460.168,0.884838,3845.14,6.05291,3546.97
603,100,0.1,0.2,100,1,500,8,3,0.5,0.5,2.5,1,0,2,0,-22139.3,0.8905,184602,5.75532,3660.74
603,100,0.1,0.2,100,1,500,8,3,0.5,0.5,2.5,1,0,3,0,0.488792,0.970717,4.26237,1.53914,92.0398
604,100,0.1,0.2,100,1,500,8,3,0.5,0.5,2.5,1,2,1,0,-12823.9,0.821663,84703.1,8.83629,3372.72
604,100,0.1,0.2,100,1,500,8,3,0.5,0.5,2.5,1,2,2,0,-43.5969,0.910493,294.543,4.4349,4593.07
604,100,0.1,0.2,100,1,500,8,3,0.5,0.5,2.5,1,2,3,0,0.613795,0.97471,2.55071,1.25306,77.2294
605,100,0.1,0.2,100,1,500,8,3,0.5,0.5,2.5,0,1,1,0,-2959.12,0.899359,6641.16,2.25891,1330.44
605,100,0.1,0.2,100,1,500,8,3,0.5,0.5,2.5,0,1,2,0,-21.4213,0.85279,50.3032,3.30418,1342.1
605,100,0.1,0.2,100,1,500,8,3,0.5,0.5,2.5,0,1,3,0,0.347265,0.948068,1.46444,1.16562,54.4965
606,100,0.1,0.2,100,1,500,8,3,0.5,0.5,2.5,0,3,1,0,-7.9825,0.923353,27.8142,1.61963,1240.7
606,100,0.1,0.2,100,1,500,8,3,0.5,0.5,2.5,0,3,2,0,-315.243,0.886494,979.243,2.39848,1216.68
606,100,0.1,0.2,100,1,500,8,3,0.5,0.5,2.5,0,3,3,0,0.305009,0.93572,2.15203,1.35829,65.4758
607,100,0.1,0.2,100,1,500,8,3,0.5,0.5,2.5,0,0,1,0,-10.2894,0.925564,41.2779,1.64754,2880.35
607,100,0.1,0.2,100,1,500,8,3,0.5,0.5,2.5,0,0,2,0,-453.755,0.918844,1662.74,1.79628,2861.46
607,100,0.1,0.2,100,1,500,8,3,0.5,0.5,2.5,0,0,3,0,0.177562,0.902505,3.00711,2.15791,78.0537
608,100,0.1,0.2,100,1,500,8,3,0.5,0.5,2.5,0,2,1,0,-41519.3,0.861842,105961,3.06094,2916.9
608,100,0.1,0.2,100,1,500,8,3,0.5,0.5,2.5,0,2,2,0,-4.17917,0.922138,13.2174,1.72507,2759.32
608,100,0.1,0.2,100,1,500,8,3,0.5,0.5,2.5,0,2,3,0,0.362566,0.947114,1.62675,1.17171,73.3752
609,100,0.1,0.2,100,1,500,8,7,0,0,2.5,1,1,1,0,1,1,1.95548e-29,6.53865e-17,84.2595
609,100,0.1,0.2,100,1,500,8,7,0,0,2.5,1,1,2,0,1,1,1.95548e-29,6.53865e-17,84.0803
609,100,0.1,0.2,100,1,500,8,7,0,0,2.5,1,1,3,0,1,1,1.35046e-19,-2.74661e-16,34.7932
610,100,0.1,0.2,100,1,500,8,7,0,0,2.5,1,3,1,0,1,1,2.0145e-30,-1.56597e-15,81.6025
610,100,0.1,0.2,100,1,500,8,7,0,0,2.5,1,3,2,0,1,1,2.0145e-30,-1.56597e-15,83.0326
610,100,0.1,0.2,100,1,500,8,7,0,0,2.5,1,3,3,0,1,1,3.94576e-24,1.00386e-15,32.8767
611,100,0.1,0.2,100,1,500,8,7,0,0,2.5,1,0,1,0,1,1,4.61669e-30,-9.82381e-16,346.063
611,100,0.1,0.2,100,1,500,8,7,0,0,2.5,1,0,2,0,1,1,3.76889e-30,-5.70877e-16,352.839
611,100,0.1,0.2,100,1,500,8,7,0,0,2.5,1,0,3,0,1,1,3.44078e-22,-6.29663e-16,36.752
612,100,0.1,0.2,100,1,500,8,7,0,0,2.5,1,2,1,0,1,1,4.78665e-30,-4.96617e-17,334.017
612,100,0.1,0.2,100,1,500,8,7,0,0,2.5,1,2,2,0,1,1,1.03525e-30,-8.44283e-16,354.471
612,100,0.1,0.2,100,1,500,8,7,0,0,2.5,1,2,3,0,1,1,1.81442e-25,5.4512e-16,32.8978
613,100,0.1,0.2,100,1,500,8,7,0,0,2.5,0,1,1,0,1,1,1.85928e-28,-4.44425e-16,85.172
613,100,0.1,0.2,100,1,500,8,7,0,0,2.5,0,1,2,0,1,1,1.85928e-28,-4.44425e-16,88.8928
613,100,0.1,0.2,100,1,500,8,7,0,0,2.5,0,1,3,0,1,1,1.02148e-23,5.3629e-16,46.8417
614,100,0.1,0.2,100,1,500,8,7,0,0,2.5,0,3,1,0,1,1,9.92826e-30,-7.23033e-16,83.564
614,100,0.1,0.2,100,1,500,8,7,0,0,2.5,0,3,2,0,1,1,9.92826e-30,-7.23033e-16,82.3465
614,100,0.1,0.2,100,1,500,8,7,0,0,2.5,0,3,3,0,1,1,2.28788e-23,-4.52804e-16,41.42
615,100,0.1,0.2,100,1,500,8,7,0,0,2.5,0,0,1,0,1,1,2.85075e-30,-1.24573e-15,339.267
615,100,0.1,0.2,100,1,500,8,7,0,0,2.5,0,0,2,0,1,1,2.53508e-28,-9.22387e-16,340.546
615,100,0.1,0.2,100,1,500,8,7,0,0,2.5,0,0,3,0,1,1,1.45534e-24,5.68292e-16,33.2141
616,100,0.1,0.2,100,1,500,8,7,0,0,2.5,0,2,1,0,1,1,2.63838e-27,-1.78385e-16,319.368
616,100,0.1,0.2,100,1,500,8,7,0,0,2.5,0,2,2,0,1,1,3.34652e-30,-1.32427e-15,315.83
616,100,0.1,0.2,100,1,500,8,7,0,0,2.5,0,2,3,0,1,1,2.26466e-23,-8.54677e-16,33.2125
617,100,0.1,0.2,100,1,500,8,7,0,0.1,2.5,1,1,1,0,-798.735,0.641733,750.269,3.7625,64.3104
617,100,0.1,0.2,100,1,500,8,7,0,0.1,2.5,1,1,2,0,-798.735,0.641733,750.269,3.7625,68.4649
617,100,0.1,0.2,100,1,500,8,7,0,0.1,2.5,1,1,3,0,0.0125144,0.91293,0.926407,0.9144,41.396
618,100,0.1,0.2,100,1,500,8,7,0,0.1,2.5,1,3,1,0,-3.71101,0.55413,13.068,5.425,54.3959
618,100,0.1,0.2,100,1,500,8,7,0,0.1,2.5,1,3,2,0,-3.71101,0.55413,13.068,5.425,57.6602
618,100,0.1,0.2,100,1,500,8,7,0,0.1,2.5,1,3,3,0,0.508316,0.923697,1.36389,0.928398,73.8958
619,100,0.1,0.2,100,1,500,8,7,0,0.1,2.5,1,0,1,0,-333.586,0.615496,337.78,4.2,257.666
619,100,0.1,0.2,100,1,500,8,7,0,0.1,2.5,1,0,2,0,-333.586,0.615496,337.78,4.2,263.101
619,100,0.1,0.2,100,1,500,8,7,0,0.1,2.5,1,0,3,0,0.0627585,0.916233,0.946188,0.915,49.6219
620,100,0.1,0.2,100,1,500,8,7,0,0.1,2.5,1,2,1,0,-55.3371,0.60696,69.5774,4.2875,252.857
620,100,0.1,0.2,100,1,500,8,7,0,0.1,2.5,1,2,2,0,-55.3371,0.60696,69.5774,4.2875,242.716
620,100,0.1,0.2,100,1,500,8,7,0,0.1,2.5,1,2,3,0,0.108947,0.903411,1.10047,1.05365,57.8441
621,100,0.1,0.2,100,1,500,8,7,0,0.1,2.5,0,1,1,0,-2.72422,0.884757,3.29121,0.884477,63.2898
621,100,0.1,0.2,100,1,500,8,7,0,0.1,2.5,0,1,2,0,-2.72422,0.884757,3.29121,0.884477,66.4449
621,100,0.1,0.2,100,1,500,8,7,0,0.1,2.5,0,1,3,0,-0.617333,0.887359,1.42929,0.864509,81.8401
622,100,0.1,0.2,100,1,500,8,7,0,0.1,2.5,0,3,1,0,-10.6025,0.792881,13.1866,1.80022,64.0977
622,100,0.1,0.2,100,1,500,8,7,0,0.1,2.5,0,3,2,0,-10.6025,0.792881,13.1866,1.80022,59.3391
622,100,0.1,0.2,100,1,500,8,7,0,0.1,2.5,0,3,3,0,0.048538,0.880295,1.08136,1.04044,56.9086
623,100,0.1,0.2,100,1,500,8,7,0,0.1,2.5,0,0,1,0,-3.82794,0.81749,5.5564,1.57047,263.882
623,100,0.1,0.2,100,1,500,8,7,0,0.1,2.5,0,0,2,0,-3.82794,0.81749,5.5564,1.57047,259.713
623,100,0.1,0.2,100,1,500,8,7,0,0.1,2.5,0,0,3,0,-0.195554,0.854404,1.37594,1.25283,188.707
624,100,0.1,0.2,100,1,500,8,7,0,0.1,2.5,0,2,1,0,-220.821,0.82496,218.564,1.42565,258.99
624,100,0.1,0.2,100,1,500,8,7,0,0.1,2.5,0,2,2,0,-220.821,0.82496,218.564,1.42565,260.278
624,100,0.1,0.2,100,1,500,8,7,0,0.1,2.5,0,2,3,0,0.0248645,0.885129,0.960814,0.93559,42.6405
625,100,0.1,0.2,100,1,500,8,7,0,0.3,2.5,1,1,1,0,-357.573,0.278717,478.994,14,47.3973
625,100,0.1,0.2,100,1,500,8,7,0,0.3,2.5,1,1,2,0,-357.573,0.278717,478.994,14,47.4238
625,100,0.1,0.2,100,1,500,8,7,0,0.3,2.5,1,1,3,0,0.235961,0.949464,1.02063,0.980896,52.3124
626,100,0.1,0.2,100,1,500,8,7,0,0.3,2.5,1,3,1,0,-9.7925,0.243127,44.8032,13.7375,46.4366
626,100,0.1,0.2,100,1,500,8,7,0,0.3,2.5,1,3,2,0,-9.7925,0.243127,44.8032,13.7375,44.7832
626,100,0.1,0.2,100,1,500,8,7,0,0.3,2.5,1,3,3,0,0.655942,0.942276,1.4283,1.0477,58.8853
627,100,0.1,0.2,100,1,500,8,7,0,0.3,2.5,1,0,1,0,-130.874,0.302358,214.591,13.125,229.023
627,100,0.1,0.2,100,1,500,8,7,0,0.3,2.5,1,0,2,0,-130.874,0.302358,214.591,13.125,220.027
627,100,0.1,0.2,100,1,500,8,7,0,0.3,2.5,1,0,3,0,0.354547,0.947446,1.05031,0.988712,49.2276
628,100,0.1,0.2,100,1,500,8,7,0,0.3,2.5,1,2,1,0,-480.886,0.302342,692.622,15.1375,212.142
628,100,0.1,0.2,100,1,500,8,7,0,0.3,2.5,1,2,2,0,-480.886,0.302342,692.622,15.1375,206.244
628,100,0.1,0.2,100,1,500,8,7,0,0.3,2.5,1,2,3,0,0.21619,0.949969,1.12658,1.08555,57.0581
629,100,0.1,0.2,100,1,500,8,7,0,0.3,2.5,0,1,1,0,-64.1197,0.624813,72.3397,4.29481,45.6806
629,100,0.1,0.2,100,1,500,8,7,0,0.3,2.5,0,1,2,0,-64.1197,0.624813,72.3397,4.29481,45.9699
629,100,0.1,0.2,100,1,500,8,7,0,0.3,2.5,0,1,3,0,0.16807,0.923496,0.924168,0.875755,50.541
630,100,0.1,0.2,100,1,500,8,7,0,0.3,2.5,0,3,1,0,-2657.34,0.605656,2738.06,4.45632,46.9466
630,100,0.1,0.2,100,1,500,8,7,0,0.3,2.5,0,3,2,0,-2657.34,0.605656,2738.06,4.45632,46.164
630,100,0.1,0.2,100,1,500,8,7,0,0.3,2.5,0,3,3,0,0.0110849,0.911131,1.01857,1.00428,41.5262
631,100,0.1,0.2,100,1,500,8,7,0,0.3,2.5,0,0,1,0,-198.169,0.612537,207.703,4.20171,214.617
631,100,0.1,0.2,100,1,500,8,7,0,0.3,2.5,0,0,2,0,-198.169,0.612537,207.703,4.20171,215.044
631,100,0.1,0.2,100,1,500,8,7,0,0.3,2.5,0,0,3,0,0.0606251,0.911485,0.979623,0.959865,51.0862
632,100,0.1,0.2,100,1,500,8,7,0,0.3,2.5,0,2,1,0,-99.7739,0.596299,113.868,4.4228,210.62
632,100,0.1,0.2,100,1,500,8,7,0,0.3,2.5,0,2,2,0,-99.7739,0.596299,113.868,4.4228,213.749
632,100,0.1,0.2,100,1,500,8,7,0,0.3,2.5,0,2,3,0,0.114845,0.911874,1.00017,0.965472,49.3344
633,100,0.1,0.2,100,1,500,8,7,0,0.5,2.5,1,1,1,0,0.273018,0.960509,1.38126,1.11811,46.0347
633,100,0.1,0.2,100,1,500,8,7,0,0.5,2.5,1,1,2,0,-12555.2,0.963556,23856.6,1.03185,44.935
633,100,0.1,0.2,100,1,500,8,7,0,0.5,2.5,1,1,3,0,0.502723,0.968765,0.944819,0.88436,57.56
634,100,0.1,0.2,100,1,500,8,7,0,0.5,2.5,1,3,1,0,-74.5098,-0.0504002,180.079,20.5625,44.827
634,100,0.1,0.2,100,1,500,8,7,0,0.5,2.5,1,3,2,0,-1.3966,0.948218,5.7155,1.01367,45.3536
634,100,0.1,0.2,100,1,500,8,7,0,0.5,2.5,1,3,3,0,0.55453,0.952743,1.06237,0.925096,49.9533
635,100,0.1,0.2,100,1,500,8,7,0,0.5,2.5,1,0,1,0,-36.7538,0.963429,52.1462,0.907686,204.514
635,100,0.1,0.2,100,1,500,8,7,0,0.5,2.5,1,0,2,0,-30.0652,0.955546,42.9078,1.10334,205.798
635,100,0.1,0.2,100,1,500,8,7,0,0.5,2.5,1,0,3,0,0.283179,0.961519,0.990085,0.955083,50.0882
636,100,0.1,0.2,100,1,500,8,7,0,0.5,2.5,1,2,1,0,-11.6492,0.941412,53.7228,1.61408,196.034
636,100,0.1,0.2,100,1,500,8,7,0,0.5,2.5,1,2,2,0,-31.4505,0.218682,137.821,21.525,200.313
636,100,0.1,0.2,100,1,500,8,7,0,0.5,2.5,1,2,3,0,0.734242,0.96581,1.12871,0.94193,57.4545
637,100,0.1,0.2,100,1,500,8,7,0,0.5,2.5,0,1,1,0,-3.87169,0.928339,4.80481,0.981225,45.0454
637,100,0.1,0.2,100,1,500,8,7,0,0.5,2.5,0,1,2,0,-1.22232,0.922534,2.19182,1.06072,45.2991
637,100,0.1,0.2,100,1,500,8,7,0,0.5,2.5,0,1,3,0,0.0458793,0.93242,0.941023,0.925346,40.9845
638,100,0.1,0.2,100,1,500,8,7,0,0.5,2.5,0,3,1,0,-15.7679,0.436175,44.7319,8.88278,89.0361
638,100,0.1,0.2,100,1,500,8,7,0,0.5,2.5,0,3,2,0,-15.7679,0.436175,44.7319,8.88278,44.9976
638,100,0.1,0.2,100,1,500,8,7,0,0.5,2.5,0,3,3,0,0.534237,0.935172,1.24252,1.02134,65.3846
639,100,0.1,0.2,100,1,500,8,7,0,0.5,2.5,0,0,1,0,-33.3019,0.918852,35.9679,1.11399,242.491
639,100,0.1,0.2,100,1,500,8,7,0,0.5,2.5,0,0,2,0,-676.924,0.420812,710.85,7.95095,212.071
639,100,0.1,0.2,100,1,500,8,7,0,0.5,2.5,0,0,3,0,0.0592542,0.929366,0.986437,0.969648,49.9179
640,100,0.1,0.2,100,1,500,8,7,0,0.5,2.5,0,2,1,0,-16.4565,0.882726,17.5769,1.59391,200.62
640,100,0.1,0.2,100,1,500,8,7,0,0.5,2.5,0,2,2,0,-2729.33,0.513598,2749.16,6.61086,201.114
640,100,0.1,0.2,100,1,500,8,7,0,0.5,2.5,0,2,3,0,0.0205708,0.928114,0.986184,0.977024,41.9832
641,100,0.1,0.2,100,1,500,8,7,0.1,0,2.5,1,1,1,0,-0.212135,0.966056,1.05045,0.221546,46.4156
641,100,0.1,0.2,100,1,500,8,7,0.1,0,2.5,1,1,2,0,-8.47837,0.839088,8.21404,1.05024,45.8144
641,100,0.1,0.2,100,1,500,8,7,0.1,0,2.5,1,1,3,0,0.384726,0.9786,0.533202,0.139671,41.7031
642,100,0.1,0.2,100,1,500,8,7,0.1,0,2.5,1,3,1,0,-1.12139,0.958281,1.96403,0.306466,49.7475
642,100,0.1,0.2,100,1,500,8,7,0.1,0,2.5,1,3,2,0,-10.4331,0.878926,10.5851,0.889407,47.2042
642,100,0.1,0.2,100,1,500,8,7,0.1,0,2.5,1,3,3,0,0.619544,0.986368,0.352235,0.100139,41.2262
643,100,0.1,0.2,100,1,500,8,7,0.1,0,2.5,1,0,1,0,-4.16817,0.899822,5.13731,0.721555,232.986
643,100,0.1,0.2,100,1,500,8,7,0.1,0,2.5,1,0,2,0,-13.287,0.875801,14.2017,0.894577,233.439
643,100,0.1,0.2,100,1,500,8,7,0.1,0,2.5,1,0,3,0,0.166875,0.959347,0.82815,0.292812,41.1944
644,100,0.1,0.2,100,1,500,8,7,0.1,0,2.5,1,2,1,0,-20.8988,0.888404,22.5373,0.76517,225.747
644,100,0.1,0.2,100,1,500,8,7,0.1,0,2.5,1,2,2,0,-8.36697,0.859681,9.64009,0.962111,225.148
644,100,0.1,0.2,100,1,500,8,7,0.1,0,2.5,1,2,3,0,0.0602386,0.910268,0.967163,0.615256,41.1849
645,100,0.1,0.2,100,1,500,8,7,0.1,0,2.5,0,1,1,0,-1.00039,0.92336,1.35306,0.543369,52.4137
645,100,0.1,0.2,100,1,500,8,7,0.1,0,2.5,0,1,2,0,-0.366154,0.959861,0.924064,0.284583,51.133
645,100,0.1,0.2,100,1,500,8,7,0.1,0,2.5,0,1,3,0,0.72945,0.989192,0.183,0.0766293,35.7744
646,100,0.1,0.2,100,1,500,8,7,0.1,0,2.5,0,3,1,0,-0.668609,0.941799,1.56228,0.400699,89.8506
646,100,0.1,0.2,100,1,500,8,7,0.1,0,2.5,0,3,2,0,-1.60774,0.882247,2.44157,0.810705,45.3863
646,100,0.1,0.2,100,1,500,8,7,0.1,0,2.5,0,3,3,0,0.0151917,0.871372,0.922056,0.885573,42.0173
647,100,0.1,0.2,100,1,500,8,7,0.1,0,2.5,0,0,1,0,-9.10313,0.881543,9.53494,0.800156,234.626
647,100,0.1,0.2,100,1,500,8,7,0.1,0,2.5,0,0,2,0,-6.73921,0.987791,7.30397,0.0824697,232.042
647,100,0.1,0.2,100,1,500,8,7,0.1,0,2.5,0,0,3,0,0.187661,0.963164,0.766654,0.248823,49.9777
648,100,0.1,0.2,100,1,500,8,7,0.1,0,2.5,0,2,1,0,-312.085,0.85839,317.328,1.00456,223.699
648,100,0.1,0.2,100,1,500,8,7,0.1,0,2.5,0,2,2,0,-58.8749,0.859664,60.6863,0.995523,225.524
648,100,0.1,0.2,100,1,500,8,7,0.1,0,2.5,0,2,3,0,0.149036,0.953185,0.862496,0.332098,48.9375
649,100,0.1,0.2,100,1,500,8,7,0.1,0.1,2.5,1,1,1,0,-28.5719,0.741837,30.2412,2.77183,46.3591
649,100,0.1,0.2,100,1,500,8,7,0.1,0.1,2.5,1,1,2,0,-19.1406,0.708408,20.5965,3.13074,45.9333
649,100,0.1,0.2,100,1,500,8,7,0.1,0.1,2.5,1,1,3,0,0.0678087,0.913496,0.953291,0.928773,49.5342
650,100,0.1,0.2,100,1,500,8,7,0.1,0.1,2.5,1,3,1,0,-6.55919,0.672796,12.4796,3.82218,45.5472
650,100,0.1,0.2,100,1,500,8,7,0.1,0.1,2.5,1,3,2,0,-4.15817,0.77507,8.51571,2.62748,45.6062
650,100,0.1,0.2,100,1,500,8,7,0.1,0.1,2.5,1,3,3,0,0.300705,0.912291,1.15448,1.02456,49.4048
651,100,0.1,0.2,100,1,500,8,7,0.1,0.1,2.5,1,0,1,0,-6174.54,0.896652,6253.29,1.19939,219.48
651,100,0.1,0.2,100,1,500,8,7,0.1,0.1,2.5,1,0,2,0,-14.0189,0.896371,15.208,1.20265,218.971
651,100,0.1,0.2,100,1,500,8,7,0.1,0.1,2.5,1,0,3,0,0.00710756,0.914028,1.00539,0.997738,49.2965
652,100,0.1,0.2,100,1,500,8,7,0.1,0.1,2.5,1,2,1,0,-2.06626,0.879068,3.32497,1.27437,216.662
652,100,0.1,0.2,100,1,500,8,7,0.1,0.1,2.5,1,2,2,0,-21563.9,0.874131,23384.4,1.3264,212.682
652,100,0.1,0.2,100,1,500,8,7,0.1,0.1,2.5,1,2,3,0,0.0618283,0.905623,1.01733,0.994534,41.64
653,100,0.1,0.2,100,1,500,8,7,0.1,0.1,2.5,0,1,1,0,-2.34059,0.832576,4.61919,1.46363,47.9601
653,100,0.1,0.2,100,1,500,8,7,0.1,0.1,2.5,0,1,2,0,-2.85595,0.836477,5.3318,1.42953,49.6503
653,100,0.1,0.2,100,1,500,8,7,0.1,0.1,2.5,0,1,3,0,-0.297174,0.820063,1.79366,1.57302,49.019
654,100,0.1,0.2,100,1,500,8,7,0.1,0.1,2.5,0,3,1,0,-18.8876,0.839403,20.3767,1.45968,44.7294
654,100,0.1,0.2,100,1,500,8,7,0.1,0.1,2.5,0,3,2,0,-97.4033,0.879015,100.823,1.09965,45.2998
654,100,0.1,0.2,100,1,500,8,7,0.1,0.1,2.5,0,3,3,0,0.016093,0.890335,1.0081,0.996755,40.7164
655,100,0.1,0.2,100,1,500,8,7,0.1,0.1,2.5,0,0,1,0,-5.09338,0.876236,5.6617,0.999184,224.544
655,100,0.1,0.2,100,1,500,8,7,0.1,0.1,2.5,0,0,2,0,-8643.19,0.872962,8031.8,1.02562,219.483
655,100,0.1,0.2,100,1,500,8,7,0.1,0.1,2.5,0,0,3,0,0.0189753,0.88932,0.911524,0.893557,57.0807
656,100,0.1,0.2,100,1,500,8,7,0.1,0.1,2.5,0,2,1,0,-29.5198,0.860557,29.9528,1.16599,213.712
656,100,0.1,0.2,100,1,500,8,7,0.1,0.1,2.5,0,2,2,0,-31.8915,0.877234,32.2805,1.02655,215.01
656,100,0.1,0.2,100,1,500,8,7,0.1,0.1,2.5,0,2,3,0,0.00254,0.883651,0.978929,0.972885,32.9255
657,100,0.1,0.2,100,1,500,8,7,0.1,0.3,2.5,1,1,1,0,-0.872353,0.887124,7.86286,2.03898,89.4713
657,100,0.1,0.2,100,1,500,8,7,0.1,0.3,2.5,1,1,2,0,-5.95395,0.389404,29.2028,11.0297,44.6036
657,100,0.1,0.2,100,1,500,8,7,0.1,0.3,2.5,1,1,3,0,0.630601,0.936598,1.55127,1.14529,59.9297
658,100,0.1,0.2,100,1,500,8,7,0.1,0.3,2.5,1,3,1,0,-0.545321,0.924831,1.97015,1.32571,89.0404
658,100,0.1,0.2,100,1,500,8,7,0.1,0.3,2.5,1,3,2,0,-0.085644,0.94632,1.3841,0.946729,91.2958
658,100,0.1,0.2,100,1,500,8,7,0.1,0.3,2.5,1,3,3,0,0.262246,0.948519,0.940571,0.907933,49.1177
659,100,0.1,0.2,100,1,500,8,7,0.1,0.3,2.5,1,0,1,0,-0.225578,0.92989,2.90805,1.12357,207.668
659,100,0.1,0.2,100,1,500,8,7,0.1,0.3,2.5,1,0,2,0,-0.75333,0.91613,4.1603,1.3441,209.16
659,100,0.1,0.2,100,1,500,8,7,0.1,0.3,2.5,1,0,3,0,0.4885,0.935141,1.21369,1.03943,56.9335
660,100,0.1,0.2,100,1,500,8,7,0.1,0.3,2.5,1,2,1,0,-3.37363,0.916961,12.052,1.43248,201.428
660,100,0.1,0.2,100,1,500,8,7,0.1,0.3,2.5,1,2,2,0,-0.594612,0.91256,4.39411,1.5084,201.706
660,100,0.1,0.2,100,1,500,8,7,0.1,0.3,2.5,1,2,3,0,0.578646,0.944495,1.16108,0.957489,59.2768
661,100,0.1,0.2,100,1,500,8,7,0.1,0.3,2.5,0,1,1,0,-9.71021,0.701049,11.2628,3.32059,44.1797
661,100,0.1,0.2,100,1,500,8,7,0.1,0.3,2.5,0,1,2,0,-0.715079,0.911581,1.80357,0.982109,44.4697
661,100,0.1,0.2,100,1,500,8,7,0.1,0.3,2.5,0,1,3,0,0.124479,0.920125,0.920692,0.887211,51.3251
662,100,0.1,0.2,100,1,500,8,7,0.1,0.3,2.5,0,3,1,0,-0.980149,0.900895,1.9699,0.963348,46.6509
662,100,0.1,0.2,100,1,500,8,7,0.1,0.3,2.5,0,3,2,0,-1.56027,0.903624,2.54702,0.936824,46.4083
662,100,0.1,0.2,100,1,500,8,7,0.1,0.3,2.5,0,3,3,0,0.015574,0.900886,0.979332,0.963432,42.8015
663,100,0.1,0.2,100,1,500,8,7,0.1,0.3,2.5,0,0,1,0,-8.35594,0.881168,9.17523,1.36559,207.821
663,100,0.1,0.2,100,1,500,8,7,0.1,0.3,2.5,0,0,2,0,-1025.78,0.902589,1006.95,1.11943,209.353
663,100,0.1,0.2,100,1,500,8,7,0.1,0.3,2.5,0,0,3,0,0.00736859,0.915769,0.973459,0.967966,40.9832
664,100,0.1,0.2,100,1,500,8,7,0.1,0.3,2.5,0,2,1,0,-0.745168,0.752175,6.78386,3.03251,201.102
664,100,0.1,0.2,100,1,500,8,7,0.1,0.3,2.5,0,2,2,0,-4.21699,0.888634,20.2796,1.36273,201.436
664,100,0.1,0.2,100,1,500,8,7,0.1,0.3,2.5,0,2,3,0,0.37366,0.868759,2.43472,1.60592,121.735
665,100,0.1,0.2,100,1,500,8,7,0.1,0.5,2.5,1,1,1,0,0.301162,0.963062,1.99279,1.02399,44.7096
665,100,0.1,0.2,100,1,500,8,7,0.1,0.5,2.5,1,1,2,0,0.187765,0.957058,2.31615,1.19042,89.1055
665,100,0.1,0.2,100,1,500,8,7,0.1,0.5,2.5,1,1,3,0,0.627705,0.965234,1.06163,0.963772,48.7717
666,100,0.1,0.2,100,1,500,8,7,0.1,0.5,2.5,1,3,1,0,0.582892,0.965585,2.17234,0.925343,90.5512
666,100,0.1,0.2,100,1,500,8,7,0.1,0.5,2.5,1,3,2,0,0.468217,0.9619,2.76959,1.02441,134.645
666,100,0.1,0.2,100,1,500,8,7,0.1,0.5,2.5,1,3,3,0,0.749622,0.962066,1.304,1.01996,65.8197
667,100,0.1,0.2,100,1,500,8,7,0.1,0.5,2.5,1,0,1,0,-0.727485,0.958841,4.3573,1.17077,204.69
667,100,0.1,0.2,100,1,500,8,7,0.1,0.5,2.5,1,0,2,0,-40.2748,0.961807,104.109,1.08638,205.985
667,100,0.1,0.2,100,1,500,8,7,0.1,0.5,2.5,1,0,3,0,0.616353,0.96884,0.967687,0.886343,50.1907
668,100,0.1,0.2,100,1,500,8,7,0.1,0.5,2.5,1,2,1,0,-0.800876,0.945732,7.02253,1.19833,197.229
668,100,0.1,0.2,100,1,500,8,7,0.1,0.5,2.5,1,2,2,0,-22.0799,0.931607,90,1.51025,201.305
668,100,0.1,0.2,100,1,500,8,7,0.1,0.5,2.5,1,2,3,0,0.722745,0.960702,1.08116,0.867777,58.6069
669,100,0.1,0.2,100,1,500,8,7,0.1,0.5,2.5,0,1,1,0,-123.499,0.906073,225.415,1.24385,44.7862
669,100,0.1,0.2,100,1,500,8,7,0.1,0.5,2.5,0,1,2,0,-2.62961,0.920857,6.5717,1.04807,87.8622
669,100,0.1,0.2,100,1,500,8,7,0.1,0.5,2.5,0,1,3,0,0.380736,0.925374,1.12123,0.988246,50.132
670,100,0.1,0.2,100,1,500,8,7,0.1,0.5,2.5,0,3,1,0,0.249795,0.926037,2.02247,1.06316,44.2646
670,100,0.1,0.2,100,1,500,8,7,0.1,0.5,2.5,0,3,2,0,-0.305723,0.911466,3.52008,1.2726,45.5401
670,100,0.1,0.2,100,1,500,8,7,0.1,0.5,2.5,0,3,3,0,0.518167,0.928417,1.29897,1.02894,58.2888
671,100,0.1,0.2,100,1,500,8,7,0.1,0.5,2.5,0,0,1,0,-6.17906,0.910523,11.3202,1.17019,211.566
671,100,0.1,0.2,100,1,500,8,7,0.1,0.5,2.5,0,0,2,0,-2254.21,0.918277,3556.1,1.06879,202.568
671,100,0.1,0.2,100,1,500,8,7,0.1,0.5,2.5,0,0,3,0,0.248094,0.917321,1.18563,1.08129,65.6734
672,100,0.1,0.2,100,1,500,8,7,0.1,0.5,2.5,0,2,1,0,-6.64635,0.914985,9.23097,1.23481,203.983
672,100,0.1,0.2,100,1,500,8,7,0.1,0.5,2.5,0,2,2,0,-84.1613,0.929601,102.81,1.02252,197.866
672,100,0.1,0.2,100,1,500,8,7,0.1,0.5,2.5,0,2,3,0,0.114988,0.929687,1.06842,1.02126,48.7766
673,100,0.1,0.2,100,1,500,8,7,0.3,0,2.5,1,1,1,0,-0.766286,0.859687,1.65824,1.01321,46.0454
673,100,0.1,0.2,100,1,500,8,7,0.3,0,2.5,1,1,2,0,-2.89022,0.857076,3.65225,1.03207,47.407
673,100,0.1,0.2,100,1,500,8,7,0.3,0,2.5,1,1,3,0,0.0284684,0.877993,0.912102,0.881026,42.0853
674,100,0.1,0.2,100,1,500,8,7,0.3,0,2.5,1,3,1,0,-0.584608,0.880955,1.50064,0.900029,56.3202
674,100,0.1,0.2,100,1,500,8,7,0.3,0,2.5,1,3,2,0,-2.65366,0.865601,3.46005,1.01611,45.0553
674,100,0.1,0.2,100,1,500,8,7,0.3,0,2.5,1,3,3,0,0.0226376,0.880541,0.925572,0.903161,42.5527
675,100,0.1,0.2,100,1,500,8,7,0.3,0,2.5,1,0,1,0,-9.42956,0.870137,10.6787,1.01055,212.035
675,100,0.1,0.2,100,1,500,8,7,0.3,0,2.5,1,0,2,0,-60.9933,0.862378,63.474,1.07092,211.765
675,100,0.1,0.2,100,1,500,8,7,0.3,0,2.5,1,0,3,0,0.0131065,0.871808,1.01047,0.997549,43.0405
676,100,0.1,0.2,100,1,500,8,7,0.3,0,2.5,1,2,1,0,-25.504,0.883679,23.629,0.880201,206.601
676,100,0.1,0.2,100,1,500,8,7,0.3,0,2.5,1,2,2,0,-18.1256,0.835866,17.051,1.24199,213.926
676,100,0.1,0.2,100,1,500,8,7,0.3,0,2.5,1,2,3,0,0.0382823,0.892503,0.857396,0.81343,49.248
677,100,0.1,0.2,100,1,500,8,7,0.3,0,2.5,0,1,1,0,-0.989379,0.864027,1.88275,1.06088,44.9039
677,100,0.1,0.2,100,1,500,8,7,0.3,0,2.5,0,1,2,0,-1.97722,0.862578,2.81765,1.07218,44.3727
677,100,0.1,0.2,100,1,500,8,7,0.3,0,2.5,0,1,3,0,0.0113183,0.88179,0.935689,0.922288,41.6576
678,100,0.1,0.2,100,1,500,8,7,0.3,0,2.5,0,3,1,0,-0.779519,0.869195,1.78788,0.994143,44.6422
678,100,0.1,0.2,100,1,500,8,7,0.3,0,2.5,0,3,2,0,-0.776836,0.862373,1.78519,1.04599,43.9177
678,100,0.1,0.2,100,1,500,8,7,0.3,0,2.5,0,3,3,0,0.0230298,0.875312,0.981561,0.947651,41.2202
679,100,0.1,0.2,100,1,500,8,7,0.3,0,2.5,0,0,1,0,-13.9109,0.840045,15.592,1.22048,212.794
679,100,0.1,0.2,100,1,500,8,7,0.3,0,2.5,0,0,2,0,-84.767,0.876186,89.6846,0.944723,213.905
679,100,0.1,0.2,100,1,500,8,7,0.3,0,2.5,0,0,3,0,0.00887116,0.865386,1.0364,1.02713,41.3396
680,100,0.1,0.2,100,1,500,8,7,0.3,0,2.5,0,2,1,0,-197.41,0.865883,173.289,1.03242,216.838
680,100,0.1,0.2,100,1,500,8,7,0.3,0,2.5,0,2,2,0,-1.43712,0.8708,2.12855,0.994567,206.947
680,100,0.1,0.2,100,1,500,8,7,0.3,0,2.5,0,2,3,0,0.0278606,0.89219,0.849057,0.829908,41.4875
681,100,0.1,0.2,100,1,500,8,7,0.3,0.1,2.5,1,1,1,0,-10.1347,0.870211,12.2447,1.55298,44.5716
681,100,0.1,0.2,100,1,500,8,7,0.3,0.1,2.5,1,1,2,0,-1.27513,0.908527,2.50193,1.09451,45.9529
681,100,0.1,0.2,100,1,500,8,7,0.3,0.1,2.5,1,1,3,0,0.0974385,0.919231,0.992535,0.966434,49.6338
682,100,0.1,0.2,100,1,500,8,7,0.3,0.1,2.5,1,3,1,0,-8.38474,0.89679,15.9513,1.07097,45.8982
682,100,0.1,0.2,100,1,500,8,7,0.3,0.1,2.5,1,3,2,0,-1.99573,0.786783,5.09186,2.21246,44.9071
682,100,0.1,0.2,100,1,500,8,7,0.3,0.1,2.5,1,3,3,0,0.31819,0.906031,1.15887,0.975077,65.0347
683,100,0.1,0.2,100,1,500,8,7,0.3,0.1,2.5,1,0,1,0,-20.7182,0.887065,41.4723,1.21656,212.562
683,100,0.1,0.2,100,1,500,8,7,0.3,0.1,2.5,1,0,2,0,-1.16786,0.910919,4.13968,0.9596,210.457
683,100,0.1,0.2,100,1,500,8,7,0.3,0.1,2.5,1,0,3,0,0.304039,0.898458,1.32898,1.09382,73.2644
684,100,0.1,0.2,100,1,500,8,7,0.3,0.1,2.5,1,2,1,0,-7.96796,0.879019,19.909,1.42705,199.39
684,100,0.1,0.2,100,1,500,8,7,0.3,0.1,2.5,1,2,2,0,-145.723,0.906112,325.728,1.10747,207.927
684,100,0.1,0.2,100,1,500,8,7,0.3,0.1,2.5,1,2,3,0,0.362252,0.902563,1.41581,1.14934,73.0495
685,100,0.1,0.2,100,1,500,8,7,0.3,0.1,2.5,0,1,1,0,-0.728554,0.890816,1.73687,1.00869,44.4018
685,100,0.1,0.2,100,1,500,8,7,0.3,0.1,2.5,0,1,2,0,-8.33216,0.873101,9.37706,1.17236,89.0885
685,100,0.1,0.2,100,1,500,8,7,0.3,0.1,2.5,0,1,3,0,0.0155727,0.894427,0.989163,0.975333,41.0098
686,100,0.1,0.2,100,1,500,8,7,0.3,0.1,2.5,0,3,1,0,-1.48076,0.883158,2.63197,1.0824,44.3606
686,100,0.1,0.2,100,1,500,8,7,0.3,0.1,2.5,0,3,2,0,-0.216368,0.883201,1.29051,1.08199,44.2088
686,100,0.1,0.2,100,1,500,8,7,0.3,0.1,2.5,0,3,3,0,0.0206951,0.890519,1.039,1.01421,49.936
687,100,0.1,0.2,100,1,500,8,7,0.3,0.1,2.5,0,0,1,0,-3.86693,0.887414,4.89858,1.02344,207.741
687,100,0.1,0.2,100,1,500,8,7,0.3,0.1,2.5,0,0,2,0,-249.3,0.870545,251.928,1.17678,212.274
687,100,0.1,0.2,100,1,500,8,7,0.3,0.1,2.5,0,0,3,0,0.0175929,0.893215,0.988797,0.970701,50.3282
688,100,0.1,0.2,100,1,500,8,7,0.3,0.1,2.5,0,2,1,0,-22.6132,0.815457,31.2029,1.67812,2014.1
688,100,0.1,0.2,100,1,500,8,7,0.3,0.1,2.5,0,2,2,0,-22.3151,0.874954,30.8091,1.13709,202.813
688,100,0.1,0.2,100,1,500,8,7,0.3,0.1,2.5,0,2,3,0,0.0848,0.874152,1.20936,1.14438,62.5572
689,100,0.1,0.2,100,1,500,8,7,0.3,0.3,2.5,1,1,1,0,-0.151471,0.948274,1.57198,0.979605,45.8403
689,100,0.1,0.2,100,1,500,8,7,0.3,0.3,2.5,1,1,2,0,-1.3298,0.946518,3.18063,1.01286,44.8523
689,100,0.1,0.2,100,1,500,8,7,0.3,0.3,2.5,1,1,3,0,0.29545,0.951839,0.961847,0.912089,49.8109
690,100,0.1,0.2,100,1,500,8,7,0.3,0.3,2.5,1,3,1,0,-0.216682,0.94991,4.07551,1.01661,89.5405
690,100,0.1,0.2,100,1,500,8,7,0.3,0.3,2.5,1,3,2,0,-0.417583,0.923182,4.74847,1.55908,133.683
690,100,0.1,0.2,100,1,500,8,7,0.3,0.3,2.5,1,3,3,0,0.616271,0.946827,1.28537,1.07919,57.1388
691,100,0.1,0.2,100,1,500,8,7,0.3,0.3,2.5,1,0,1,0,-16.4446,0.941239,54.3539,1.03255,207.282
691,100,0.1,0.2,100,1,500,8,7,0.3,0.3,2.5,1,0,2,0,-0.471221,0.936697,4.58404,1.11236,203.597
691,100,0.1,0.2,100,1,500,8,7,0.3,0.3,2.5,1,0,3,0,0.640712,0.948546,1.11947,0.904148,57.3304
692,100,0.1,0.2,100,1,500,8,7,0.3,0.3,2.5,1,2,1,0,-44.0512,0.94936,176.25,0.992527,195.243
692,100,0.1,0.2,100,1,500,8,7,0.3,0.3,2.5,1,2,2,0,-4.18189,0.945787,20.2727,1.06256,200.685
692,100,0.1,0.2,100,1,500,8,7,0.3,0.3,2.5,1,2,3,0,0.683226,0.950563,1.23929,0.968961,57.5305
693,100,0.1,0.2,100,1,500,8,7,0.3,0.3,2.5,0,1,1,0,-0.795114,0.905986,2.12603,1.0367,44.5154
693,100,0.1,0.2,100,1,500,8,7,0.3,0.3,2.5,0,1,2,0,-1.67506,0.913504,3.16819,0.953804,44.3588
693,100,0.1,0.2,100,1,500,8,7,0.3,0.3,2.5,0,1,3,0,0.129153,0.911004,1.03138,0.981369,58.4444
694,100,0.1,0.2,100,1,500,8,7,0.3,0.3,2.5,0,3,1,0,-0.86681,0.916476,2.22411,1.03657,87.3968
694,100,0.1,0.2,100,1,500,8,7,0.3,0.3,2.5,0,3,2,0,-0.819595,0.903989,2.16786,1.19154,91.176
694,100,0.1,0.2,100,1,500,8,7,0.3,0.3,2.5,0,3,3,0,0.0421561,0.909939,1.14117,1.11769,49.4436
695,100,0.1,0.2,100,1,500,8,7,0.3,0.3,2.5,0,0,1,0,-1.30065,0.890672,2.48452,1.24914,204.229
695,100,0.1,0.2,100,1,500,8,7,0.3,0.3,2.5,0,0,2,0,-2232.15,0.885383,2411.63,1.30957,207.95
695,100,0.1,0.2,100,1,500,8,7,0.3,0.3,2.5,0,0,3,0,0.0176946,0.90862,1.06082,1.04407,42.9789
696,100,0.1,0.2,100,1,500,8,7,0.3,0.3,2.5,0,2,1,0,-6.05976,0.891081,17.9387,1.27812,199.069
696,100,0.1,0.2,100,1,500,8,7,0.3,0.3,2.5,0,2,2,0,-1.23041,0.877403,5.66745,1.43864,204.132
696,100,0.1,0.2,100,1,500,8,7,0.3,0.3,2.5,0,2,3,0,0.465946,0.916254,1.35702,0.982729,74.5372
697,100,0.1,0.2,100,1,500,8,7,0.3,0.5,2.5,1,1,1,0,-1.36184,0.953752,7.78024,1.19827,44.3546
697,100,0.1,0.2,100,1,500,8,7,0.3,0.5,2.5,1,1,2,0,-2.10362,0.956763,10.2238,1.12024,44.7981
697,100,0.1,0.2,100,1,500,8,7,0.3,0.5,2.5,1,1,3,0,0.693889,0.966063,1.00837,0.879286,57.3984
698,100,0.1,0.2,100,1,500,8,7,0.3,0.5,2.5,1,3,1,0,0.517376,0.957445,3.75714,1.20368,45.0773
698,100,0.1,0.2,100,1,500,8,7,0.3,0.5,2.5,1,3,2,0,0.691369,0.958253,2.40264,1.18085,132.711
698,100,0.1,0.2,100,1,500,8,7,0.3,0.5,2.5,1,3,3,0,0.797409,0.96226,1.57713,1.06751,64.8365
699,100,0.1,0.2,100,1,500,8,7,0.3,0.5,2.5,1,0,1,0,-2.48116,0.948954,6.12762,1.32822,206.982
699,100,0.1,0.2,100,1,500,8,7,0.3,0.5,2.5,1,0,2,0,-4.96088,0.962544,10.4925,0.974621,204.28
699,100,0.1,0.2,100,1,500,8,7,0.3,0.5,2.5,1,0,3,0,0.432315,0.963181,0.999252,0.958037,57.9261
700,100,0.1,0.2,100,1,500,8,7,0.3,0.5,2.5,1,2,1,0,0.550765,0.949815,4.88572,1.43033,197.436
700,100,0.1,0.2,100,1,500,8,7,0.3,0.5,2.5,1,2,2,0,-0.361142,0.956516,14.8033,1.23936,197.192
700,100,0.1,0.2,100,1,500,8,7,0.3,0.5,2.5,1,2,3,0,0.820836,0.961719,1.94853,1.09105,74.2163
701,100,0.1,0.2,100,1,500,8,7,0.3,0.5,2.5,0,1,1,0,-0.200398,0.931844,1.20527,0.946592,45.4834
701,100,0.1,0.2,100,1,500,8,7,0.3,0.5,2.5,0,1,2,0,-0.587069,0.920294,1.59351,1.107,46.1496
701,100,0.1,0.2,100,1,500,8,7,0.3,0.5,2.5,0,1,3,0,0.12933,0.939247,0.874202,0.843778,42.4461
702,100,0.1,0.2,100,1,500,8,7,0.3,0.5,2.5,0,3,1,0,-0.309715,0.936689,4.12366,0.989168,137.137
702,100,0.1,0.2,100,1,500,8,7,0.3,0.5,2.5,0,3,2,0,-1.01398,0.934682,6.34105,1.02052,132.946
702,100,0.1,0.2,100,1,500,8,7,0.3,0.5,2.5,0,3,3,0,0.580776,0.936654,1.31993,0.989712,65.8014
703,100,0.1,0.2,100,1,500,8,7,0.3,0.5,2.5,0,0,1,0,-185.596,0.930314,358.564,0.98637,206.504
703,100,0.1,0.2,100,1,500,8,7,0.3,0.5,2.5,0,0,2,0,-0.198271,0.919427,2.3026,1.14047,204.115
703,100,0.1,0.2,100,1,500,8,7,0.3,0.5,2.5,0,0,3,0,0.403459,0.928591,1.14631,1.01076,57.4679
704,100,0.1,0.2,100,1,500,8,7,0.3,0.5,2.5,0,2,1,0,-39.2521,0.923563,66.1502,1.02043,196.997
704,100,0.1,0.2,100,1,500,8,7,0.3,0.5,2.5,0,2,2,0,-1.23637,0.912952,3.67524,1.16209,201.131
704,100,0.1,0.2,100,1,500,8,7,0.3,0.5,2.5,0,2,3,0,0.303634,0.922007,1.14441,1.04121,57.495
705,100,0.1,0.2,100,1,500,8,7,0.5,0,2.5,1,1,1,0,-1.45371,0.863202,2.48063,1.15606,45.1187
705,100,0.1,0.2,100,1,500,8,7,0.5,0,2.5,1,1,2,0,-8.16293,0.878169,9.26346,1.02958,45.3879
705,100,0.1,0.2,100,1,500,8,7,0.5,0,2.5,1,1,3,0,0.0196226,0.885045,0.991133,0.971468,41.7475
706,100,0.1,0.2,100,1,500,8,7,0.5,0,2.5,1,3,1,0,-1.3042,0.884223,2.49901,1.01714,45.2632
706,100,0.1,0.2,100,1,500,8,7,0.5,0,2.5,1,3,2,0,-1.25235,0.861062,2.44278,1.22062,45.046
706,100,0.1,0.2,100,1,500,8,7,0.5,0,2.5,1,3,3,0,0.0300169,0.88412,1.05199,1.01805,49.6686
707,100,0.1,0.2,100,1,500,8,7,0.5,0,2.5,1,0,1,0,-8.44634,0.867688,9.84503,1.14215,215.312
707,100,0.1,0.2,100,1,500,8,7,0.5,0,2.5,1,0,2,0,-273.636,0.880892,286.227,1.02816,212.019
707,100,0.1,0.2,100,1,500,8,7,0.5,0,2.5,1,0,3,0,0.0571783,0.893256,0.982615,0.92144,49.1482
708,100,0.1,0.2,100,1,500,8,7,0.5,0,2.5,1,2,1,0,-13.6287,0.834674,17.1592,1.46739,203.549
708,100,0.1,0.2,100,1,500,8,7,0.5,0,2.5,1,2,2,0,-19.4368,0.828485,23.972,1.52232,203.053
708,100,0.1,0.2,100,1,500,8,7,0.5,0,2.5,1,2,3,0,0.0416031,0.878417,1.12418,1.07914,58.7813
709,100,0.1,0.2,100,1,500,8,7,0.5,0,2.5,0,1,1,0,-47.2874,0.836958,48.443,1.38246,46.8215
709,100,0.1,0.2,100,1,500,8,7,0.5,0,2.5,0,1,2,0,-0.709696,0.876648,1.7152,1.04592,44.3695
709,100,0.1,0.2,100,1,500,8,7,0.5,0,2.5,0,1,3,0,0.0189264,0.886362,0.984234,0.963551,50.2307
710,100,0.1,0.2,100,1,500,8,7,0.5,0,2.5,0,3,1,0,-0.553162,0.880636,1.78387,1.03043,44.9589
710,100,0.1,0.2,100,1,500,8,7,0.5,0,2.5,0,3,2,0,-1.26602,0.87059,2.60263,1.11715,45.558
710,100,0.1,0.2,100,1,500,8,7,0.5,0,2.5,0,3,3,0,0.0315598,0.874589,1.1123,1.08264,41.7631
711,100,0.1,0.2,100,1,500,8,7,0.5,0,2.5,0,0,1,0,-10.4228,0.875517,12.0405,1.08919,212.146
711,100,0.1,0.2,100,1,500,8,7,0.5,0,2.5,0,0,2,0,-15.7389,0.881645,17.6441,1.03557,213.44
711,100,0.1,0.2,100,1,500,8,7,0.5,0,2.5,0,0,3,0,0.0887119,0.895805,0.960565,0.911672,61.6941
712,100,0.1,0.2,100,1,500,8,7,0.5,0,2.5,0,2,1,0,-11.7163,0.867082,13.4768,1.1842,223.23
712,100,0.1,0.2,100,1,500,8,7,0.5,0,2.5,0,2,2,0,-17.4238,0.859142,19.5256,1.25493,224.34
712,100,0.1,0.2,100,1,500,8,7,0.5,0,2.5,0,2,3,0,0.0321966,0.888301,1.02568,0.995156,42.6028
713,100,0.1,0.2,100,1,500,8,7,0.5,0.1,2.5,1,1,1,0,-8.54444,0.909627,24.0399,1.28597,45.4974
713,100,0.1,0.2,100,1,500,8,7,0.5,0.1,2.5,1,1,2,0,0.277714,0.934082,1.81925,0.93798,50.8599
713,100,0.1,0.2,100,1,500,8,7,0.5,0.1,2.5,1,1,3,0,0.536405,0.935896,1.16767,0.912175,71.6542
714,100,0.1,0.2,100,1,500,8,7,0.5,0.1,2.5,1,3,1,0,-0.687574,0.904526,2.24372,1.21602,52.2512
714,100,0.1,0.2,100,1,500,8,7,0.5,0.1,2.5,1,3,2,0,-0.672918,0.91711,2.22424,1.05574,48.6787
714,100,0.1,0.2,100,1,500,8,7,0.5,0.1,2.5,1,3,3,0,0.0810128,0.906674,1.22184,1.18866,56.6855
715,100,0.1,0.2,100,1,500,8,7,0.5,0.1,2.5,1,0,1,0,-251.079,0.898497,662.223,1.24602,234.366
715,100,0.1,0.2,100,1,500,8,7,0.5,0.1,2.5,1,0,2,0,-19.8883,0.893515,54.8745,1.30718,212.946
715,100,0.1,0.2,100,1,500,8,7,0.5,0.1,2.5,1,0,3,0,0.445222,0.911598,1.45743,1.0852,73.0676
716,100,0.1,0.2,100,1,500,8,7,0.5,0.1,2.5,1,2,1,0,0.158948,0.907826,2.42186,1.11937,221.995
716,100,0.1,0.2,100,1,500,8,7,0.5,0.1,2.5,1,2,2,0,-0.856137,0.879475,5.34485,1.46367,222.081
716,100,0.1,0.2,100,1,500,8,7,0.5,0.1,2.5,1,2,3,0,0.454661,0.90809,1.57034,1.11616,91.1691
717,100,0.1,0.2,100,1,500,8,7,0.5,0.1,2.5,0,1,1,0,-117.802,0.855509,182.955,1.44065,49.2968
717,100,0.1,0.2,100,1,500,8,7,0.5,0.1,2.5,0,1,2,0,-1.07125,0.843367,3.18971,1.56171,142.906
717,100,0.1,0.2,100,1,500,8,7,0.5,0.1,2.5,0,1,3,0,0.194639,0.888874,1.24025,1.10799,51.7703
718,100,0.1,0.2,100,1,500,8,7,0.5,0.1,2.5,0,3,1,0,-19.4515,0.888833,26.3606,1.11719,99.9353
718,100,0.1,0.2,100,1,500,8,7,0.5,0.1,2.5,0,3,2,0,-0.665056,0.887124,2.14614,1.13437,95.9554
718,100,0.1,0.2,100,1,500,8,7,0.5,0.1,2.5,0,3,3,0,0.144697,0.897409,1.10242,1.031,74.1322
719,100,0.1,0.2,100,1,500,8,7,0.5,0.1,2.5,0,0,1,0,-5.42852,0.870642,6.77813,1.25099,229.084
719,100,0.1,0.2,100,1,500,8,7,0.5,0.1,2.5,0,0,2,0,-58.5463,0.888574,62.7847,1.07757,233.121
719,100,0.1,0.2,100,1,500,8,7,0.5,0.1,2.5,0,0,3,0,0.0243359,0.895789,1.02873,1.00779,45.0739
720,100,0.1,0.2,100,1,500,8,7,0.5,0.1,2.5,0,2,1,0,-37.4304,0.850601,42.7072,1.61572,209.25
720,100,0.1,0.2,100,1,500,8,7,0.5,0.1,2.5,0,2,2,0,-43.1211,0.896708,49.0312,1.11708,204.14
720,100,0.1,0.2,100,1,500,8,7,0.5,0.1,2.5,0,2,3,0,0.0377648,0.902264,1.06932,1.057,42.1431
721,100,0.1,0.2,100,1,500,8,7,0.5,0.3,2.5,1,1,1,0,-0.699467,0.943842,2.81471,1.03531,89.0686
721,100,0.1,0.2,100,1,500,8,7,0.5,0.3,2.5,1,1,2,0,-0.264709,0.947396,2.09465,0.969794,45.8007
721,100,0.1,0.2,100,1,500,8,7,0.5,0.3,2.5,1,1,3,0,0.347179,0.945157,1.08122,1.01107,49.167
722,100,0.1,0.2,100,1,500,8,7,0.5,0.3,2.5,1,3,1,0,-0.101066,0.945621,2.15977,1.08564,45.3056
722,100,0.1,0.2,100,1,500,8,7,0.5,0.3,2.5,1,3,2,0,-0.928922,0.943572,3.78363,1.12655,45.186
722,100,0.1,0.2,100,1,500,8,7,0.5,0.3,2.5,1,3,3,0,0.441362,0.950087,1.09578,0.996486,48.8268
723,100,0.1,0.2,100,1,500,8,7,0.5,0.3,2.5,1,0,1,0,-1.40082,0.935072,3.62507,1.35175,204.982
723,100,0.1,0.2,100,1,500,8,7,0.5,0.3,2.5,1,0,2,0,-1.1629,0.954205,3.26583,0.953401,203.573
723,100,0.1,0.2,100,1,500,8,7,0.5,0.3,2.5,1,0,3,0,0.291025,0.950823,1.07051,1.02381,50.7627
724,100,0.1,0.2,100,1,500,8,7,0.5,0.3,2.5,1,2,1,0,-17.1203,0.949061,37.9711,1.09956,201.103
724,100,0.1,0.2,100,1,500,8,7,0.5,0.3,2.5,1,2,2,0,0.00343444,0.944965,2.08831,1.18798,198.237
724,100,0.1,0.2,100,1,500,8,7,0.5,0.3,2.5,1,2,3,0,0.510205,0.956187,1.02637,0.94575,65.1816
725,100,0.1,0.2,100,1,500,8,7,0.5,0.3,2.5,0,1,1,0,-0.407053,0.918501,2.59842,1.03804,96.6414
725,100,0.1,0.2,100,1,500,8,7,0.5,0.3,2.5,0,1,2,0,-0.538389,0.914837,2.84096,1.08471,94.8911
725,100,0.1,0.2,100,1,500,8,7,0.5,0.3,2.5,0,1,3,0,0.356803,0.918496,1.1878,1.03811,64.378
726,100,0.1,0.2,100,1,500,8,7,0.5,0.3,2.5,0,3,1,0,-0.769324,0.819029,2.97776,2.34059,47.6471
726,100,0.1,0.2,100,1,500,8,7,0.5,0.3,2.5,0,3,2,0,-2.70486,0.899815,6.23524,1.29575,49.6801
726,100,0.1,0.2,100,1,500,8,7,0.5,0.3,2.5,0,3,3,0,0.368838,0.92721,1.06224,0.941434,65.5614
727,100,0.1,0.2,100,1,500,8,7,0.5,0.3,2.5,0,0,1,0,-5.23396,0.919417,5.41852,1.05081,222.333
727,100,0.1,0.2,100,1,500,8,7,0.5,0.3,2.5,0,0,2,0,-59.4078,0.889208,52.5061,1.44475,216.625
727,100,0.1,0.2,100,1,500,8,7,0.5,0.3,2.5,0,0,3,0,0.00559173,0.934061,0.864334,0.859847,36.6297
728,100,0.1,0.2,100,1,500,8,7,0.5,0.3,2.5,0,2,1,0,-34.7535,0.892219,49.81,1.38798,230.176
728,100,0.1,0.2,100,1,500,8,7,0.5,0.3,2.5,0,2,2,0,-370.52,0.848788,517.583,1.94727,210.654
728,100,0.1,0.2,100,1,500,8,7,0.5,0.3,2.5,0,2,3,0,0.200596,0.918927,1.11369,1.04403,68.7421
729,100,0.1,0.2,100,1,500,8,7,0.5,0.5,2.5,1,1,1,0,-2.60357,0.939006,13.5427,1.45216,99.7367
729,100,0.1,0.2,100,1,500,8,7,0.5,0.5,2.5,1,1,2,0,-4.15356,0.948831,19.3677,1.21826,144.633
729,100,0.1,0.2,100,1,500,8,7,0.5,0.5,2.5,1,1,3,0,0.684381,0.958695,1.18613,0.9834,64.0262
730,100,0.1,0.2,100,1,500,8,7,0.5,0.5,2.5,1,3,1,0,0.0571967,0.945244,4.17284,1.57843,98.3541
730,100,0.1,0.2,100,1,500,8,7,0.5,0.5,2.5,1,3,2,0,-0.87187,0.96532,8.28488,0.999692,91.868
730,100,0.1,0.2,100,1,500,8,7,0.5,0.5,2.5,1,3,3,0,0.749699,0.967862,1.10783,0.926426,64.735
731,100,0.1,0.2,100,1,500,8,7,0.5,0.5,2.5,1,0,1,0,-7.12819,0.955084,8.3502,1.06201,230.969
731,100,0.1,0.2,100,1,500,8,7,0.5,0.5,2.5,1,0,2,0,-64.5896,0.938974,67.3811,1.44295,219.839
731,100,0.1,0.2,100,1,500,8,7,0.5,0.5,2.5,1,0,3,0,0.0431389,0.958942,0.982996,0.970808,55.3398
732,100,0.1,0.2,100,1,500,8,7,0.5,0.5,2.5,1,2,1,0,-17.2093,0.942198,50.6344,1.74708,205.039
732,100,0.1,0.2,100,1,500,8,7,0.5,0.5,2.5,1,2,2,0,-6.64652,0.942388,21.2626,1.74136,215.973
732,100,0.1,0.2,100,1,500,8,7,0.5,0.5,2.5,1,2,3,0,0.594693,0.965708,1.12703,1.03649,64.7769
733,100,0.1,0.2,100,1,500,8,7,0.5,0.5,2.5,0,1,1,0,-0.0752612,0.924261,2.12892,1.15222,47.4989
733,100,0.1,0.2,100,1,500,8,7,0.5,0.5,2.5,0,1,2,0,-0.0663185,0.929286,2.11121,1.07578,46.3617
733,100,0.1,0.2,100,1,500,8,7,0.5,0.5,2.5,0,1,3,0,0.404013,0.930426,1.18,1.05843,53.4822
734,100,0.1,0.2,100,1,500,8,7,0.5,0.5,2.5,0,3,1,0,-0.570047,0.940606,1.52681,0.897304,95.4176
734,100,0.1,0.2,100,1,500,8,7,0.5,0.5,2.5,0,3,2,0,-2.34847,0.927791,3.25625,1.09092,98.0999
734,100,0.1,0.2,100,1,500,8,7,0.5,0.5,2.5,0,3,3,0,0.0491018,0.939946,0.92471,0.907279,54.071
735,100,0.1,0.2,100,1,500,8,7,0.5,0.5,2.5,0,0,1,0,-465.423,0.909299,1313.61,1.37322,215.109
735,100,0.1,0.2,100,1,500,8,7,0.5,0.5,2.5,0,0,2,0,-9.76903,0.916353,30.3293,1.26641,211.584
735,100,0.1,0.2,100,1,500,8,7,0.5,0.5,2.5,0,0,3,0,0.58217,0.939756,1.17676,0.91209,63.8851
736,100,0.1,0.2,100,1,500,8,7,0.5,0.5,2.5,0,2,1,0,-5.25702,0.931539,6.35172,1.07136,213.322
736,100,0.1,0.2,100,1,500,8,7,0.5,0.5,2.5,0,2,2,0,-1607.34,0.909956,1632.69,1.40912,206.874
736,100,0.1,0.2,100,1,500,8,7,0.5,0.5,2.5,0,2,3,0,0.0175728,0.937784,0.997297,0.973633,44.8455
737,100,0.1,0.2,100,1,500,16,1,0,0,2.5,1,1,1,0,1,1,1.19511e-26,-5.2211e-16,290.863
737,100,0.1,0.2,100,1,500,16,1,0,0,2.5,1,1,2,0,1,1,1.19511e-26,-5.2211e-16,290.783
737,100,0.1,0.2,100,1,500,16,1,0,0,2.5,1,1,3,0,1,1,1.02643e-21,-4.77392e-16,88.6001
738,100,0.1,0.2,100,1,500,16,1,0,0,2.5,1,3,1,0,1,1,1.23198e-28,7.73159e-16,232.837
738,100,0.1,0.2,100,1,500,16,1,0,0,2.5,1,3,2,0,1,1,1.23198e-28,7.73159e-16,239.924
738,100,0.1,0.2,100,1,500,16,1,0,0,2.5,1,3,3,0,1,1,7.06605e-22,-3.71616e-16,86.6472
739,100,0.1,0.2,100,1,500,16,1,0,0,2.5,1,0,1,0,1,1,3.42431e-29,-9.99444e-16,588.723
739,100,0.1,0.2,100,1,500,16,1,0,0,2.5,1,0,2,0,1,1,4.67248e-29,-1.38778e-15,590.535
739,100,0.1,0.2,100,1,500,16,1,0,0,2.5,1,0,3,0,1,1,1.3188e-21,1.45369e-16,93.39
740,100,0.1,0.2,100,1,500,16,1,0,0,2.5,1,2,1,0,1,1,6.08594e-31,-2.24304e-15,547.75
740,100,0.1,0.2,100,1,500,16,1,0,0,2.5,1,2,2,0,1,1,1.59439e-30,-9.64673e-16,554.284
740,100,0.1,0.2,100,1,500,16,1,0,0,2.5,1,2,3,0,1,1,5.28994e-21,-1.12183e-16,94.4196
741,100,0.1,0.2,100,1,500,16,1,0,0,2.5,0,1,1,0,1,1,1.09738e-31,1.01728e-15,284.547
741,100,0.1,0.2,100,1,500,16,1,0,0,2.5,0,1,2,0,1,1,1.09738e-31,1.01728e-15,311.143
741,100,0.1,0.2,100,1,500,16,1,0,0,2.5,0,1,3,0,1,1,1.01084e-21,-8.58874e-16,102.656
742,100,0.1,0.2,100,1,500,16,1,0,0,2.5,0,3,1,0,1,1,6.03249e-30,-1.74731e-15,232.226
742,100,0.1,0.2,100,1,500,16,1,0,0,2.5,0,3,2,0,1,1,6.03249e-30,-1.74731e-15,255.728
742,100,0.1,0.2,100,1,500,16,1,0,0,2.5,0,3,3,0,1,1,5.2216e-21,-3.12382e-16,96.1198
743,100,0.1,0.2,100,1,500,16,1,0,0,2.5,0,0,1,0,1,1,2.56446e-29,-8.74648e-16,543.666
743,100,0.1,0.2,100,1,500,16,1,0,0,2.5,0,0,2,0,1,1,8.12415e-29,-2.01954e-15,551.899
743,100,0.1,0.2,100,1,500,16,1,0,0,2.5,0,0,3,0,1,1,7.52702e-21,-1.21566e-16,87.0676
744,100,0.1,0.2,100,1,500,16,1,0,0,2.5,0,2,1,0,1,1,2.6631e-29,-8.6596e-16,509.503
744,100,0.1,0.2,100,1,500,16,1,0,0,2.5,0,2,2,0,1,1,2.50841e-28,-2.57683e-15,547.656
744,100,0.1,0.2,100,1,500,16,1,0,0,2.5,0,2,3,0,1,1,1.11382e-21,8.2135e-16,88.5589
745,100,0.1,0.2,100,1,500,16,1,0,0.1,2.5,1,1,1,0,-60.7406,0.928084,34.0489,0.72149,120.103
745,100,0.1,0.2,100,1,500,16,1,0,0.1,2.5,1,1,2,0,-60.7406,0.928084,34.0489,0.72149,121.618
745,100,0.1,0.2,100,1,500,16,1,0,0.1,2.5,1,1,3,0,-0.00720873,0.94596,0.555459,0.542154,121.777
746,100,0.1,0.2,100,1,500,16,1,0,0.1,2.5,1,3,1,0,-144.464,0.929855,82.6532,0.714666,137.106
746,100,0.1,0.2,100,1,500,16,1,0,0.1,2.5,1,3,2,0,-144.464,0.929855,82.6532,0.714666,127.766
746,100,0.1,0.2,100,1,500,16,1,0,0.1,2.5,1,3,3,0,-0.0125769,0.945276,0.575349,0.557551,131.579
747,100,0.1,0.2,100,1,500,16,1,0,0.1,2.5,1,0,1,0,-17.8274,0.937541,12.2659,0.643249,256.55
747,100,0.1,0.2,100,1,500,16,1,0,0.1,2.5,1,0,2,0,-9.56273,0.941103,6.88154,0.606572,266.337
747,100,0.1,0.2,100,1,500,16,1,0,0.1,2.5,1,0,3,0,0.0211571,0.939643,0.637709,0.621606,117.782
748,100,0.1,0.2,100,1,500,16,1,0,0.1,2.5,1,2,1,0,-861.513,0.939817,594.776,0.623412,249.456
748,100,0.1,0.2,100,1,500,16,1,0,0.1,2.5,1,2,2,0,-145.539,0.944639,101.051,0.573463,262.909
748,100,0.1,0.2,100,1,500,16,1,0,0.1,2.5,1,2,3,0,0.00406624,0.936719,0.686781,0.655501,142.217
749,100,0.1,0.2,100,1,500,16,1,0,0.1,2.5,0,1,1,0,-29.7627,0.958564,10.4782,0.162713,121.723
749,100,0.1,0.2,100,1,500,16,1,0,0.1,2.5,0,1,2,0,-29.7627,0.958564,10.4782,0.162713,122.874
749,100,0.1,0.2,100,1,500,16,1,0,0.1,2.5,0,1,3,0,0.239949,0.942532,0.258884,0.225668,122.528
750,100,0.1,0.2,100,1,500,16,1,0,0.1,2.5,0,3,1,0,-34.4464,0.949894,10.6958,0.210651,113.658
750,100,0.1,0.2,100,1,500,16,1,0,0.1,2.5,0,3,2,0,-34.4464,0.949894,10.6958,0.210651,112.951
750,100,0.1,0.2,100,1,500,16,1,0,0.1,2.5,0,3,3,0,0.24494,0.951448,0.227837,0.204117,176.95
751,100,0.1,0.2,100,1,500,16,1,0,0.1,2.5,0,0,1,0,-6834.88,0.947217,1089.89,0.21581,258.314
751,100,0.1,0.2,100,1,500,16,1,0,0.1,2.5,0,0,2,0,-98.9657,0.938382,15.9383,0.251933,250.457
751,100,0.1,0.2,100,1,500,16,1,0,0.1,2.5,0,0,3,0,0.0451081,0.963612,0.152245,0.148776,146.025
752,100,0.1,0.2,100,1,500,16,1,0,0.1,2.5,0,2,1,0,-159.831,0.947984,34.579,0.196872,249.396
752,100,0.1,0.2,100,1,500,16,1,0,0.1,2.5,0,2,2,0,-61.7336,0.958573,13.4878,0.156796,250.584
752,100,0.1,0.2,100,1,500,16,1,0,0.1,2.5,0,2,3,0,0.129793,0.95304,0.187096,0.177737,144.895
753,100,0.1,0.2,100,1,500,16,1,0,0.3,2.5,1,1,1,0,-40.6199,0.920741,74.9841,2.03956,2860.33
753,100,0.1,0.2,100,1,500,16,1,0,0.3,2.5,1,1,2,0,-2017.24,0.930964,3636.14,1.7765,4256.8
753,100,0.1,0.2,100,1,500,16,1,0,0.3,2.5,1,1,3,0,0.0476107,0.935758,1.71586,1.65313,252.566
754,100,0.1,0.2,100,1,500,16,1,0,0.3,2.5,1,3,1,0,-323.571,0.934454,588.519,1.92266,2933.84
754,100,0.1,0.2,100,1,500,16,1,0,0.3,2.5,1,3,2,0,-323.571,0.934454,588.519,1.92266,3011.29
754,100,0.1,0.2,100,1,500,16,1,0,0.3,2.5,1,3,3,0,0.0244889,0.941466,1.76882,1.71698,211.355
755,100,0.1,0.2,100,1,500,16,1,0,0.3,2.5,1,0,1,0,-41.9407,0.919933,58.9152,1.85616,5806.54
755,100,0.1,0.2,100,1,500,16,1,0,0.3,2.5,1,0,2,0,-3554.04,0.925461,4877.56,1.728,6188.29
755,100,0.1,0.2,100,1,500,16,1,0,0.3,2.5,1,0,3,0,-0.0151897,0.940901,1.39285,1.37005,140.466
756,100,0.1,0.2,100,1,500,16,1,0,0.3,2.5,1,2,1,0,-1595.37,0.929173,2209.33,1.57526,6187.47
756,100,0.1,0.2,100,1,500,16,1,0,0.3,2.5,1,2,2,0,-79.9367,0.92165,112.014,1.74259,6665.37
756,100,0.1,0.2,100,1,500,16,1,0,0.3,2.5,1,2,3,0,0.00380787,0.939955,1.3787,1.33547,259.286
757,100,0.1,0.2,100,1,500,16,1,0,0.3,2.5,0,1,1,0,-335.712,0.921081,186.253,0.687565,2207.25
757,100,0.1,0.2,100,1,500,16,1,0,0.3,2.5,0,1,2,0,-335.712,0.921081,186.253,0.687565,2225.48
757,100,0.1,0.2,100,1,500,16,1,0,0.3,2.5,0,1,3,0,0.0502663,0.942936,0.525348,0.497153,141.05
758,100,0.1,0.2,100,1,500,16,1,0,0.3,2.5,0,3,1,0,-906.266,0.945776,538.01,0.518127,2210.86
758,100,0.1,0.2,100,1,500,16,1,0,0.3,2.5,0,3,2,0,-60487.2,0.933711,35869.5,0.633414,2251.17
758,100,0.1,0.2,100,1,500,16,1,0,0.3,2.5,0,3,3,0,0.0714295,0.946786,0.550643,0.508483,140.603
759,100,0.1,0.2,100,1,500,16,1,0,0.3,2.5,0,0,1,0,-397.422,0.944587,239.346,0.497113,6769.55
759,100,0.1,0.2,100,1,500,16,1,0,0.3,2.5,0,0,2,0,-6.5953,0.934067,4.56277,0.591495,5003.6
759,100,0.1,0.2,100,1,500,16,1,0,0.3,2.5,0,0,3,0,0.111836,0.94544,0.533553,0.489465,159.29
760,100,0.1,0.2,100,1,500,16,1,0,0.3,2.5,0,2,1,0,-325.486,0.941824,213.877,0.581181,5188.21
760,100,0.1,0.2,100,1,500,16,1,0,0.3,2.5,0,2,2,0,-15.8703,0.938263,11.0515,0.616762,4686.45
760,100,0.1,0.2,100,1,500,16,1,0,0.3,2.5,0,2,3,0,0.039607,0.939049,0.629142,0.608903,142.094
761,100,0.1,0.2,100,1,500,16,1,0,0.5,2.5,1,1,1,0,-5687.24,0.93699,14045.8,2.48851,3504.97
761,100,0.1,0.2,100,1,500,16,1,0,0.5,2.5,1,1,2,0,-75.8198,0.916649,189.689,3.29183,3463.98
761,100,0.1,0.2,100,1,500,16,1,0,0.5,2.5,1,1,3,0,0.0211794,0.946213,2.41698,2.12423,270.893
762,100,0.1,0.2,100,1,500,16,1,0,0.5,2.5,1,3,1,0,-84.1623,0.90447,236.005,4.15347,3636.36
762,100,0.1,0.2,100,1,500,16,1,0,0.5,2.5,1,3,2,0,-24.7313,0.894898,71.3075,4.56965,3665.56
762,100,0.1,0.2,100,1,500,16,1,0,0.5,2.5,1,3,3,0,0.0300875,0.942892,2.68786,2.48295,353.832
763,100,0.1,0.2,100,1,500,16,1,0,0.5,2.5,1,0,1,0,-113.717,0.921879,329.879,3.45293,8778.44
763,100,0.1,0.2,100,1,500,16,1,0,0.5,2.5,1,0,2,0,-62.1681,0.886173,181.646,5.03114,7200.97
763,100,0.1,0.2,100,1,500,16,1,0,0.5,2.5,1,0,3,0,0.0884187,0.953244,2.62134,2.06663,290.018
764,100,0.1,0.2,100,1,500,16,1,0,0.5,2.5,1,2,1,0,-3237.45,0.88902,5041.13,2.71242,6417.23
764,100,0.1,0.2,100,1,500,16,1,0,0.5,2.5,1,2,2,0,-71739.3,0.928894,111674,1.73787,6725.58
764,100,0.1,0.2,100,1,500,16,1,0,0.5,2.5,1,2,3,0,-0.0029668,0.945299,1.56127,1.33693,408.122
765,100,0.1,0.2,100,1,500,16,1,0,0.5,2.5,0,1,1,0,-1341.94,0.913057,1237.28,1.19836,2602.49
765,100,0.1,0.2,100,1,500,16,1,0,0.5,2.5,0,1,2,0,-2002.91,0.924994,1846.25,1.03383,3807.42
765,100,0.1,0.2,100,1,500,16,1,0,0.5,2.5,0,1,3,0,0.0306779,0.937398,0.893057,0.862856,172.363
766,100,0.1,0.2,100,1,500,16,1,0,0.5,2.5,0,3,1,0,-6.96076,0.936635,7.32171,0.962068,2522.05
766,100,0.1,0.2,100,1,500,16,1,0,0.5,2.5,0,3,2,0,-44.6018,0.910587,41.9412,1.35755,2532.42
766,100,0.1,0.2,100,1,500,16,1,0,0.5,2.5,0,3,3,0,0.0109914,0.94091,0.909617,0.897167,168.88
767,100,0.1,0.2,100,1,500,16,1,0,0.5,2.5,0,0,1,0,-20.0006,0.933887,21.4416,1.03188,5532.65
767,100,0.1,0.2,100,1,500,16,1,0,0.5,2.5,0,0,2,0,-240.438,0.944838,246.508,0.860959,5657.37
767,100,0.1,0.2,100,1,500,16,1,0,0.5,2.5,0,0,3,0,0.0245827,0.938088,0.995901,0.966322,171.75
768,100,0.1,0.2,100,1,500,16,1,0,0.5,2.5,0,2,1,0,-51.6179,0.905982,35.2062,1.06146,5485.29
768,100,0.1,0.2,100,1,500,16,1,0,0.5,2.5,0,2,2,0,-50.1735,0.899465,34.2398,1.13503,5473.48
768,100,0.1,0.2,100,1,500,16,1,0,0.5,2.5,0,2,3,0,0.0253452,0.944047,0.652134,0.631701,173.097
769,100,0.1,0.2,100,1,500,16,1,0.1,0,2.5,1,1,1,0,-2647.24,0.985871,307.155,0.0153214,498.482
769,100,0.1,0.2,100,1,500,16,1,0.1,0,2.5,1,1,2,0,-5.74675,0.961585,0.78252,0.0416573,525.94
769,100,0.1,0.2,100,1,500,16,1,0.1,0,2.5,1,1,3,0,0.897664,0.99051,0.0118694,0.0102907,110.148
770,100,0.1,0.2,100,1,500,16,1,0.1,0,2.5,1,3,1,0,0.213786,0.985472,0.130773,0.0163646,749.38
770,100,0.1,0.2,100,1,500,16,1,0.1,0,2.5,1,3,2,0,-492604,0.979715,81936,0.0228489,699.431
770,100,0.1,0.2,100,1,500,16,1,0.1,0,2.5,1,3,3,0,0.928154,0.991458,0.0119503,0.00962203,94.3663
771,100,0.1,0.2,100,1,500,16,1,0.1,0,2.5,1,0,1,0,-465.998,0.978227,13.0186,0.0261479,2086.97
771,100,0.1,0.2,100,1,500,16,1,0.1,0,2.5,1,0,2,0,-10.7068,0.988089,0.326352,0.0143037,754.772
771,100,0.1,0.2,100,1,500,16,1,0.1,0,2.5,1,0,3,0,0.60782,0.991429,0.0109329,0.0102928,88.0203
772,100,0.1,0.2,100,1,500,16,1,0.1,0,2.5,1,2,1,0,-36.0482,0.990005,0.476849,0.0114556,765.76
772,100,0.1,0.2,100,1,500,16,1,0.1,0,2.5,1,2,2,0,-445954,0.987018,5739.91,0.014879,852.033
772,100,0.1,0.2,100,1,500,16,1,0.1,0,2.5,1,2,3,0,0.19789,0.991102,0.010324,0.0101979,103.244
773,100,0.1,0.2,100,1,500,16,1,0.1,0,2.5,0,1,1,0,-81.9714,0.950311,7.21401,0.0579795,519.954
773,100,0.1,0.2,100,1,500,16,1,0.1,0,2.5,0,1,2,0,-2902.28,0.929299,252.427,0.0824974,623.6
773,100,0.1,0.2,100,1,500,16,1,0.1,0,2.5,0,1,3,0,0.890556,0.992861,0.00951572,0.00832973,93.3177
774,100,0.1,0.2,100,1,500,16,1,0.1,0,2.5,0,3,1,0,0.464098,0.990377,0.0383588,0.0111206,524.064
774,100,0.1,0.2,100,1,500,16,1,0.1,0,2.5,0,3,2,0,-92.0871,0.991012,6.66299,0.0103867,499.753
774,100,0.1,0.2,100,1,500,16,1,0.1,0,2.5,0,3,3,0,0.836204,0.990995,0.0117242,0.0104073,100.065
775,100,0.1,0.2,100,1,500,16,1,0.1,0,2.5,0,0,1,0,-2.78236e+07,0.989144,307570,0.012107,1214.31
775,100,0.1,0.2,100,1,500,16,1,0.1,0,2.5,0,0,2,0,-10935.4,0.988148,120.894,0.0132182,1137.7
775,100,0.1,0.2,100,1,500,16,1,0.1,0,2.5,0,0,3,0,0.175397,0.991977,0.00911538,0.00894734,88.5482
776,100,0.1,0.2,100,1,500,16,1,0.1,0,2.5,0,2,1,0,-4434.67,0.976391,140.2,0.0269782,1038.73
776,100,0.1,0.2,100,1,500,16,1,0.1,0,2.5,0,2,2,0,-4564.5,0.989373,144.303,0.0121433,769.275
776,100,0.1,0.2,100,1,500,16,1,0.1,0,2.5,0,2,3,0,0.708199,0.992273,0.00922304,0.00882933,88.0699
777,100,0.1,0.2,100,1,500,16,1,0.1,0.1,2.5,1,1,1,0,-228.355,0.938081,154.401,0.628429,1948.69
777,100,0.1,0.2,100,1,500,16,1,0.1,0.1,2.5,1,1,2,0,-5049.82,0.929718,3400.2,0.71331,1729.87
777,100,0.1,0.2,100,1,500,16,1,0.1,0.1,2.5,1,1,3,0,-0.0510156,0.933665,0.707541,0.673246,162.314
778,100,0.1,0.2,100,1,500,16,1,0.1,0.1,2.5,1,3,1,0,-5.25467,0.934163,3.91723,0.695066,2219.34
778,100,0.1,0.2,100,1,500,16,1,0.1,0.1,2.5,1,3,2,0,-5.25467,0.934163,3.91723,0.695066,2175.94
778,100,0.1,0.2,100,1,500,16,1,0.1,0.1,2.5,1,3,3,0,0.00117879,0.944971,0.625551,0.580959,166.438
779,100,0.1,0.2,100,1,500,16,1,0.1,0.1,2.5,1,0,1,0,-691.392,0.940519,398.195,0.569409,2199.92
779,100,0.1,0.2,100,1,500,16,1,0.1,0.1,2.5,1,0,2,0,-5009.09,0.940139,2881.31,0.573045,2203.18
779,100,0.1,0.2,100,1,500,16,1,0.1,0.1,2.5,1,0,3,0,-0.0122522,0.939829,0.582147,0.576014,104.543
780,100,0.1,0.2,100,1,500,16,1,0.1,0.1,2.5,1,2,1,0,-84.8006,0.947279,53.0222,0.536196,2229.44
780,100,0.1,0.2,100,1,500,16,1,0.1,0.1,2.5,1,2,2,0,-156.457,0.943399,97.304,0.575655,2709.6
780,100,0.1,0.2,100,1,500,16,1,0.1,0.1,2.5,1,2,3,0,0.00238786,0.941764,0.616495,0.592285,139.037
781,100,0.1,0.2,100,1,500,16,1,0.1,0.1,2.5,0,1,1,0,-391.594,0.939535,68.677,0.264984,1026.34
781,100,0.1,0.2,100,1,500,16,1,0.1,0.1,2.5,0,1,2,0,-391.594,0.939535,68.677,0.264984,1178.41
781,100,0.1,0.2,100,1,500,16,1,0.1,0.1,2.5,0,1,3,0,0.0298262,0.961612,0.169714,0.168233,140.872
782,100,0.1,0.2,100,1,500,16,1,0.1,0.1,2.5,0,3,1,0,-194.607,0.892402,45.4832,0.464152,1436.61
782,100,0.1,0.2,100,1,500,16,1,0.1,0.1,2.5,0,3,2,0,-86909.6,0.949871,20208.8,0.216245,2552.05
782,100,0.1,0.2,100,1,500,16,1,0.1,0.1,2.5,0,3,3,0,0.0372918,0.949134,0.223852,0.219426,114.507
783,100,0.1,0.2,100,1,500,16,1,0.1,0.1,2.5,0,0,1,0,-527.405,0.945133,130.104,0.2333,2152.36
783,100,0.1,0.2,100,1,500,16,1,0.1,0.1,2.5,0,0,2,0,-503.211,0.938528,124.147,0.261388,1921.3
783,100,0.1,0.2,100,1,500,16,1,0.1,0.1,2.5,0,0,3,0,0.0618727,0.94714,0.230986,0.224768,157.542
784,100,0.1,0.2,100,1,500,16,1,0.1,0.1,2.5,0,2,1,0,-319.815,0.937291,72.5445,0.255591,2146.55
784,100,0.1,0.2,100,1,500,16,1,0.1,0.1,2.5,0,2,2,0,-235.462,0.95316,53.4701,0.190913,1874.85
784,100,0.1,0.2,100,1,500,16,1,0.1,0.1,2.5,0,2,3,0,0.118742,0.953144,0.199275,0.190975,130.384
785,100,0.1,0.2,100,1,500,16,1,0.1,0.3,2.5,1,1,1,0,-172.667,0.940633,251.718,1.60932,2993.45
785,100,0.1,0.2,100,1,500,16,1,0.1,0.3,2.5,1,1,2,0,-3.79642e+06,0.923886,5.50262e+06,2.06329,2830.68
785,100,0.1,0.2,100,1,500,16,1,0.1,0.3,2.5,1,1,3,0,0.000395862,0.946864,1.44885,1.4404,115.004
786,100,0.1,0.2,100,1,500,16,1,0.1,0.3,2.5,1,3,1,0,-27807.2,0.922718,48805.5,2.21915,2955.5
786,100,0.1,0.2,100,1,500,16,1,0.1,0.3,2.5,1,3,2,0,-27807.2,0.922718,48805.5,2.21915,3184.4
786,100,0.1,0.2,100,1,500,16,1,0.1,0.3,2.5,1,3,3,0,0.0200664,0.941026,1.71985,1.69345,148.193
787,100,0.1,0.2,100,1,500,16,1,0.1,0.3,2.5,1,0,1,0,-45.3421,0.930051,72.6736,1.69794,5945.82
787,100,0.1,0.2,100,1,500,16,1,0.1,0.3,2.5,1,0,2,0,-207.368,0.934765,326.763,1.58351,7765.45
787,100,0.1,0.2,100,1,500,16,1,0.1,0.3,2.5,1,0,3,0,-0.0281669,0.934142,1.61237,1.59863,163.224
788,100,0.1,0.2,100,1,500,16,1,0.1,0.3,2.5,1,2,1,0,-3209.81,0.936221,5238.49,1.76626,6068.98
788,100,0.1,0.2,100,1,500,16,1,0.1,0.3,2.5,1,2,2,0,-79.0237,0.907998,130.56,2.54785,6063.19
788,100,0.1,0.2,100,1,500,16,1,0.1,0.3,2.5,1,2,3,0,0.0926939,0.951999,1.48029,1.3293,201.857
789,100,0.1,0.2,100,1,500,16,1,0.1,0.3,2.5,0,1,1,0,-26224.8,0.916605,14436.4,0.793952,2272.62
789,100,0.1,0.2,100,1,500,16,1,0.1,0.3,2.5,0,1,2,0,-19340.2,0.935637,10646.7,0.612765,2652.78
789,100,0.1,0.2,100,1,500,16,1,0.1,0.3,2.5,0,1,3,0,0.0433918,0.947506,0.526581,0.499767,174.975
790,100,0.1,0.2,100,1,500,16,1,0.1,0.3,2.5,0,3,1,0,-23.5961,0.939859,13.9445,0.519428,2283.87
790,100,0.1,0.2,100,1,500,16,1,0.1,0.3,2.5,0,3,2,0,-23.5961,0.939859,13.9445,0.519428,2229.35
790,100,0.1,0.2,100,1,500,16,1,0.1,0.3,2.5,0,3,3,0,0.0331882,0.939013,0.548123,0.526731,177.009
791,100,0.1,0.2,100,1,500,16,1,0.1,0.3,2.5,0,0,1,0,-1038.74,0.926428,645.237,0.737497,4848.16
791,100,0.1,0.2,100,1,500,16,1,0.1,0.3,2.5,0,0,2,0,-7072.77,0.932789,4389.79,0.673741,6381.06
791,100,0.1,0.2,100,1,500,16,1,0.1,0.3,2.5,0,0,3,0,0.0343504,0.941513,0.599256,0.586285,146.355
792,100,0.1,0.2,100,1,500,16,1,0.1,0.3,2.5,0,2,1,0,-674.874,0.938368,415.942,0.65333,4850.31
792,100,0.1,0.2,100,1,500,16,1,0.1,0.3,2.5,0,2,2,0,-1963.54,0.941996,1209.01,0.614862,4679.66
792,100,0.1,0.2,100,1,500,16,1,0.1,0.3,2.5,0,2,3,0,0.0183926,0.943722,0.604095,0.596568,161.254
793,100,0.1,0.2,100,1,500,16,1,0.1,0.5,2.5,1,1,1,0,-80271.3,0.924868,212142,3.19921,3252.77
793,100,0.1,0.2,100,1,500,16,1,0.1,0.5,2.5,1,1,2,0,-80271.3,0.924868,212142,3.19921,3450.04
793,100,0.1,0.2,100,1,500,16,1,0.1,0.5,2.5,1,1,3,0,0.0820195,0.952142,2.42602,2.03785,279.229
794,100,0.1,0.2,100,1,500,16,1,0.1,0.5,2.5,1,3,1,0,-3.14035,0.92949,11.458,3.00152,3184.9
794,100,0.1,0.2,100,1,500,16,1,0.1,0.5,2.5,1,3,2,0,-101.203,0.932365,282.838,2.87911,3114.04
794,100,0.1,0.2,100,1,500,16,1,0.1,0.5,2.5,1,3,3,0,0.106713,0.954423,2.47209,1.94016,287.851
795,100,0.1,0.2,100,1,500,16,1,0.1,0.5,2.5,1,0,1,0,-6.68104,0.93111,23.6337,3.31215,7447.35
795,100,0.1,0.2,100,1,500,16,1,0.1,0.5,2.5,1,0,2,0,-379538,0.935248,1.1678e+06,3.11318,6816.46
795,100,0.1,0.2,100,1,500,16,1,0.1,0.5,2.5,1,0,3,0,0.0863409,0.951464,2.81123,2.33357,261.468
796,100,0.1,0.2,100,1,500,16,1,0.1,0.5,2.5,1,2,1,0,-487.869,0.927961,1266.15,2.70173,6803.23
796,100,0.1,0.2,100,1,500,16,1,0.1,0.5,2.5,1,2,2,0,-37249.1,0.897644,96476.3,3.83875,8562.42
796,100,0.1,0.2,100,1,500,16,1,0.1,0.5,2.5,1,2,3,0,0.0131928,0.934149,2.55579,2.46965,273.525
797,100,0.1,0.2,100,1,500,16,1,0.1,0.5,2.5,0,1,1,0,-30.8028,0.93462,36.9398,1.11112,2577.25
797,100,0.1,0.2,100,1,500,16,1,0.1,0.5,2.5,0,1,2,0,-87.4937,0.932115,102.788,1.15369,2547.58
797,100,0.1,0.2,100,1,500,16,1,0.1,0.5,2.5,0,1,3,0,0.0264625,0.935122,1.13079,1.10259,165.795
798,100,0.1,0.2,100,1,500,16,1,0.1,0.5,2.5,0,3,1,0,-44.8194,0.926509,37.8755,0.984429,2410.17
798,100,0.1,0.2,100,1,500,16,1,0.1,0.5,2.5,0,3,2,0,-511.711,0.873433,423.82,1.69538,2365.43
798,100,0.1,0.2,100,1,500,16,1,0.1,0.5,2.5,0,3,3,0,0.00908216,0.94013,0.819118,0.80197,163.928
799,100,0.1,0.2,100,1,500,16,1,0.1,0.5,2.5,0,0,1,0,-419.473,0.925508,407.357,1.00337,5330.09
799,100,0.1,0.2,100,1,500,16,1,0.1,0.5,2.5,0,0,2,0,-7492.22,0.930824,7259.48,0.931757,5416.59
799,100,0.1,0.2,100,1,500,16,1,0.1,0.5,2.5,0,0,3,0,0.0282224,0.933057,0.941464,0.90169,170.467
800,100,0.1,0.2,100,1,500,16,1,0.1,0.5,2.5,0,2,1,0,-2701.76,0.908929,2529.3,1.33429,7231.67
800,100,0.1,0.2,100,1,500,16,1,0.1,0.5,2.5,0,2,2,0,-162.368,0.918628,152.883,1.19219,5462.27
800,100,0.1,0.2,100,1,500,16,1,0.1,0.5,2.5,0,2,3,0,0.022322,0.939109,0.914931,0.892122,168.15
801,100,0.1,0.2,100,1,500,16,1,0.3,0,2.5,1,1,1,0,-0.671112,0.959177,0.339237,0.0962053,1542.21
801,100,0.1,0.2,100,1,500,16,1,0.3,0,2.5,1,1,2,0,-4.9771,0.920009,1.21336,0.188511,1517.39
801,100,0.1,0.2,100,1,500,16,1,0.3,0,2.5,1,1,3,0,0.491811,0.961755,0.103163,0.09013,83.7161
802,100,0.1,0.2,100,1,500,16,1,0.3,0,2.5,1,3,1,0,-424.03,0.948977,38.8921,0.114328,1609.99
802,100,0.1,0.2,100,1,500,16,1,0.3,0,2.5,1,3,2,0,-825.449,0.944625,75.6238,0.12408,1423.63
802,100,0.1,0.2,100,1,500,16,1,0.3,0,2.5,1,3,3,0,0.039241,0.961889,0.0879138,0.0853948,82.5617
803,100,0.1,0.2,100,1,500,16,1,0.3,0,2.5,1,0,1,0,-121.335,0.870807,19.066,0.305514,3028.54
803,100,0.1,0.2,100,1,500,16,1,0.3,0,2.5,1,0,2,0,-5.96347,0.945792,1.08526,0.12819,2995.27
803,100,0.1,0.2,100,1,500,16,1,0.3,0,2.5,1,0,3,0,0.434542,0.966143,0.0881271,0.0800643,83.4083
804,100,0.1,0.2,100,1,500,16,1,0.3,0,2.5,1,2,1,0,-105.664,0.881123,10.991,0.286511,3008.79
804,100,0.1,0.2,100,1,500,16,1,0.3,0,2.5,1,2,2,0,-1069.6,0.955748,110.318,0.106654,3161.7
804,100,0.1,0.2,100,1,500,16,1,0.3,0,2.5,1,2,3,0,0.134369,0.964136,0.0891976,0.0864374,76.9216
805,100,0.1,0.2,100,1,500,16,1,0.3,0,2.5,0,1,1,0,-11555.2,0.922779,1453.87,0.181988,1450.43
805,100,0.1,0.2,100,1,500,16,1,0.3,0,2.5,0,1,2,0,-45036.7,0.830912,5666.12,0.398491,1462.79
805,100,0.1,0.2,100,1,500,16,1,0.3,0,2.5,0,1,3,0,0.281765,0.963925,0.09036,0.0850196,90.0611
806,100,0.1,0.2,100,1,500,16,1,0.3,0,2.5,0,3,1,0,-51.4607,0.932979,11.5215,0.15708,1653.8
806,100,0.1,0.2,100,1,500,16,1,0.3,0,2.5,0,3,2,0,-2231.59,0.913093,490.327,0.203689,1668.06
806,100,0.1,0.2,100,1,500,16,1,0.3,0,2.5,0,3,3,0,0.512749,0.959885,0.107011,0.0940202,114.168
807,100,0.1,0.2,100,1,500,16,1,0.3,0,2.5,0,0,1,0,0.251381,0.957769,0.214506,0.0979336,4788.6
807,100,0.1,0.2,100,1,500,16,1,0.3,0,2.5,0,0,2,0,-491.771,0.94585,141.196,0.125574,3124.36
807,100,0.1,0.2,100,1,500,16,1,0.3,0,2.5,0,0,3,0,0.6448,0.965661,0.101777,0.0796314,84.2398
808,100,0.1,0.2,100,1,500,16,1,0.3,0,2.5,0,2,1,0,-2417.85,0.92858,383.39,0.171565,3159.85
808,100,0.1,0.2,100,1,500,16,1,0.3,0,2.5,0,2,2,0,-469.392,0.962737,74.5575,0.089512,3142.42
808,100,0.1,0.2,100,1,500,16,1,0.3,0,2.5,0,2,3,0,0.438176,0.966489,0.0890496,0.0804998,77.5198
809,100,0.1,0.2,100,1,500,16,1,0.3,0.1,2.5,1,1,1,0,-307.519,0.944033,246.912,0.62051,1963.99
809,100,0.1,0.2,100,1,500,16,1,0.3,0.1,2.5,1,1,2,0,-661.005,0.939934,529.811,0.665952,1972.07
809,100,0.1,0.2,100,1,500,16,1,0.3,0.1,2.5,1,1,3,0,0.00857921,0.928988,0.793446,0.787307,103.509
810,100,0.1,0.2,100,1,500,16,1,0.3,0.1,2.5,1,3,1,0,-1616.72,0.93913,1119.25,0.73365,2136.65
810,100,0.1,0.2,100,1,500,16,1,0.3,0.1,2.5,1,3,2,0,-1616.72,0.93913,1119.25,0.73365,2146.86
810,100,0.1,0.2,100,1,500,16,1,0.3,0.1,2.5,1,3,3,0,-0.018212,0.947775,0.70447,0.629447,192.819
811,100,0.1,0.2,100,1,500,16,1,0.3,0.1,2.5,1,0,1,0,-458.867,0.935844,379.827,0.763199,4549.36
811,100,0.1,0.2,100,1,500,16,1,0.3,0.1,2.5,1,0,2,0,-605.867,0.93353,501.242,0.790722,4709.66
811,100,0.1,0.2,100,1,500,16,1,0.3,0.1,2.5,1,0,3,0,0.0227816,0.935141,0.807133,0.771553,114.851
812,100,0.1,0.2,100,1,500,16,1,0.3,0.1,2.5,1,2,1,0,-5319.62,0.927897,3312.78,0.815732,6170.18
812,100,0.1,0.2,100,1,500,16,1,0.3,0.1,2.5,1,2,2,0,-277.276,0.945065,173.263,0.621509,4482.12
812,100,0.1,0.2,100,1,500,16,1,0.3,0.1,2.5,1,2,3,0,0.00337326,0.946652,0.620529,0.603547,112.55
813,100,0.1,0.2,100,1,500,16,1,0.3,0.1,2.5,0,1,1,0,-12.4685,0.929379,4.23713,0.375917,1897.09
813,100,0.1,0.2,100,1,500,16,1,0.3,0.1,2.5,0,1,2,0,-443.5,0.933264,139.837,0.355235,1839.76
813,100,0.1,0.2,100,1,500,16,1,0.3,0.1,2.5,0,1,3,0,0.0248166,0.943697,0.306788,0.299699,113.077
814,100,0.1,0.2,100,1,500,16,1,0.3,0.1,2.5,0,3,1,0,-591.911,0.907161,160.133,0.47526,1808.49
814,100,0.1,0.2,100,1,500,16,1,0.3,0.1,2.5,0,3,2,0,-591.911,0.907161,160.133,0.47526,1917.06
814,100,0.1,0.2,100,1,500,16,1,0.3,0.1,2.5,0,3,3,0,0.0773378,0.95365,0.249191,0.237275,140.02
815,100,0.1,0.2,100,1,500,16,1,0.3,0.1,2.5,0,0,1,0,-45.2728,0.94512,15.4322,0.297968,3641.72
815,100,0.1,0.2,100,1,500,16,1,0.3,0.1,2.5,0,0,2,0,-43.8577,0.924449,14.9602,0.410201,3747.44
815,100,0.1,0.2,100,1,500,16,1,0.3,0.1,2.5,0,0,3,0,0.13622,0.950651,0.288074,0.267937,111.244
816,100,0.1,0.2,100,1,500,16,1,0.3,0.1,2.5,0,2,1,0,-483836,0.904406,138879,0.498583,3613.39
816,100,0.1,0.2,100,1,500,16,1,0.3,0.1,2.5,0,2,2,0,-14496,0.941353,4161.17,0.305882,3539.69
816,100,0.1,0.2,100,1,500,16,1,0.3,0.1,2.5,0,2,3,0,0.0151676,0.946493,0.282683,0.279074,122.158
817,100,0.1,0.2,100,1,500,16,1,0.3,0.3,2.5,1,1,1,0,-2195.62,0.920048,4343.88,2.40833,4284.05
817,100,0.1,0.2,100,1,500,16,1,0.3,0.3,2.5,1,1,2,0,-8.771,0.931344,19.3224,2.06806,2836.12
817,100,0.1,0.2,100,1,500,16,1,0.3,0.3,2.5,1,1,3,0,0.0558342,0.941299,1.86711,1.7682,219.018
818,100,0.1,0.2,100,1,500,16,1,0.3,0.3,2.5,1,3,1,0,-128.262,0.922197,200.281,2.13214,2789.15
818,100,0.1,0.2,100,1,500,16,1,0.3,0.3,2.5,1,3,2,0,-36730.6,0.925213,56912.7,2.04949,2710.74
818,100,0.1,0.2,100,1,500,16,1,0.3,0.3,2.5,1,3,3,0,0.0420747,0.948693,1.48423,1.40603,273.291
819,100,0.1,0.2,100,1,500,16,1,0.3,0.3,2.5,1,0,1,0,-27763.6,0.914153,38187.4,1.87816,5773.11
819,100,0.1,0.2,100,1,500,16,1,0.3,0.3,2.5,1,0,2,0,-12.0775,0.899967,17.9868,2.18854,5809.33
819,100,0.1,0.2,100,1,500,16,1,0.3,0.3,2.5,1,0,3,0,0.0149205,0.941737,1.35488,1.27469,242.86
820,100,0.1,0.2,100,1,500,16,1,0.3,0.3,2.5,1,2,1,0,-50.8537,0.930854,84.7811,2.024,5850.72
820,100,0.1,0.2,100,1,500,16,1,0.3,0.3,2.5,1,2,2,0,-229.075,0.932281,376.173,1.98225,7393.75
820,100,0.1,0.2,100,1,500,16,1,0.3,0.3,2.5,1,2,3,0,0.0463958,0.948337,1.55915,1.51224,140.91
821,100,0.1,0.2,100,1,500,16,1,0.3,0.3,2.5,0,1,1,0,-87.5264,0.912546,58.1815,0.925805,2248.98
821,100,0.1,0.2,100,1,500,16,1,0.3,0.3,2.5,0,1,2,0,-212.475,0.864008,140.3,1.43965,2113.81
821,100,0.1,0.2,100,1,500,16,1,0.3,0.3,2.5,0,1,3,0,0.0235929,0.941441,0.641716,0.619923,135.298
822,100,0.1,0.2,100,1,500,16,1,0.3,0.3,2.5,0,3,1,0,-55.1622,0.945776,37.3011,0.598045,2245.73
822,100,0.1,0.2,100,1,500,16,1,0.3,0.3,2.5,0,3,2,0,-55.1622,0.945776,37.3011,0.598045,2236.1
822,100,0.1,0.2,100,1,500,16,1,0.3,0.3,2.5,0,3,3,0,0.0339135,0.943944,0.641643,0.618242,135.664
823,100,0.1,0.2,100,1,500,16,1,0.3,0.3,2.5,0,0,1,0,-49.4124,0.938221,37.9867,0.732022,4776.08
823,100,0.1,0.2,100,1,500,16,1,0.3,0.3,2.5,0,0,2,0,-842.77,0.924049,635.797,0.899951,4839.31
823,100,0.1,0.2,100,1,500,16,1,0.3,0.3,2.5,0,0,3,0,0.0202284,0.939229,0.738277,0.720077,135.797
824,100,0.1,0.2,100,1,500,16,1,0.3,0.3,2.5,0,2,1,0,-795.626,0.920969,531.791,0.88286,4746.46
824,100,0.1,0.2,100,1,500,16,1,0.3,0.3,2.5,0,2,2,0,-419.829,0.939847,280.926,0.671975,4745.66
824,100,0.1,0.2,100,1,500,16,1,0.3,0.3,2.5,0,2,3,0,0.0244655,0.943816,0.651222,0.627629,137.758
825,100,0.1,0.2,100,1,500,16,1,0.3,0.5,2.5,1,1,1,0,-74089,0.942831,218670,2.65455,4632.82
825,100,0.1,0.2,100,1,500,16,1,0.3,0.5,2.5,1,1,2,0,-3254.38,0.9354,9607.96,2.99962,3126.9
825,100,0.1,0.2,100,1,500,16,1,0.3,0.5,2.5,1,1,3,0,0.110245,0.955252,2.62603,2.0778,297.604
826,100,0.1,0.2,100,1,500,16,1,0.3,0.5,2.5,1,3,1,0,-2146.61,0.879593,5651.65,5.34705,3108.45
826,100,0.1,0.2,100,1,500,16,1,0.3,0.5,2.5,1,3,2,0,-22.3164,0.934677,61.3595,2.90088,3138.54
826,100,0.1,0.2,100,1,500,16,1,0.3,0.5,2.5,1,3,3,0,0.126596,0.959512,2.29845,1.79798,275.343
827,100,0.1,0.2,100,1,500,16,1,0.3,0.5,2.5,1,0,1,0,-89.813,0.924987,255.115,3.32483,6538.8
827,100,0.1,0.2,100,1,500,16,1,0.3,0.5,2.5,1,0,2,0,-341.174,0.932089,961.249,3.01004,6555.8
827,100,0.1,0.2,100,1,500,16,1,0.3,0.5,2.5,1,0,3,0,0.0163532,0.940057,2.7633,2.65689,325.178
828,100,0.1,0.2,100,1,500,16,1,0.3,0.5,2.5,1,2,1,0,-468.367,0.930863,1321.32,3.34486,6600.59
828,100,0.1,0.2,100,1,500,16,1,0.3,0.5,2.5,1,2,2,0,-84.1486,0.931946,239.702,3.29245,8135.4
828,100,0.1,0.2,100,1,500,16,1,0.3,0.5,2.5,1,2,3,0,0.21785,0.970327,2.20183,1.43557,251.013
829,100,0.1,0.2,100,1,500,16,1,0.3,0.5,2.5,0,1,1,0,-690.325,0.779422,624.85,2.9557,2525.48
829,100,0.1,0.2,100,1,500,16,1,0.3,0.5,2.5,0,1,2,0,-730.391,0.937007,661.064,0.844091,2462.48
829,100,0.1,0.2,100,1,500,16,1,0.3,0.5,2.5,0,1,3,0,0.0235075,0.936221,0.882598,0.854626,193.108
830,100,0.1,0.2,100,1,500,16,1,0.3,0.5,2.5,0,3,1,0,-759.065,0.807337,594.355,2.29069,2531.83
830,100,0.1,0.2,100,1,500,16,1,0.3,0.5,2.5,0,3,2,0,-44.3316,0.754746,35.4483,2.91599,2373.52
830,100,0.1,0.2,100,1,500,16,1,0.3,0.5,2.5,0,3,3,0,0.0212101,0.937937,0.765392,0.737903,160.928
831,100,0.1,0.2,100,1,500,16,1,0.3,0.5,2.5,0,0,1,0,-31520.9,0.92782,30038.3,1.08241,5153.61
831,100,0.1,0.2,100,1,500,16,1,0.3,0.5,2.5,0,0,2,0,-4.57703,0.931778,5.31455,1.02306,5144.04
831,100,0.1,0.2,100,1,500,16,1,0.3,0.5,2.5,0,0,3,0,0.0280044,0.940607,0.926249,0.890651,188.629
832,100,0.1,0.2,100,1,500,16,1,0.3,0.5,2.5,0,2,1,0,-243.957,0.917077,264.139,1.48312,5538.76
832,100,0.1,0.2,100,1,500,16,1,0.3,0.5,2.5,0,2,2,0,-1026.43,0.916948,1107.88,1.48543,6965.33
832,100,0.1,0.2,100,1,500,16,1,0.3,0.5,2.5,0,2,3,0,0.0443626,0.944579,1.03047,0.991236,162.611
833,100,0.1,0.2,100,1,500,16,1,0.5,0,2.5,1,1,1,0,-38773.2,0.901908,8648.83,0.449805,1941.26
833,100,0.1,0.2,100,1,500,16,1,0.5,0,2.5,1,1,2,0,-427.657,0.931792,95.6145,0.312771,1909.72
833,100,0.1,0.2,100,1,500,16,1,0.5,0,2.5,1,1,3,0,0.0809873,0.956949,0.204991,0.197413,111.6
834,100,0.1,0.2,100,1,500,16,1,0.5,0,2.5,1,3,1,0,-1970.54,0.936523,533.074,0.299539,1934.67
834,100,0.1,0.2,100,1,500,16,1,0.5,0,2.5,1,3,2,0,-8.28008,0.947887,2.5092,0.245913,1956.58
834,100,0.1,0.2,100,1,500,16,1,0.5,0,2.5,1,3,3,0,0.117374,0.952329,0.238649,0.224954,110.858
835,100,0.1,0.2,100,1,500,16,1,0.5,0,2.5,1,0,1,0,-30732,0.943257,9232.94,0.273948,4007.47
835,100,0.1,0.2,100,1,500,16,1,0.5,0,2.5,1,0,2,0,-128.912,0.94601,39.0287,0.260659,3946.83
835,100,0.1,0.2,100,1,500,16,1,0.5,0,2.5,1,0,3,0,0.117197,0.947534,0.265215,0.253303,109.117
836,100,0.1,0.2,100,1,500,16,1,0.5,0,2.5,1,2,1,0,-75.7304,0.917925,20.4213,0.382751,4082.77
836,100,0.1,0.2,100,1,500,16,1,0.5,0,2.5,1,2,2,0,-46.1181,0.91616,12.5402,0.390983,4004.56
836,100,0.1,0.2,100,1,500,16,1,0.5,0,2.5,1,2,3,0,0.0853594,0.950565,0.243426,0.230536,133.908
837,100,0.1,0.2,100,1,500,16,1,0.5,0,2.5,0,1,1,0,-23.2767,0.936708,6.84046,0.284583,2018.75
837,100,0.1,0.2,100,1,500,16,1,0.5,0,2.5,0,1,2,0,-28.7643,0.919559,8.3867,0.361691,3494.23
837,100,0.1,0.2,100,1,500,16,1,0.5,0,2.5,0,1,3,0,0.113313,0.947341,0.249842,0.236774,109.049
838,100,0.1,0.2,100,1,500,16,1,0.5,0,2.5,0,3,1,0,-6.63128,0.918112,2.84745,0.402041,1970.96
838,100,0.1,0.2,100,1,500,16,1,0.5,0,2.5,0,3,2,0,-6.63128,0.918112,2.84745,0.402041,2073.14
838,100,0.1,0.2,100,1,500,16,1,0.5,0,2.5,0,3,3,0,0.25437,0.949663,0.278215,0.247139,120.895
839,100,0.1,0.2,100,1,500,16,1,0.5,0,2.5,0,0,1,0,-750.455,0.912813,187.79,0.416076,4009.22
839,100,0.1,0.2,100,1,500,16,1,0.5,0,2.5,0,0,2,0,-2.07697e+06,0.949919,519039,0.238999,3885
839,100,0.1,0.2,100,1,500,16,1,0.5,0,2.5,0,0,3,0,0.0437837,0.951635,0.23896,0.23081,80.156
840,100,0.1,0.2,100,1,500,16,1,0.5,0,2.5,0,2,1,0,-1348.1,0.943912,362.635,0.26395,3912.88
840,100,0.1,0.2,100,1,500,16,1,0.5,0,2.5,0,2,2,0,-27.4262,0.931975,7.64093,0.320128,3966.4
840,100,0.1,0.2,100,1,500,16,1,0.5,0,2.5,0,2,3,0,0.0776661,0.949344,0.247922,0.238389,108.895
841,100,0.1,0.2,100,1,500,16,1,0.5,0.1,2.5,1,1,1,0,-13.2475,0.934893,12.4064,0.883035,2279.47
841,100,0.1,0.2,100,1,500,16,1,0.5,0.1,2.5,1,1,2,0,-13.2475,0.934893,12.4064,0.883035,2395.74
841,100,0.1,0.2,100,1,500,16,1,0.5,0.1,2.5,1,1,3,0,0.00970057,0.939633,0.862334,0.818743,161.104
842,100,0.1,0.2,100,1,500,16,1,0.5,0.1,2.5,1,3,1,0,-22.7327,0.934543,18.7556,0.893683,2233.5
842,100,0.1,0.2,100,1,500,16,1,0.5,0.1,2.5,1,3,2,0,-671.827,0.917743,531.726,1.12306,2385.73
842,100,0.1,0.2,100,1,500,16,1,0.5,0.1,2.5,1,3,3,0,0.0150275,0.94404,0.778411,0.764028,108.687
843,100,0.1,0.2,100,1,500,16,1,0.5,0.1,2.5,1,0,1,0,-23671.5,0.941481,21946.2,0.824941,6239.54
843,100,0.1,0.2,100,1,500,16,1,0.5,0.1,2.5,1,0,2,0,-1484.75,0.938543,1377.4,0.866364,4662.46
843,100,0.1,0.2,100,1,500,16,1,0.5,0.1,2.5,1,0,3,0,0.0361698,0.938757,0.893547,0.863344,110.189
844,100,0.1,0.2,100,1,500,16,1,0.5,0.1,2.5,1,2,1,0,-505.213,0.934254,479.162,0.938606,4939.65
844,100,0.1,0.2,100,1,500,16,1,0.5,0.1,2.5,1,2,2,0,-193.686,0.929336,184.282,1.00883,4909.51
844,100,0.1,0.2,100,1,500,16,1,0.5,0.1,2.5,1,2,3,0,0.00138311,0.936597,0.945253,0.905166,113.919
845,100,0.1,0.2,100,1,500,16,1,0.5,0.1,2.5,0,1,1,0,-4.66923,0.942012,2.85354,0.452061,2093.02
845,100,0.1,0.2,100,1,500,16,1,0.5,0.1,2.5,0,1,2,0,-87964.5,0.897495,44276.3,0.799099,2183.35
845,100,0.1,0.2,100,1,500,16,1,0.5,0.1,2.5,0,1,3,0,0.0913333,0.946355,0.457366,0.4182,135.567
846,100,0.1,0.2,100,1,500,16,1,0.5,0.1,2.5,0,3,1,0,-41374.7,0.925577,19429.4,0.565908,2183.69
846,100,0.1,0.2,100,1,500,16,1,0.5,0.1,2.5,0,3,2,0,-19.2603,0.94018,9.51394,0.454868,2331.96
846,100,0.1,0.2,100,1,500,16,1,0.5,0.1,2.5,0,3,3,0,0.0482445,0.943927,0.446931,0.426377,132.757
847,100,0.1,0.2,100,1,500,16,1,0.5,0.1,2.5,0,0,1,0,-50.1701,0.925683,25.3212,0.599424,4652.24
847,100,0.1,0.2,100,1,500,16,1,0.5,0.1,2.5,0,0,2,0,-11.4289,0.932758,6.15038,0.542366,5964.91
847,100,0.1,0.2,100,1,500,16,1,0.5,0.1,2.5,0,0,3,0,0.025715,0.941641,0.482119,0.470709,136.013
848,100,0.1,0.2,100,1,500,16,1,0.5,0.1,2.5,0,2,1,0,-343490,0.918961,136492,0.622404,4208.3
848,100,0.1,0.2,100,1,500,16,1,0.5,0.1,2.5,0,2,2,0,-2499.9,0.940519,993.77,0.456833,4402.97
848,100,0.1,0.2,100,1,500,16,1,0.5,0.1,2.5,0,2,3,0,0.0434878,0.952378,0.380085,0.365754,136.879
849,100,0.1,0.2,100,1,500,16,1,0.5,0.3,2.5,1,1,1,0,-335.849,0.930841,604.605,2.25729,2895.41
849,100,0.1,0.2,100,1,500,16,1,0.5,0.3,2.5,1,1,2,0,-1980.23,0.936746,3556.08,2.06458,2936.24
849,100,0.1,0.2,100,1,500,16,1,0.5,0.3,2.5,1,1,3,0,0.149443,0.960755,1.52665,1.28093,219.922
850,100,0.1,0.2,100,1,500,16,1,0.5,0.3,2.5,1,3,1,0,-150.195,0.870423,284.833,4.04524,2908.42
850,100,0.1,0.2,100,1,500,16,1,0.5,0.3,2.5,1,3,2,0,-5.72731,0.943771,12.6734,1.75542,2940.98
850,100,0.1,0.2,100,1,500,16,1,0.5,0.3,2.5,1,3,3,0,0.017026,0.941722,1.8518,1.81937,162.508
851,100,0.1,0.2,100,1,500,16,1,0.5,0.3,2.5,1,0,1,0,-7.0769,0.938822,16.1845,1.82957,5870.59
851,100,0.1,0.2,100,1,500,16,1,0.5,0.3,2.5,1,0,2,0,-23870.8,0.911316,47834.4,2.65216,6111.69
851,100,0.1,0.2,100,1,500,16,1,0.5,0.3,2.5,1,0,3,0,0.0496218,0.940107,1.90437,1.79113,193.525
852,100,0.1,0.2,100,1,500,16,1,0.5,0.3,2.5,1,2,1,0,-2143.42,0.936332,3959.72,2.02252,6395.49
852,100,0.1,0.2,100,1,500,16,1,0.5,0.3,2.5,1,2,2,0,-104.869,0.930303,195.489,2.21402,8264.46
852,100,0.1,0.2,100,1,500,16,1,0.5,0.3,2.5,1,2,3,0,0.073262,0.949233,1.71124,1.6127,163.164
853,100,0.1,0.2,100,1,500,16,1,0.5,0.3,2.5,0,1,1,0,-25.2095,0.943581,25.2787,0.804053,2473.58
853,100,0.1,0.2,100,1,500,16,1,0.5,0.3,2.5,0,1,2,0,-25.2095,0.943581,25.2787,0.804053,2480.66
853,100,0.1,0.2,100,1,500,16,1,0.5,0.3,2.5,0,1,3,0,0.0126726,0.935865,0.952261,0.914012,137.912
854,100,0.1,0.2,100,1,500,16,1,0.5,0.3,2.5,0,3,1,0,-14.3952,0.934942,13.0692,0.843846,2386.63
854,100,0.1,0.2,100,1,500,16,1,0.5,0.3,2.5,0,3,2,0,-16447.3,0.922634,13963.2,1.00349,2337.97
854,100,0.1,0.2,100,1,500,16,1,0.5,0.3,2.5,0,3,3,0,0.0173969,0.937628,0.834144,0.809016,163.105
855,100,0.1,0.2,100,1,500,16,1,0.5,0.3,2.5,0,0,1,0,-29.678,0.929089,24.7229,1.01379,5125.44
855,100,0.1,0.2,100,1,500,16,1,0.5,0.3,2.5,0,0,2,0,-170.693,0.934891,138.365,0.930841,5073.41
855,100,0.1,0.2,100,1,500,16,1,0.5,0.3,2.5,0,0,3,0,0.00809651,0.944447,0.799361,0.794231,110.46
856,100,0.1,0.2,100,1,500,16,1,0.5,0.3,2.5,0,2,1,0,-385.593,0.933858,280.996,0.888395,4856.68
856,100,0.1,0.2,100,1,500,16,1,0.5,0.3,2.5,0,2,2,0,-2714.36,0.859041,1973.67,1.8933,5111.71
856,100,0.1,0.2,100,1,500,16,1,0.5,0.3,2.5,0,2,3,0,0.0147692,0.947934,0.716117,0.699333,135.588
857,100,0.1,0.2,100,1,500,16,1,0.5,0.5,2.5,1,1,1,0,-51.9489,0.932566,169.623,3.55775,5695.06
857,100,0.1,0.2,100,1,500,16,1,0.5,0.5,2.5,1,1,2,0,-51.9489,0.932566,169.623,3.55775,3213.18
857,100,0.1,0.2,100,1,500,16,1,0.5,0.5,2.5,1,1,3,0,0.0321923,0.943829,3.10039,2.96356,215.831
858,100,0.1,0.2,100,1,500,16,1,0.5,0.5,2.5,1,3,1,0,-12435.9,0.867071,37378.9,6.55231,3089.9
858,100,0.1,0.2,100,1,500,16,1,0.5,0.5,2.5,1,3,2,0,-1077.14,0.884513,3240.33,5.69258,3067.18
858,100,0.1,0.2,100,1,500,16,1,0.5,0.5,2.5,1,3,3,0,0.046719,0.94689,2.86506,2.6179,260.553
859,100,0.1,0.2,100,1,500,16,1,0.5,0.5,2.5,1,0,1,0,-0.993142,0.933647,5.59874,2.84966,6193.89
859,100,0.1,0.2,100,1,500,16,1,0.5,0.5,2.5,1,0,2,0,-12115.2,0.93868,34034.5,2.63352,6477.43
859,100,0.1,0.2,100,1,500,16,1,0.5,0.5,2.5,1,0,3,0,0.130541,0.957308,2.44231,1.83349,246.497
860,100,0.1,0.2,100,1,500,16,1,0.5,0.5,2.5,1,2,1,0,-877.37,0.925895,2913.53,3.81507,6384.22
860,100,0.1,0.2,100,1,500,16,1,0.5,0.5,2.5,1,2,2,0,-549047,0.921903,1.82118e+06,4.02054,7716.22
860,100,0.1,0.2,100,1,500,16,1,0.5,0.5,2.5,1,2,3,0,0.0830512,0.953038,3.0415,2.41767,286.87
861,100,0.1,0.2,100,1,500,16,1,0.5,0.5,2.5,0,1,1,0,-31.7,0.935825,39.1404,1.29292,2720.82
861,100,0.1,0.2,100,1,500,16,1,0.5,0.5,2.5,0,1,2,0,-31.7,0.935825,39.1404,1.29292,2475.28
861,100,0.1,0.2,100,1,500,16,1,0.5,0.5,2.5,0,1,3,0,0.0256663,0.943093,1.16623,1.14648,181.329
862,100,0.1,0.2,100,1,500,16,1,0.5,0.5,2.5,0,3,1,0,-307.867,0.935162,376.949,1.31542,2476.73
862,100,0.1,0.2,100,1,500,16,1,0.5,0.5,2.5,0,3,2,0,-333.924,0.821841,408.751,3.61441,2656.53
862,100,0.1,0.2,100,1,500,16,1,0.5,0.5,2.5,0,3,3,0,0.0366408,0.943665,1.17571,1.1429,161.019
863,100,0.1,0.2,100,1,500,16,1,0.5,0.5,2.5,0,0,1,0,-116.647,0.935772,164.023,1.30279,5777.92
863,100,0.1,0.2,100,1,500,16,1,0.5,0.5,2.5,0,0,2,0,-2461.25,0.930104,3432.88,1.41777,5761.52
863,100,0.1,0.2,100,1,500,16,1,0.5,0.5,2.5,0,0,3,0,0.00935548,0.933816,1.38116,1.34247,200.678
864,100,0.1,0.2,100,1,500,16,1,0.5,0.5,2.5,0,2,1,0,-61.9708,0.928117,79.5722,1.27272,7242.49
864,100,0.1,0.2,100,1,500,16,1,0.5,0.5,2.5,0,2,2,0,-90.8188,0.933598,116.026,1.17568,5627.31
864,100,0.1,0.2,100,1,500,16,1,0.5,0.5,2.5,0,2,3,0,0.0329657,0.934095,1.22198,1.16689,164.16
865,100,0.1,0.2,100,1,500,16,3,0,0,2.5,1,1,1,0,1,1,6.26579e-30,-4.83509e-16,302.686
865,100,0.1,0.2,100,1,500,16,3,0,0,2.5,1,1,2,0,1,1,6.26579e-30,-4.83509e-16,258.121
865,100,0.1,0.2,100,1,500,16,3,0,0,2.5,1,1,3,0,1,1,8.02246e-20,-1.81489e-16,88.9896
866,100,0.1,0.2,100,1,500,16,3,0,0,2.5,1,3,1,0,1,1,1.37444e-28,-1.05748e-15,232.644
866,100,0.1,0.2,100,1,500,16,3,0,0,2.5,1,3,2,0,1,1,1.37444e-28,-1.05748e-15,227.838
866,100,0.1,0.2,100,1,500,16,3,0,0,2.5,1,3,3,0,1,1,3.30491e-19,1.26407e-15,84.1646
867,100,0.1,0.2,100,1,500,16,3,0,0,2.5,1,0,1,0,1,1,8.0679e-29,-4.51417e-16,517.092
867,100,0.1,0.2,100,1,500,16,3,0,0,2.5,1,0,2,0,1,1,7.98328e-28,-4.05478e-16,547.964
867,100,0.1,0.2,100,1,500,16,3,0,0,2.5,1,0,3,0,1,1,2.78577e-20,-2.3943e-16,85.13
868,100,0.1,0.2,100,1,500,16,3,0,0,2.5,1,2,1,0,1,1,5.89073e-28,6.82787e-17,490.477
868,100,0.1,0.2,100,1,500,16,3,0,0,2.5,1,2,2,0,1,1,1.61671e-29,-3.87607e-16,486.715
868,100,0.1,0.2,100,1,500,16,3,0,0,2.5,1,2,3,0,1,1,9.9658e-20,3.28793e-16,83.1958
869,100,0.1,0.2,100,1,500,16,3,0,0,2.5,0,1,1,0,1,1,6.78126e-29,-1.47667e-15,266.75
869,100,0.1,0.2,100,1,500,16,3,0,0,2.5,0,1,2,0,1,1,6.78126e-29,-1.47667e-15,268.833
869,100,0.1,0.2,100,1,500,16,3,0,0,2.5,0,1,3,0,1,1,5.87615e-21,5.02198e-16,93.4201
870,100,0.1,0.2,100,1,500,16,3,0,0,2.5,0,3,1,0,1,1,1.52562e-29,-7.66942e-16,226.578
870,100,0.1,0.2,100,1,500,16,3,0,0,2.5,0,3,2,0,1,1,1.52562e-29,-7.66942e-16,226.261
870,100,0.1,0.2,100,1,500,16,3,0,0,2.5,0,3,3,0,1,1,2.48136e-19,2.63694e-16,80.2698
871,100,0.1,0.2,100,1,500,16,3,0,0,2.5,0,0,1,0,1,1,1.19624e-25,-2.19602e-15,544.921
871,100,0.1,0.2,100,1,500,16,3,0,0,2.5,0,0,2,0,1,1,6.3437e-27,-1.67119e-15,541.778
871,100,0.1,0.2,100,1,500,16,3,0,0,2.5,0,0,3,0,1,1,4.66807e-19,-1.58744e-16,88.4204
872,100,0.1,0.2,100,1,500,16,3,0,0,2.5,0,2,1,0,1,1,1.63099e-28,-3.70759e-16,520.45
872,100,0.1,0.2,100,1,500,16,3,0,0,2.5,0,2,2,0,1,1,3.16935e-28,-6.11483e-16,521.131
872,100,0.1,0.2,100,1,500,16,3,0,0,2.5,0,2,3,0,1,1,2.44193e-18,-1.87063e-16,90.2543
873,100,0.1,0.2,100,1,500,16,3,0,0.1,2.5,1,1,1,0,-82.8964,0.928845,121.833,1.78475,245.437
873,100,0.1,0.2,100,1,500,16,3,0,0.1,2.5,1,1,2,0,-82.8964,0.928845,121.833,1.78475,374.681
873,100,0.1,0.2,100,1,500,16,3,0,0.1,2.5,1,1,3,0,-0.191427,0.9415,1.73017,1.46732,140.805
874,100,0.1,0.2,100,1,500,16,3,0,0.1,2.5,1,3,1,0,-10.155,0.931395,23.0241,1.96702,121.303
874,100,0.1,0.2,100,1,500,16,3,0,0.1,2.5,1,3,2,0,-10.155,0.931395,23.0241,1.96702,231.31
874,100,0.1,0.2,100,1,500,16,3,0,0.1,2.5,1,3,3,0,-0.11983,0.923218,2.31134,2.20147,134.415
875,100,0.1,0.2,100,1,500,16,3,0,0.1,2.5,1,0,1,0,-1807.88,0.930448,3345.69,1.75336,1203.65
875,100,0.1,0.2,100,1,500,16,3,0,0.1,2.5,1,0,2,0,-19.8289,0.938446,38.525,1.55172,712.666
875,100,0.1,0.2,100,1,500,16,3,0,0.1,2.5,1,0,3,0,-0.202677,0.91783,2.22446,2.07145,138.105
876,100,0.1,0.2,100,1,500,16,3,0,0.1,2.5,1,2,1,0,-122.051,0.929343,189.782,1.97562,713.363
876,100,0.1,0.2,100,1,500,16,3,0,0.1,2.5,1,2,2,0,-581.815,0.929955,898.878,1.95851,978.195
876,100,0.1,0.2,100,1,500,16,3,0,0.1,2.5,1,2,3,0,-0.0996841,0.943942,1.69605,1.56743,110.509
877,100,0.1,0.2,100,1,500,16,3,0,0.1,2.5,0,1,1,0,-70.3964,0.940449,60.2625,0.640148,116.358
877,100,0.1,0.2,100,1,500,16,3,0,0.1,2.5,0,1,2,0,-70.3964,0.940449,60.2625,0.640148,231.304
877,100,0.1,0.2,100,1,500,16,3,0,0.1,2.5,0,1,3,0,-0.127165,0.927221,0.951389,0.782339,169.705
878,100,0.1,0.2,100,1,500,16,3,0,0.1,2.5,0,3,1,0,-620.573,0.937821,440.961,0.690968,249.992
878,100,0.1,0.2,100,1,500,16,3,0,0.1,2.5,0,3,2,0,-620.573,0.937821,440.961,0.690968,119.405
878,100,0.1,0.2,100,1,500,16,3,0,0.1,2.5,0,3,3,0,-0.111917,0.950634,0.788825,0.548592,172.738
879,100,0.1,0.2,100,1,500,16,3,0,0.1,2.5,0,0,1,0,-32.5867,0.931423,22.6576,0.758212,250.404
879,100,0.1,0.2,100,1,500,16,3,0,0.1,2.5,0,0,2,0,-81.337,0.941984,55.5446,0.641446,527.773
879,100,0.1,0.2,100,1,500,16,3,0,0.1,2.5,0,0,3,0,-0.0664045,0.953409,0.719398,0.515127,170.663
880,100,0.1,0.2,100,1,500,16,3,0,0.1,2.5,0,2,1,0,-1727.67,0.942152,1155.26,0.645396,1712.78
880,100,0.1,0.2,100,1,500,16,3,0,0.1,2.5,0,2,2,0,-555.879,0.941409,372.159,0.653687,727.6
880,100,0.1,0.2,100,1,500,16,3,0,0.1,2.5,0,2,3,0,0.0202715,0.946623,0.654747,0.59552,136.37
881,100,0.1,0.2,100,1,500,16,3,0,0.3,2.5,1,1,1,0,-465.442,0.921765,2233.39,5.28302,3485.05
881,100,0.1,0.2,100,1,500,16,3,0,0.3,2.5,1,1,2,0,-1428.16,0.922217,6843.03,5.25253,3401.22
881,100,0.1,0.2,100,1,500,16,3,0,0.3,2.5,1,1,3,0,0.235683,0.968656,3.65966,2.11659,353.718
882,100,0.1,0.2,100,1,500,16,3,0,0.3,2.5,1,3,1,0,-283.973,0.961235,850.533,2.18571,5063.82
882,100,0.1,0.2,100,1,500,16,3,0,0.3,2.5,1,3,2,0,-123.316,0.825926,371.034,9.81494,3503.99
882,100,0.1,0.2,100,1,500,16,3,0,0.3,2.5,1,3,3,0,0.386081,0.979677,1.83231,1.1459,217.821
883,100,0.1,0.2,100,1,500,16,3,0,0.3,2.5,1,0,1,0,-9.00315,0.933352,36.8254,4.07103,6475.05
883,100,0.1,0.2,100,1,500,16,3,0,0.3,2.5,1,0,2,0,-131.469,0.930302,487.669,4.25733,6750.47
883,100,0.1,0.2,100,1,500,16,3,0,0.3,2.5,1,0,3,0,0.363504,0.979159,2.34318,1.27302,265.174
884,100,0.1,0.2,100,1,500,16,3,0,0.3,2.5,1,2,1,0,-72.7317,0.933557,271.1,4.09322,6456.41
884,100,0.1,0.2,100,1,500,16,3,0,0.3,2.5,1,2,2,0,-262452,0.92764,965000,4.45775,8403.55
884,100,0.1,0.2,100,1,500,16,3,0,0.3,2.5,1,2,3,0,0.434762,0.980884,2.07829,1.17762,275.197
885,100,0.1,0.2,100,1,500,16,3,0,0.3,2.5,0,1,1,0,-50057.2,0.919003,77233.4,2.16871,3063.45
885,100,0.1,0.2,100,1,500,16,3,0,0.3,2.5,0,1,2,0,-4.29542e+06,0.933413,6.62727e+06,1.78288,2868.99
885,100,0.1,0.2,100,1,500,16,3,0,0.3,2.5,0,1,3,0,0.103533,0.952099,1.38313,1.28257,213.621
886,100,0.1,0.2,100,1,500,16,3,0,0.3,2.5,0,3,1,0,-39.4917,0.933146,74.9689,1.72656,2682.16
886,100,0.1,0.2,100,1,500,16,3,0,0.3,2.5,0,3,2,0,-92.8706,0.902715,173.798,2.51249,2645.48
886,100,0.1,0.2,100,1,500,16,3,0,0.3,2.5,0,3,3,0,-0.0224188,0.928785,1.89297,1.8392,242.047
887,100,0.1,0.2,100,1,500,16,3,0,0.3,2.5,0,0,1,0,-44.1445,0.937766,79.8786,1.59461,5127.6
887,100,0.1,0.2,100,1,500,16,3,0,0.3,2.5,0,0,2,0,-5996.4,0.943124,10611.8,1.45732,5322.22
887,100,0.1,0.2,100,1,500,16,3,0,0.3,2.5,0,0,3,0,-0.00642038,0.931739,1.78076,1.74902,142.398
888,100,0.1,0.2,100,1,500,16,3,0,0.3,2.5,0,2,1,0,-26.9877,0.94384,45.2429,1.48548,5293.97
888,100,0.1,0.2,100,1,500,16,3,0,0.3,2.5,0,2,2,0,-36.2741,0.92718,60.2546,1.92615,7083.83
888,100,0.1,0.2,100,1,500,16,3,0,0.3,2.5,0,2,3,0,-0.0053727,0.940461,1.62521,1.57485,229.532
889,100,0.1,0.2,100,1,500,16,3,0,0.5,2.5,1,1,1,0,-24.5589,0.899692,171.375,11.3108,3707.9
889,100,0.1,0.2,100,1,500,16,3,0,0.5,2.5,1,1,2,0,-1964.93,0.944382,13181.7,6.2716,3544.71
889,100,0.1,0.2,100,1,500,16,3,0,0.5,2.5,1,1,3,0,0.651334,0.989936,2.33784,1.13479,210.938
890,100,0.1,0.2,100,1,500,16,3,0,0.5,2.5,1,3,1,0,-146.199,0.930408,843.031,6.25169,3485.23
890,100,0.1,0.2,100,1,500,16,3,0,0.5,2.5,1,3,2,0,-3.26133,0.913131,24.4053,7.80372,3435.59
890,100,0.1,0.2,100,1,500,16,3,0,0.5,2.5,1,3,3,0,0.482844,0.986289,2.96184,1.23174,282.715
891,100,0.1,0.2,100,1,500,16,3,0,0.5,2.5,1,0,1,0,-95.692,0.939899,727.778,7.16443,7484.38
891,100,0.1,0.2,100,1,500,16,3,0,0.5,2.5,1,0,2,0,-3146.24,0.932553,23688.6,8.04008,9450.3
891,100,0.1,0.2,100,1,500,16,3,0,0.5,2.5,1,0,3,0,0.589026,0.990293,3.0933,1.15708,287.535
892,100,0.1,0.2,100,1,500,16,3,0,0.5,2.5,1,2,1,0,-47.3083,0.912209,241.856,6.56523,7126.83
892,100,0.1,0.2,100,1,500,16,3,0,0.5,2.5,1,2,2,0,-23.8611,0.952128,124.468,3.57999,6603.16
892,100,0.1,0.2,100,1,500,16,3,0,0.5,2.5,1,2,3,0,0.338024,0.978849,3.31419,1.58175,295.999
893,100,0.1,0.2,100,1,500,16,3,0,0.5,2.5,0,1,1,0,-382.946,0.93188,855.505,2.28939,3032.97
893,100,0.1,0.2,100,1,500,16,3,0,0.5,2.5,0,1,2,0,-155.083,0.924236,347.783,2.54631,3343.92
893,100,0.1,0.2,100,1,500,16,3,0,0.5,2.5,0,1,3,0,0.156556,0.955177,1.87936,1.50643,271.459
894,100,0.1,0.2,100,1,500,16,3,0,0.5,2.5,0,3,1,0,-427.952,0.932264,902.739,2.32953,3189.19
894,100,0.1,0.2,100,1,500,16,3,0,0.5,2.5,0,3,2,0,-1524.02,0.860664,3209.44,4.79191,3048.43
894,100,0.1,0.2,100,1,500,16,3,0,0.5,2.5,0,3,3,0,0.115455,0.954318,1.86155,1.57107,305.71
895,100,0.1,0.2,100,1,500,16,3,0,0.5,2.5,0,0,1,0,-242.759,0.923485,522.579,2.72663,7847.73
895,100,0.1,0.2,100,1,500,16,3,0,0.5,2.5,0,0,2,0,-8271.52,0.92831,17734.9,2.55467,6150.09
895,100,0.1,0.2,100,1,500,16,3,0,0.5,2.5,0,0,3,0,0.0938627,0.950805,1.9426,1.75308,320.056
896,100,0.1,0.2,100,1,500,16,3,0,0.5,2.5,0,2,1,0,-17.813,0.933375,32.0544,1.91721,6243.81
896,100,0.1,0.2,100,1,500,16,3,0,0.5,2.5,0,2,2,0,-22.2896,0.932053,39.6818,1.95527,5600.25
896,100,0.1,0.2,100,1,500,16,3,0,0.5,2.5,0,2,3,0,0.0459562,0.947731,1.62554,1.50412,261.154
897,100,0.1,0.2,100,1,500,16,3,0.1,0,2.5,1,1,1,0,-181.28,0.963051,20.8969,0.126911,1228.03
897,100,0.1,0.2,100,1,500,16,3,0.1,0,2.5,1,1,2,0,-7.55078,0.970329,0.980281,0.101914,1224.46
897,100,0.1,0.2,100,1,500,16,3,0.1,0,2.5,1,1,3,0,0.740208,0.99219,0.0297831,0.026825,88.085
898,100,0.1,0.2,100,1,500,16,3,0.1,0,2.5,1,3,1,0,-7.89844,0.971028,4.08235,0.0943194,1499.86
898,100,0.1,0.2,100,1,500,16,3,0.1,0,2.5,1,3,2,0,-0.518354,0.982877,0.696577,0.0557453,1377.75
898,100,0.1,0.2,100,1,500,16,3,0.1,0,2.5,1,3,3,0,0.881686,0.991237,0.0542792,0.0285291,81.9847
899,100,0.1,0.2,100,1,500,16,3,0.1,0,2.5,1,0,1,0,-18.2418,0.977617,3.33054,0.0758248,1943.28
899,100,0.1,0.2,100,1,500,16,3,0.1,0,2.5,1,0,2,0,-804.922,0.945926,139.496,0.183181,2179.77
899,100,0.1,0.2,100,1,500,16,3,0.1,0,2.5,1,0,3,0,0.804955,0.991859,0.03376,0.0275781,81.2139
900,100,0.1,0.2,100,1,500,16,3,0.1,0,2.5,1,2,1,0,-7.03639,0.973134,1.4576,0.0876263,2009.87
900,100,0.1,0.2,100,1,500,16,3,0.1,0,2.5,1,2,2,0,-1.91048,0.986711,0.527887,0.0433418,3954.23
900,100,0.1,0.2,100,1,500,16,3,0.1,0,2.5,1,2,3,0,0.809603,0.991223,0.0345331,0.028628,85.7424
901,100,0.1,0.2,100,1,500,16,3,0.1,0,2.5,0,1,1,0,-35.3558,0.947811,7.05039,0.169503,1276.07
901,100,0.1,0.2,100,1,500,16,3,0.1,0,2.5,0,1,2,0,-218.928,0.984339,42.6501,0.0508661,1277.3
901,100,0.1,0.2,100,1,500,16,3,0.1,0,2.5,0,1,3,0,0.81959,0.991329,0.0349864,0.0281621,90.3743
902,100,0.1,0.2,100,1,500,16,3,0.1,0,2.5,0,3,1,0,-1.30067,0.984258,0.45728,0.0544197,1393.15
902,100,0.1,0.2,100,1,500,16,3,0.1,0,2.5,0,3,2,0,-3919.97,0.944927,779.33,0.190392,1403.61
902,100,0.1,0.2,100,1,500,16,3,0.1,0,2.5,0,3,3,0,0.821066,0.991654,0.0355648,0.0288512,78.3376
903,100,0.1,0.2,100,1,500,16,3,0.1,0,2.5,0,0,1,0,-0.490286,0.990689,0.206362,0.0309055,1910.68
903,100,0.1,0.2,100,1,500,16,3,0.1,0,2.5,0,0,2,0,-29.685,0.983018,4.24901,0.0563705,1825.59
903,100,0.1,0.2,100,1,500,16,3,0.1,0,2.5,0,0,3,0,0.765259,0.99142,0.032505,0.0284799,80.0905
904,100,0.1,0.2,100,1,500,16,3,0.1,0,2.5,0,2,1,0,-123.862,0.986668,63.3544,0.0452458,2015.04
904,100,0.1,0.2,100,1,500,16,3,0.1,0,2.5,0,2,2,0,-1.78312,0.988628,1.41214,0.038592,1882.77
904,100,0.1,0.2,100,1,500,16,3,0.1,0,2.5,0,2,3,0,0.884624,0.991358,0.0585413,0.0293296,78.2616
905,100,0.1,0.2,100,1,500,16,3,0.1,0.1,2.5,1,1,1,0,-238.001,0.927435,365.46,1.98568,2408.95
905,100,0.1,0.2,100,1,500,16,3,0.1,0.1,2.5,1,1,2,0,-107.458,0.924293,165.845,2.07166,2291.35
905,100,0.1,0.2,100,1,500,16,3,0.1,0.1,2.5,1,1,3,0,-0.157649,0.942494,1.77018,1.57361,157.298
906,100,0.1,0.2,100,1,500,16,3,0.1,0.1,2.5,1,3,1,0,-670.852,0.929233,1423.18,1.99606,2230.8
906,100,0.1,0.2,100,1,500,16,3,0.1,0.1,2.5,1,3,2,0,-22.8734,0.935744,50.5709,1.81242,2345.87
906,100,0.1,0.2,100,1,500,16,3,0.1,0.1,2.5,1,3,3,0,-0.0847849,0.922563,2.2979,2.1842,210.402
907,100,0.1,0.2,100,1,500,16,3,0.1,0.1,2.5,1,0,1,0,-20.9384,0.933491,41.8216,1.83597,3488.13
907,100,0.1,0.2,100,1,500,16,3,0.1,0.1,2.5,1,0,2,0,-157.911,0.926642,302.936,2.02504,5429.37
907,100,0.1,0.2,100,1,500,16,3,0.1,0.1,2.5,1,0,3,0,-0.0897964,0.928024,2.0775,1.9869,146.966
908,100,0.1,0.2,100,1,500,16,3,0.1,0.1,2.5,1,2,1,0,-34.274,0.933829,61.602,1.87973,3321.45
908,100,0.1,0.2,100,1,500,16,3,0.1,0.1,2.5,1,2,2,0,-125.989,0.935958,221.771,1.81925,3148.81
908,100,0.1,0.2,100,1,500,16,3,0.1,0.1,2.5,1,2,3,0,-0.0921307,0.937316,1.90728,1.78067,131.37
909,100,0.1,0.2,100,1,500,16,3,0.1,0.1,2.5,0,1,1,0,-668.52,0.947106,417.97,0.558934,1804.19
909,100,0.1,0.2,100,1,500,16,3,0.1,0.1,2.5,0,1,2,0,-20.1321,0.941145,13.1924,0.621917,2049.95
909,100,0.1,0.2,100,1,500,16,3,0.1,0.1,2.5,0,1,3,0,0.000918141,0.944167,0.62371,0.589993,107.95
910,100,0.1,0.2,100,1,500,16,3,0.1,0.1,2.5,0,3,1,0,-1859.49,0.942172,1168.23,0.645923,2069.08
910,100,0.1,0.2,100,1,500,16,3,0.1,0.1,2.5,0,3,2,0,-251111,0.935859,157676,0.716435,1885.84
910,100,0.1,0.2,100,1,500,16,3,0.1,0.1,2.5,0,3,3,0,-0.020344,0.946629,0.640688,0.596138,105.994
911,100,0.1,0.2,100,1,500,16,3,0.1,0.1,2.5,0,0,1,0,-144907,0.944697,109832,0.614844,2714.07
911,100,0.1,0.2,100,1,500,16,3,0.1,0.1,2.5,0,0,2,0,-674.403,0.951319,511.914,0.541217,2916.53
911,100,0.1,0.2,100,1,500,16,3,0.1,0.1,2.5,0,0,3,0,-0.0618801,0.934468,0.804841,0.728564,107.342
912,100,0.1,0.2,100,1,500,16,3,0.1,0.1,2.5,0,2,1,0,-22.7661,0.93913,14.6964,0.69806,3094.59
912,100,0.1,0.2,100,1,500,16,3,0.1,0.1,2.5,0,2,2,0,-19729.5,0.946902,12200.8,0.608923,3243.72
912,100,0.1,0.2,100,1,500,16,3,0.1,0.1,2.5,0,2,3,0,0.0141792,0.954434,0.609607,0.522551,147.268
913,100,0.1,0.2,100,1,500,16,3,0.1,0.3,2.5,1,1,1,0,-23.4676,0.947765,102.135,3.57,3777.47
913,100,0.1,0.2,100,1,500,16,3,0.1,0.3,2.5,1,1,2,0,-3.39243,0.934299,18.3353,4.4904,6127.76
913,100,0.1,0.2,100,1,500,16,3,0.1,0.3,2.5,1,1,3,0,0.291379,0.973934,2.95799,1.78151,477.986
914,100,0.1,0.2,100,1,500,16,3,0.1,0.3,2.5,1,3,1,0,-322.869,0.927749,1289.72,5.34036,3956.68
914,100,0.1,0.2,100,1,500,16,3,0.1,0.3,2.5,1,3,2,0,-35687.7,0.923263,142121,5.67189,3835.99
914,100,0.1,0.2,100,1,500,16,3,0.1,0.3,2.5,1,3,3,0,0.372237,0.979517,2.4999,1.51397,343.891
915,100,0.1,0.2,100,1,500,16,3,0.1,0.3,2.5,1,0,1,0,-15.4941,0.930113,60.007,4.86607,6988.13
915,100,0.1,0.2,100,1,500,16,3,0.1,0.3,2.5,1,0,2,0,-5.73621,0.931603,24.5069,4.76228,6783.73
915,100,0.1,0.2,100,1,500,16,3,0.1,0.3,2.5,1,0,3,0,0.306271,0.975666,2.52384,1.69432,341.35
916,100,0.1,0.2,100,1,500,16,3,0.1,0.3,2.5,1,2,1,0,-11311.4,0.929977,49888.3,4.76508,9644.36
916,100,0.1,0.2,100,1,500,16,3,0.1,0.3,2.5,1,2,2,0,-45.8005,0.949649,206.393,3.42637,7457.55
916,100,0.1,0.2,100,1,500,16,3,0.1,0.3,2.5,1,2,3,0,0.415391,0.979758,2.57816,1.37745,390.687
917,100,0.1,0.2,100,1,500,16,3,0.1,0.3,2.5,0,1,1,0,-35.9266,0.913332,60.0134,2.31229,3205.18
917,100,0.1,0.2,100,1,500,16,3,0.1,0.3,2.5,0,1,2,0,-847.099,0.9398,1378.34,1.60614,2785.92
917,100,0.1,0.2,100,1,500,16,3,0.1,0.3,2.5,0,1,3,0,-0.0203658,0.939751,1.65831,1.60743,131.162
918,100,0.1,0.2,100,1,500,16,3,0.1,0.3,2.5,0,3,1,0,-54.6479,0.931555,79.9122,1.54928,2706.11
918,100,0.1,0.2,100,1,500,16,3,0.1,0.3,2.5,0,3,2,0,-18.2014,0.931304,27.5738,1.55496,3001.06
918,100,0.1,0.2,100,1,500,16,3,0.1,0.3,2.5,0,3,3,0,-0.034372,0.936085,1.48539,1.44674,106.917
919,100,0.1,0.2,100,1,500,16,3,0.1,0.3,2.5,0,0,1,0,-374.408,0.954407,748.445,1.27891,5345.17
919,100,0.1,0.2,100,1,500,16,3,0.1,0.3,2.5,0,0,2,0,-42.3242,0.931328,86.3747,1.92629,5334.85
919,100,0.1,0.2,100,1,500,16,3,0.1,0.3,2.5,0,0,3,0,0.00535694,0.930712,1.983,1.94357,141.786
920,100,0.1,0.2,100,1,500,16,3,0.1,0.3,2.5,0,2,1,0,-691.526,0.939723,800.126,1.35227,7207.22
920,100,0.1,0.2,100,1,500,16,3,0.1,0.3,2.5,0,2,2,0,-63.1576,0.926014,74.126,1.6598,5037.58
920,100,0.1,0.2,100,1,500,16,3,0.1,0.3,2.5,0,2,3,0,-0.0265296,0.949221,1.18602,1.13917,156.108
921,100,0.1,0.2,100,1,500,16,3,0.1,0.5,2.5,1,1,1,0,-109.108,0.925856,893.849,8.79717,4079.13
921,100,0.1,0.2,100,1,500,16,3,0.1,0.5,2.5,1,1,2,0,-5.78792,0.950675,55.1036,5.85243,3977.24
921,100,0.1,0.2,100,1,500,16,3,0.1,0.5,2.5,1,1,3,0,0.505353,0.987703,4.01549,1.45899,328.047
922,100,0.1,0.2,100,1,500,16,3,0.1,0.5,2.5,1,3,1,0,-78.9987,0.895727,575.536,11.7554,4340.68
922,100,0.1,0.2,100,1,500,16,3,0.1,0.5,2.5,1,3,2,0,-28.0264,0.952529,208.825,5.35173,3958.25
922,100,0.1,0.2,100,1,500,16,3,0.1,0.5,2.5,1,3,3,0,0.459334,0.987979,3.88972,1.35525,333.404
923,100,0.1,0.2,100,1,500,16,3,0.1,0.5,2.5,1,0,1,0,-675.104,0.928875,3101.04,5.99028,9511.48
923,100,0.1,0.2,100,1,500,16,3,0.1,0.5,2.5,1,0,2,0,-348.576,0.965941,1603.38,2.86852,6731.49
923,100,0.1,0.2,100,1,500,16,3,0.1,0.5,2.5,1,0,3,0,0.458911,0.984842,2.48177,1.27662,229.913
924,100,0.1,0.2,100,1,500,16,3,0.1,0.5,2.5,1,2,1,0,-60.2453,0.946955,450.479,6.67154,7410.06
924,100,0.1,0.2,100,1,500,16,3,0.1,0.5,2.5,1,2,2,0,-76.582,0.935243,570.641,8.14467,7345.84
924,100,0.1,0.2,100,1,500,16,3,0.1,0.5,2.5,1,2,3,0,0.574872,0.990407,3.12696,1.20654,298.693
925,100,0.1,0.2,100,1,500,16,3,0.1,0.5,2.5,0,1,1,0,-27432.9,0.920193,59521.6,3.28362,3171.69
925,100,0.1,0.2,100,1,500,16,3,0.1,0.5,2.5,0,1,2,0,-301.674,0.950068,656.692,2.05442,3043.87
925,100,0.1,0.2,100,1,500,16,3,0.1,0.5,2.5,0,1,3,0,0.249981,0.969245,1.62727,1.26538,240.008
926,100,0.1,0.2,100,1,500,16,3,0.1,0.5,2.5,0,3,1,0,-61.7056,0.932114,162.216,2.98117,5029.92
926,100,0.1,0.2,100,1,500,16,3,0.1,0.5,2.5,0,3,2,0,-31.6311,0.92977,84.4148,3.08411,3300.7
926,100,0.1,0.2,100,1,500,16,3,0.1,0.5,2.5,0,3,3,0,0.0575086,0.947198,2.43817,2.31878,231.577
927,100,0.1,0.2,100,1,500,16,3,0.1,0.5,2.5,0,0,1,0,-12.7564,0.928308,29.2966,2.44032,6500.33
927,100,0.1,0.2,100,1,500,16,3,0.1,0.5,2.5,0,0,2,0,-208.838,0.934726,446.886,2.22185,6359.72
927,100,0.1,0.2,100,1,500,16,3,0.1,0.5,2.5,0,0,3,0,0.080392,0.947149,1.95846,1.799,274.697
928,100,0.1,0.2,100,1,500,16,3,0.1,0.5,2.5,0,2,1,0,-218.598,0.935507,673.607,2.67821,5931.81
928,100,0.1,0.2,100,1,500,16,3,0.1,0.5,2.5,0,2,2,0,-2.79668,0.929694,11.6461,2.91961,6245.3
928,100,0.1,0.2,100,1,500,16,3,0.1,0.5,2.5,0,2,3,0,0.141983,0.947926,2.63193,2.16249,285.977
929,100,0.1,0.2,100,1,500,16,3,0.3,0,2.5,1,1,1,0,-109.63,0.957988,43.3333,0.270585,4935.88
929,100,0.1,0.2,100,1,500,16,3,0.3,0,2.5,1,1,2,0,-3.16092,0.936503,1.62982,0.408963,3823.08
929,100,0.1,0.2,100,1,500,16,3,0.3,0,2.5,1,1,3,0,0.222923,0.957801,0.304378,0.271785,110.588
930,100,0.1,0.2,100,1,500,16,3,0.3,0,2.5,1,3,1,0,-210.547,0.947543,69.8242,0.337627,2251.63
930,100,0.1,0.2,100,1,500,16,3,0.3,0,2.5,1,3,2,0,-101.358,0.943931,33.7848,0.360873,2195.76
930,100,0.1,0.2,100,1,500,16,3,0.3,0,2.5,1,3,3,0,0.222866,0.964327,0.256504,0.229598,110.087
931,100,0.1,0.2,100,1,500,16,3,0.3,0,2.5,1,0,1,0,-483.326,0.923485,185.014,0.489067,4039.13
931,100,0.1,0.2,100,1,500,16,3,0.3,0,2.5,1,0,2,0,-297.71,0.928437,114.108,0.45741,4021.95
931,100,0.1,0.2,100,1,500,16,3,0.3,0,2.5,1,0,3,0,0.190837,0.956432,0.309102,0.278473,135.172
932,100,0.1,0.2,100,1,500,16,3,0.3,0,2.5,1,2,1,0,-7996.67,0.903453,2505.7,0.636994,4251.96
932,100,0.1,0.2,100,1,500,16,3,0.3,0,2.5,1,2,2,0,-263552,0.899031,82572.2,0.666169,4165
932,100,0.1,0.2,100,1,500,16,3,0.3,0,2.5,1,2,3,0,0.0708839,0.957932,0.291096,0.277554,109.334
933,100,0.1,0.2,100,1,500,16,3,0.3,0,2.5,0,1,1,0,-359.087,0.938056,137.29,0.403166,2234.61
933,100,0.1,0.2,100,1,500,16,3,0.3,0,2.5,0,1,2,0,-57.5999,0.933333,22.3424,0.433908,4059.67
933,100,0.1,0.2,100,1,500,16,3,0.3,0,2.5,0,1,3,0,0.252854,0.961697,0.284865,0.249294,116.249
934,100,0.1,0.2,100,1,500,16,3,0.3,0,2.5,0,3,1,0,-197.198,0.918393,66.1193,0.531571,2394.8
934,100,0.1,0.2,100,1,500,16,3,0.3,0,2.5,0,3,2,0,-775.284,0.934644,258.97,0.425717,2342.23
934,100,0.1,0.2,100,1,500,16,3,0.3,0,2.5,0,3,3,0,0.139168,0.959221,0.287176,0.265627,135.517
935,100,0.1,0.2,100,1,500,16,3,0.3,0,2.5,0,0,1,0,-58.8289,0.943974,28.6048,0.362502,4320.06
935,100,0.1,0.2,100,1,500,16,3,0.3,0,2.5,0,0,2,0,-3821.72,0.948402,1827.68,0.333853,4121.96
935,100,0.1,0.2,100,1,500,16,3,0.3,0,2.5,0,0,3,0,0.334976,0.959666,0.317954,0.260969,109.28
936,100,0.1,0.2,100,1,500,16,3,0.3,0,2.5,0,2,1,0,-689.013,0.926199,258.967,0.483344,4190.21
936,100,0.1,0.2,100,1,500,16,3,0.3,0,2.5,0,2,2,0,-10.8995,0.946839,4.46597,0.348168,4123.16
936,100,0.1,0.2,100,1,500,16,3,0.3,0,2.5,0,2,3,0,0.205508,0.958871,0.298178,0.26937,136.742
937,100,0.1,0.2,100,1,500,16,3,0.3,0.1,2.5,1,1,1,0,-92.8147,0.939367,163.653,1.84574,2582.05
937,100,0.1,0.2,100,1,500,16,3,0.3,0.1,2.5,1,1,2,0,-905.11,0.939085,1580.65,1.85432,2730.06
937,100,0.1,0.2,100,1,500,16,3,0.3,0.1,2.5,1,1,3,0,-0.0757485,0.940586,1.87657,1.80864,161.869
938,100,0.1,0.2,100,1,500,16,3,0.3,0.1,2.5,1,3,1,0,-37.7971,0.913162,75.185,2.57505,2673.9
938,100,0.1,0.2,100,1,500,16,3,0.3,0.1,2.5,1,3,2,0,-427.036,0.924733,829.492,2.23193,4540.98
938,100,0.1,0.2,100,1,500,16,3,0.3,0.1,2.5,1,3,3,0,0.0992604,0.945128,1.74555,1.62715,294.692
939,100,0.1,0.2,100,1,500,16,3,0.3,0.1,2.5,1,0,1,0,-1928.46,0.912215,3711.86,2.59595,4711.2
939,100,0.1,0.2,100,1,500,16,3,0.3,0.1,2.5,1,0,2,0,-2229.66,0.936702,4291.31,1.87182,5085.52
939,100,0.1,0.2,100,1,500,16,3,0.3,0.1,2.5,1,0,3,0,-0.0341902,0.934678,1.98955,1.93169,218.175
940,100,0.1,0.2,100,1,500,16,3,0.3,0.1,2.5,1,2,1,0,-117.772,0.904844,230.619,2.96591,5270.6
940,100,0.1,0.2,100,1,500,16,3,0.3,0.1,2.5,1,2,2,0,-2143.96,0.925299,4164.88,2.32835,5069.69
940,100,0.1,0.2,100,1,500,16,3,0.3,0.1,2.5,1,2,3,0,0.00521346,0.938757,1.93158,1.90888,133.295
941,100,0.1,0.2,100,1,500,16,3,0.3,0.1,2.5,0,1,1,0,-161.474,0.941328,139.09,0.819336,2462.69
941,100,0.1,0.2,100,1,500,16,3,0.3,0.1,2.5,0,1,2,0,-106.82,0.932037,92.3015,0.94908,2623.99
941,100,0.1,0.2,100,1,500,16,3,0.3,0.1,2.5,0,1,3,0,0.00468694,0.94504,0.852061,0.767499,169.477
942,100,0.1,0.2,100,1,500,16,3,0.3,0.1,2.5,0,3,1,0,-679.003,0.931383,553.598,0.974116,2490.83
942,100,0.1,0.2,100,1,500,16,3,0.3,0.1,2.5,0,3,2,0,-82.0467,0.941903,67.6092,0.824761,2395.7
942,100,0.1,0.2,100,1,500,16,3,0.3,0.1,2.5,0,3,3,0,-0.0197297,0.945528,0.830172,0.773301,133.699
943,100,0.1,0.2,100,1,500,16,3,0.3,0.1,2.5,0,0,1,0,-10.06,0.938997,8.81574,0.910838,4545
943,100,0.1,0.2,100,1,500,16,3,0.3,0.1,2.5,0,0,2,0,-261.852,0.935904,209.514,0.957009,4515.15
943,100,0.1,0.2,100,1,500,16,3,0.3,0.1,2.5,0,0,3,0,0.015342,0.948878,0.784852,0.763294,108.798
944,100,0.1,0.2,100,1,500,16,3,0.3,0.1,2.5,0,2,1,0,-93.9098,0.937158,84.8117,0.888824,4488.85
944,100,0.1,0.2,100,1,500,16,3,0.3,0.1,2.5,0,2,2,0,-58.7297,0.939105,53.3747,0.861289,7114.4
944,100,0.1,0.2,100,1,500,16,3,0.3,0.1,2.5,0,2,3,0,0.014845,0.944213,0.880338,0.789041,160.925
945,100,0.1,0.2,100,1,500,16,3,0.3,0.3,2.5,1,1,1,0,-361.209,0.837378,1245.53,11.0019,3373.06
945,100,0.1,0.2,100,1,500,16,3,0.3,0.3,2.5,1,1,2,0,-12.9501,0.93534,47.9704,4.37449,3525.7
945,100,0.1,0.2,100,1,500,16,3,0.3,0.3,2.5,1,1,3,0,0.390333,0.981375,2.09647,1.26005,249.624
946,100,0.1,0.2,100,1,500,16,3,0.3,0.3,2.5,1,3,1,0,-55.0228,0.943641,237.093,4.20128,3517.54
946,100,0.1,0.2,100,1,500,16,3,0.3,0.3,2.5,1,3,2,0,-884.816,0.938339,3748.84,4.59655,3582.54
946,100,0.1,0.2,100,1,500,16,3,0.3,0.3,2.5,1,3,3,0,0.441768,0.982323,2.36248,1.31776,277.242
947,100,0.1,0.2,100,1,500,16,3,0.3,0.3,2.5,1,0,1,0,-328.777,0.930104,1854.59,5.48092,6885.7
947,100,0.1,0.2,100,1,500,16,3,0.3,0.3,2.5,1,0,2,0,-33.1042,0.946132,191.794,4.2241,6850.88
947,100,0.1,0.2,100,1,500,16,3,0.3,0.3,2.5,1,0,3,0,0.338581,0.976538,3.71967,1.83981,294.166
948,100,0.1,0.2,100,1,500,16,3,0.3,0.3,2.5,1,2,1,0,-17791,0.916959,91770.9,6.67524,8394.46
948,100,0.1,0.2,100,1,500,16,3,0.3,0.3,2.5,1,2,2,0,-42.5179,0.936022,224.464,5.1429,6585.22
948,100,0.1,0.2,100,1,500,16,3,0.3,0.3,2.5,1,2,3,0,0.323829,0.977348,3.48767,1.82085,320.879
949,100,0.1,0.2,100,1,500,16,3,0.3,0.3,2.5,0,1,1,0,-27169.3,0.943261,46877.2,1.75434,2881.59
949,100,0.1,0.2,100,1,500,16,3,0.3,0.3,2.5,0,1,2,0,-58.7381,0.926648,103.067,2.26798,2923.22
949,100,0.1,0.2,100,1,500,16,3,0.3,0.3,2.5,0,1,3,0,0.0658226,0.951027,1.61174,1.51421,161.086
950,100,0.1,0.2,100,1,500,16,3,0.3,0.3,2.5,0,3,1,0,-42.155,0.933599,75.3819,1.9645,2943.96
950,100,0.1,0.2,100,1,500,16,3,0.3,0.3,2.5,0,3,2,0,-256.386,0.919245,449.595,2.38917,2989.22
950,100,0.1,0.2,100,1,500,16,3,0.3,0.3,2.5,0,3,3,0,0.0237042,0.944013,1.70537,1.6564,186.327
951,100,0.1,0.2,100,1,500,16,3,0.3,0.3,2.5,0,0,1,0,-525.981,0.948192,979.756,1.5828,5413.98
951,100,0.1,0.2,100,1,500,16,3,0.3,0.3,2.5,0,0,2,0,-105.774,0.929167,198.512,2.16404,7255.8
951,100,0.1,0.2,100,1,500,16,3,0.3,0.3,2.5,0,0,3,0,0.0995462,0.949515,1.67411,1.54237,196.67
952,100,0.1,0.2,100,1,500,16,3,0.3,0.3,2.5,0,2,1,0,-273.564,0.938079,441.933,1.74121,5691.11
952,100,0.1,0.2,100,1,500,16,3,0.3,0.3,2.5,0,2,2,0,-5647.1,0.932145,9091.07,1.90807,5636.49
952,100,0.1,0.2,100,1,500,16,3,0.3,0.3,2.5,0,2,3,0,-0.00407069,0.942932,1.61613,1.60473,134.477
953,100,0.1,0.2,100,1,500,16,3,0.3,0.5,2.5,1,1,1,0,-71016.2,0.937567,582226,7.91417,3659.25
953,100,0.1,0.2,100,1,500,16,3,0.3,0.5,2.5,1,1,2,0,-164.05,0.966592,1353.14,4.23486,3847.13
953,100,0.1,0.2,100,1,500,16,3,0.3,0.5,2.5,1,1,3,0,0.407101,0.986987,4.8608,1.64952,309.044
954,100,0.1,0.2,100,1,500,16,3,0.3,0.5,2.5,1,3,1,0,-19.6466,0.931841,157.612,7.68325,3876.98
954,100,0.1,0.2,100,1,500,16,3,0.3,0.5,2.5,1,3,2,0,-38.7996,0.941472,303.822,6.59767,3651.66
954,100,0.1,0.2,100,1,500,16,3,0.3,0.5,2.5,1,3,3,0,0.506329,0.988076,3.76858,1.34412,308.639
955,100,0.1,0.2,100,1,500,16,3,0.3,0.5,2.5,1,0,1,0,-140.311,0.908972,1004.31,10.0123,7388.5
955,100,0.1,0.2,100,1,500,16,3,0.3,0.5,2.5,1,0,2,0,-5.87617,0.929108,48.8695,7.79746,7247.44
955,100,0.1,0.2,100,1,500,16,3,0.3,0.5,2.5,1,0,3,0,0.465813,0.986786,3.79651,1.45348,295.259
956,100,0.1,0.2,100,1,500,16,3,0.3,0.5,2.5,1,2,1,0,-447.25,0.901886,4140.34,12.4077,9880.56
956,100,0.1,0.2,100,1,500,16,3,0.3,0.5,2.5,1,2,2,0,-52.4554,0.884478,493.75,14.6092,7696.44
956,100,0.1,0.2,100,1,500,16,3,0.3,0.5,2.5,1,2,3,0,0.040346,0.939064,8.86401,7.70611,241.47
957,100,0.1,0.2,100,1,500,16,3,0.3,0.5,2.5,0,1,1,0,-17.555,0.935371,50.0467,3.01259,3478.76
957,100,0.1,0.2,100,1,500,16,3,0.3,0.5,2.5,0,1,2,0,-32.9574,0.939114,91.5901,2.83813,3185.15
957,100,0.1,0.2,100,1,500,16,3,0.3,0.5,2.5,0,1,3,0,0.22144,0.966599,2.09994,1.55695,260.347
958,100,0.1,0.2,100,1,500,16,3,0.3,0.5,2.5,0,3,1,0,-14.6262,0.927951,36.176,2.81844,3143.19
958,100,0.1,0.2,100,1,500,16,3,0.3,0.5,2.5,0,3,2,0,-121.524,0.912164,283.653,3.43601,3191.94
958,100,0.1,0.2,100,1,500,16,3,0.3,0.5,2.5,0,3,3,0,0.17512,0.962478,1.90967,1.46779,247.511
959,100,0.1,0.2,100,1,500,16,3,0.3,0.5,2.5,0,0,1,0,-45.5507,0.929466,85.8639,2.37004,7821.42
959,100,0.1,0.2,100,1,500,16,3,0.3,0.5,2.5,0,0,2,0,-4999.77,0.930381,9224.03,2.33929,6060.55
959,100,0.1,0.2,100,1,500,16,3,0.3,0.5,2.5,0,0,3,0,0.144055,0.960546,1.57881,1.3257,246.489
960,100,0.1,0.2,100,1,500,16,3,0.3,0.5,2.5,0,2,1,0,-459.436,0.94914,1142.8,2.09105,6100.35
960,100,0.1,0.2,100,1,500,16,3,0.3,0.5,2.5,0,2,2,0,-406.769,0.930434,1012.08,2.86012,6228.85
960,100,0.1,0.2,100,1,500,16,3,0.3,0.5,2.5,0,2,3,0,0.23248,0.964211,1.90497,1.47141,222.601
961,100,0.1,0.2,100,1,500,16,3,0.5,0,2.5,1,1,1,0,-27920.5,0.931519,19633.3,0.877733,2596.14
961,100,0.1,0.2,100,1,500,16,3,0.5,0,2.5,1,1,2,0,-242.066,0.939867,170.915,0.770734,2576.84
961,100,0.1,0.2,100,1,500,16,3,0.5,0,2.5,1,1,3,0,0.0305895,0.948429,0.681653,0.661,136.126
962,100,0.1,0.2,100,1,500,16,3,0.5,0,2.5,1,3,1,0,-2730.57,0.927659,2386.52,0.942872,2590.76
962,100,0.1,0.2,100,1,500,16,3,0.5,0,2.5,1,3,2,0,-72.7239,0.937772,64.4112,0.811064,2939.95
962,100,0.1,0.2,100,1,500,16,3,0.5,0,2.5,1,3,3,0,0.0517626,0.939891,0.828457,0.783443,186.327
963,100,0.1,0.2,100,1,500,16,3,0.5,0,2.5,1,0,1,0,-65.6047,0.865493,48.1272,1.69522,7179.19
963,100,0.1,0.2,100,1,500,16,3,0.5,0,2.5,1,0,2,0,-2485.29,0.920989,1796.55,0.995793,5391.64
963,100,0.1,0.2,100,1,500,16,3,0.5,0,2.5,1,0,3,0,0.0310934,0.946271,0.700112,0.677153,176.088
964,100,0.1,0.2,100,1,500,16,3,0.5,0,2.5,1,2,1,0,-43.1193,0.945417,36.0131,0.66078,5267.36
964,100,0.1,0.2,100,1,500,16,3,0.5,0,2.5,1,2,2,0,-38.3162,0.943905,32.0925,0.679075,4689.98
964,100,0.1,0.2,100,1,500,16,3,0.5,0,2.5,1,2,3,0,0.0170709,0.935118,0.802333,0.785453,133.343
965,100,0.1,0.2,100,1,500,16,3,0.5,0,2.5,0,1,1,0,-79.3995,0.926687,64.2532,0.932834,2693.6
965,100,0.1,0.2,100,1,500,16,3,0.5,0,2.5,0,1,2,0,-6.10782,0.940892,5.68039,0.752094,2637.33
965,100,0.1,0.2,100,1,500,16,3,0.5,0,2.5,0,1,3,0,0.0405934,0.942357,0.766734,0.733444,134.346
966,100,0.1,0.2,100,1,500,16,3,0.5,0,2.5,0,3,1,0,-16.5514,0.938305,14.1772,0.815168,2584.38
966,100,0.1,0.2,100,1,500,16,3,0.5,0,2.5,0,3,2,0,-561.581,0.925308,454.426,0.986907,2599.08
966,100,0.1,0.2,100,1,500,16,3,0.5,0,2.5,0,3,3,0,0.0432519,0.943805,0.772815,0.742499,162.062
967,100,0.1,0.2,100,1,500,16,3,0.5,0,2.5,0,0,1,0,-5.65424,0.932693,5.46259,0.857226,6779.31
967,100,0.1,0.2,100,1,500,16,3,0.5,0,2.5,0,0,2,0,-113.956,0.840017,94.3697,2.03755,5042.4
967,100,0.1,0.2,100,1,500,16,3,0.5,0,2.5,0,0,3,0,0.0464504,0.940959,0.782786,0.751952,160.996
968,100,0.1,0.2,100,1,500,16,3,0.5,0,2.5,0,2,1,0,-7.94817,0.935499,6.48743,0.797715,4976.76
968,100,0.1,0.2,100,1,500,16,3,0.5,0,2.5,0,2,2,0,-14207,0.940062,10300.8,0.741276,4930.16
968,100,0.1,0.2,100,1,500,16,3,0.5,0,2.5,0,2,3,0,0.0171352,0.943376,0.712578,0.700296,132.054
969,100,0.1,0.2,100,1,500,16,3,0.5,0.1,2.5,1,1,1,0,-35.3695,0.93813,97.1089,2.24074,2983.81
969,100,0.1,0.2,100,1,500,16,3,0.5,0.1,2.5,1,1,2,0,-13.3217,0.927954,38.24,2.60929,2862.23
969,100,0.1,0.2,100,1,500,16,3,0.5,0.1,2.5,1,1,3,0,0.0120315,0.92865,2.63794,2.58409,135.48
970,100,0.1,0.2,100,1,500,16,3,0.5,0.1,2.5,1,3,1,0,-43.0607,0.919906,99.1765,2.7937,2769.44
970,100,0.1,0.2,100,1,500,16,3,0.5,0.1,2.5,1,3,2,0,-241.181,0.946426,545.127,1.86866,2973.05
970,100,0.1,0.2,100,1,500,16,3,0.5,0.1,2.5,1,3,3,0,0.0203285,0.938119,2.20515,2.15842,141.111
971,100,0.1,0.2,100,1,500,16,3,0.5,0.1,2.5,1,0,1,0,-53.3717,0.948543,157.373,1.92474,7877.77
971,100,0.1,0.2,100,1,500,16,3,0.5,0.1,2.5,1,0,2,0,-2497.07,0.897191,7230.4,3.84559,5782.33
971,100,0.1,0.2,100,1,500,16,3,0.5,0.1,2.5,1,0,3,0,0.229412,0.953438,2.23038,1.74167,268.18
972,100,0.1,0.2,100,1,500,16,3,0.5,0.1,2.5,1,2,1,0,-2516.54,0.927563,6774.2,2.84403,5827.7
972,100,0.1,0.2,100,1,500,16,3,0.5,0.1,2.5,1,2,2,0,-10.1056,0.939225,29.8829,2.38617,5849.06
972,100,0.1,0.2,100,1,500,16,3,0.5,0.1,2.5,1,2,3,0,0.18495,0.954555,2.19314,1.78428,246.423
973,100,0.1,0.2,100,1,500,16,3,0.5,0.1,2.5,0,1,1,0,-74.1455,0.93689,95.4916,1.23638,2685.08
973,100,0.1,0.2,100,1,500,16,3,0.5,0.1,2.5,0,1,2,0,-440.303,0.935587,560.789,1.26191,2679.19
973,100,0.1,0.2,100,1,500,16,3,0.5,0.1,2.5,0,1,3,0,-0.00158469,0.935851,1.27277,1.25673,161.072
974,100,0.1,0.2,100,1,500,16,3,0.5,0.1,2.5,0,3,1,0,-65.0614,0.938098,76.6551,1.3044,2674.5
974,100,0.1,0.2,100,1,500,16,3,0.5,0.1,2.5,0,3,2,0,-68.7495,0.942328,80.9346,1.21526,4301.39
974,100,0.1,0.2,100,1,500,16,3,0.5,0.1,2.5,0,3,3,0,0.0127046,0.947454,1.14562,1.10726,189.074
975,100,0.1,0.2,100,1,500,16,3,0.5,0.1,2.5,0,0,1,0,-222.978,0.928565,257.83,1.47027,5218.36
975,100,0.1,0.2,100,1,500,16,3,0.5,0.1,2.5,0,0,2,0,-5568.78,0.920831,6411.59,1.62944,5177.98
975,100,0.1,0.2,100,1,500,16,3,0.5,0.1,2.5,0,0,3,0,0.00213103,0.945348,1.14869,1.12484,153.28
976,100,0.1,0.2,100,1,500,16,3,0.5,0.1,2.5,0,2,1,0,-123.699,0.931638,165.541,1.39559,4957.11
976,100,0.1,0.2,100,1,500,16,3,0.5,0.1,2.5,0,2,2,0,-11.8996,0.934993,17.1244,1.3271,5212.78
976,100,0.1,0.2,100,1,500,16,3,0.5,0.1,2.5,0,2,3,0,0.037683,0.939687,1.2775,1.23127,164.215
977,100,0.1,0.2,100,1,500,16,3,0.5,0.3,2.5,1,1,1,0,-191.014,0.919038,824.717,6.45595,3449.23
977,100,0.1,0.2,100,1,500,16,3,0.5,0.3,2.5,1,1,2,0,-5.01711,0.943177,25.8441,4.53114,3461.79
977,100,0.1,0.2,100,1,500,16,3,0.5,0.3,2.5,1,1,3,0,0.489102,0.985124,2.19436,1.1862,270.513
978,100,0.1,0.2,100,1,500,16,3,0.5,0.3,2.5,1,3,1,0,-13.5351,0.950258,81.3225,4.2532,5323.47
978,100,0.1,0.2,100,1,500,16,3,0.5,0.3,2.5,1,3,2,0,-369.703,0.931311,2074.06,5.87321,3545.24
978,100,0.1,0.2,100,1,500,16,3,0.5,0.3,2.5,1,3,3,0,0.362055,0.979747,3.56926,1.73175,323.016
979,100,0.1,0.2,100,1,500,16,3,0.5,0.3,2.5,1,0,1,0,-1128.75,0.934676,5021.21,4.4913,6645.15
979,100,0.1,0.2,100,1,500,16,3,0.5,0.3,2.5,1,0,2,0,-50734.3,0.920836,225495,5.44289,6542.61
979,100,0.1,0.2,100,1,500,16,3,0.5,0.3,2.5,1,0,3,0,0.231756,0.970308,3.41449,2.04143,266.857
980,100,0.1,0.2,100,1,500,16,3,0.5,0.3,2.5,1,2,1,0,-102.791,0.930787,546.333,5.70116,6602.24
980,100,0.1,0.2,100,1,500,16,3,0.5,0.3,2.5,1,2,2,0,-49.7529,0.9358,267.153,5.28817,8322.9
980,100,0.1,0.2,100,1,500,16,3,0.5,0.3,2.5,1,2,3,0,0.387749,0.980774,3.22276,1.58364,268.429
981,100,0.1,0.2,100,1,500,16,3,0.5,0.3,2.5,0,1,1,0,-1473.79,0.936089,2975.29,2.22899,2893.5
981,100,0.1,0.2,100,1,500,16,3,0.5,0.3,2.5,0,1,2,0,-21.3899,0.930108,45.17,2.43759,2878.74
981,100,0.1,0.2,100,1,500,16,3,0.5,0.3,2.5,0,1,3,0,0.162359,0.95871,1.68988,1.44005,219.518
982,100,0.1,0.2,100,1,500,16,3,0.5,0.3,2.5,0,3,1,0,-37630.8,0.904824,81442,3.14445,3009.32
982,100,0.1,0.2,100,1,500,16,3,0.5,0.3,2.5,0,3,2,0,-102106,0.911083,220977,2.93768,3053.59
982,100,0.1,0.2,100,1,500,16,3,0.5,0.3,2.5,0,3,3,0,0.104956,0.946983,1.93704,1.7516,264.108
983,100,0.1,0.2,100,1,500,16,3,0.5,0.3,2.5,0,0,1,0,-452669,0.955832,951307,1.5615,5569.39
983,100,0.1,0.2,100,1,500,16,3,0.5,0.3,2.5,0,0,2,0,-8.11015,0.953676,19.1454,1.63771,5921.42
983,100,0.1,0.2,100,1,500,16,3,0.5,0.3,2.5,0,0,3,0,0.102493,0.952342,1.88615,1.68488,188.876
984,100,0.1,0.2,100,1,500,16,3,0.5,0.3,2.5,0,2,1,0,-61.8965,0.906856,146.043,3.35805,5666.88
984,100,0.1,0.2,100,1,500,16,3,0.5,0.3,2.5,0,2,2,0,-36.219,0.941025,86.421,2.12619,7419.75
984,100,0.1,0.2,100,1,500,16,3,0.5,0.3,2.5,0,2,3,0,0.186299,0.957772,1.88938,1.52241,215.989
985,100,0.1,0.2,100,1,500,16,3,0.5,0.5,2.5,1,1,1,0,-610.833,0.936734,5983.92,7.68255,3674.9
985,100,0.1,0.2,100,1,500,16,3,0.5,0.5,2.5,1,1,2,0,-3.61358,0.945113,45.1223,6.66517,3717.23
985,100,0.1,0.2,100,1,500,16,3,0.5,0.5,2.5,1,1,3,0,0.116957,0.968655,8.63645,3.8063,375.369
986,100,0.1,0.2,100,1,500,16,3,0.5,0.5,2.5,1,3,1,0,-930.969,0.949484,7899.33,6.77936,3618.93
986,100,0.1,0.2,100,1,500,16,3,0.5,0.5,2.5,1,3,2,0,-371.483,0.93385,3157.15,8.87746,3659.78
986,100,0.1,0.2,100,1,500,16,3,0.5,0.5,2.5,1,3,3,0,0.523102,0.989597,4.04217,1.39607,263.71
987,100,0.1,0.2,100,1,500,16,3,0.5,0.5,2.5,1,0,1,0,-142.172,0.942316,929.575,5.41327,7130.64
987,100,0.1,0.2,100,1,500,16,3,0.5,0.5,2.5,1,0,2,0,-780.444,0.941025,5073.68,5.53445,8897.81
987,100,0.1,0.2,100,1,500,16,3,0.5,0.5,2.5,1,0,3,0,0.283414,0.978402,4.65258,2.02681,322.649
988,100,0.1,0.2,100,1,500,16,3,0.5,0.5,2.5,1,2,1,0,-143.078,0.909336,1028.15,10.8334,7375.11
988,100,0.1,0.2,100,1,500,16,3,0.5,0.5,2.5,1,2,2,0,-13839.3,0.894501,98764.9,12.6059,7298.27
988,100,0.1,0.2,100,1,500,16,3,0.5,0.5,2.5,1,2,3,0,0.450474,0.986802,3.92145,1.57705,266.987
989,100,0.1,0.2,100,1,500,16,3,0.5,0.5,2.5,0,1,1,0,-1346.02,0.904843,3903.84,4.3629,3202.1
989,100,0.1,0.2,100,1,500,16,3,0.5,0.5,2.5,0,1,2,0,-233.396,0.920902,679.312,3.62657,3274.82
989,100,0.1,0.2,100,1,500,16,3,0.5,0.5,2.5,0,1,3,0,0.134686,0.955366,2.5078,2.04645,214.678
990,100,0.1,0.2,100,1,500,16,3,0.5,0.5,2.5,0,3,1,0,-38.0836,0.925521,110.245,3.45527,3099.28
990,100,0.1,0.2,100,1,500,16,3,0.5,0.5,2.5,0,3,2,0,-1967.48,0.940802,5552.57,2.74634,3281.24
990,100,0.1,0.2,100,1,500,16,3,0.5,0.5,2.5,0,3,3,0,0.166324,0.961498,2.35158,1.78622,244.55
991,100,0.1,0.2,100,1,500,16,3,0.5,0.5,2.5,0,0,1,0,-23.4523,0.948079,62.3286,2.30564,7898.27
991,100,0.1,0.2,100,1,500,16,3,0.5,0.5,2.5,0,0,2,0,-9.41267,0.928014,26.5418,3.19669,6133.2
991,100,0.1,0.2,100,1,500,16,3,0.5,0.5,2.5,0,0,3,0,0.201782,0.966593,2.03465,1.48352,214.684
992,100,0.1,0.2,100,1,500,16,3,0.5,0.5,2.5,0,2,1,0,-100.364,0.925528,327.401,3.9171,6068.49
992,100,0.1,0.2,100,1,500,16,3,0.5,0.5,2.5,0,2,2,0,-5.62443,0.899626,21.3966,5.27947,6411.65
992,100,0.1,0.2,100,1,500,16,3,0.5,0.5,2.5,0,2,3,0,0.218767,0.967443,2.52335,1.71244,299.125
993,100,0.1,0.2,100,1,500,16,7,0,0,2.5,1,1,1,0,1,1,8.0789e-27,-9.33031e-16,252.797
993,100,0.1,0.2,100,1,500,16,7,0,0,2.5,1,1,2,0,1,1,8.0789e-27,-9.33031e-16,256.297
993,100,0.1,0.2,100,1,500,16,7,0,0,2.5,1,1,3,0,1,1,5.78097e-18,1.7096e-15,81.1385
994,100,0.1,0.2,100,1,500,16,7,0,0,2.5,1,3,1,0,1,1,1.82674e-29,-1.57413e-15,226.411
994,100,0.1,0.2,100,1,500,16,7,0,0,2.5,1,3,2,0,1,1,1.82674e-29,-1.57413e-15,230.975
994,100,0.1,0.2,100,1,500,16,7,0,0,2.5,1,3,3,0,1,1,1.53664e-17,1.86236e-16,81.4657
995,100,0.1,0.2,100,1,500,16,7,0,0,2.5,1,0,1,0,1,1,1.94205e-29,-1.16124e-15,540.505
995,100,0.1,0.2,100,1,500,16,7,0,0,2.5,1,0,2,0,1,1,3.31161e-29,-3.14904e-15,539.976
995,100,0.1,0.2,100,1,500,16,7,0,0,2.5,1,0,3,0,1,1,1.35268e-17,-1.10346e-17,83.4078
996,100,0.1,0.2,100,1,500,16,7,0,0,2.5,1,2,1,0,1,1,1.10943e-29,-2.88738e-15,502.843
996,100,0.1,0.2,100,1,500,16,7,0,0,2.5,1,2,2,0,1,1,5.85435e-29,-2.60325e-15,501.058
996,100,0.1,0.2,100,1,500,16,7,0,0,2.5,1,2,3,0,1,1,8.10199e-26,-6.54516e-16,108.612
997,100,0.1,0.2,100,1,500,16,7,0,0,2.5,0,1,1,0,1,1,5.68453e-28,1.12199e-15,255.052
997,100,0.1,0.2,100,1,500,16,7,0,0,2.5,0,1,2,0,1,1,5.68453e-28,1.12199e-15,250.77
997,100,0.1,0.2,100,1,500,16,7,0,0,2.5,0,1,3,0,1,1,3.11784e-17,-8.90052e-16,79.7881
998,100,0.1,0.2,100,1,500,16,7,0,0,2.5,0,3,1,0,1,1,2.97503e-29,-4.9083e-16,226.884
998,100,0.1,0.2,100,1,500,16,7,0,0,2.5,0,3,2,0,1,1,2.97503e-29,-4.9083e-16,233.308
998,100,0.1,0.2,100,1,500,16,7,0,0,2.5,0,3,3,0,1,1,1.14883e-17,1.20477e-17,80.737
999,100,0.1,0.2,100,1,500,16,7,0,0,2.5,0,0,1,0,1,1,1.32171e-28,-1.59295e-15,542.45
999,100,0.1,0.2,100,1,500,16,7,0,0,2.5,0,0,2,0,1,1,2.24832e-29,-2.66216e-15,544.516
999,100,0.1,0.2,100,1,500,16,7,0,0,2.5,0,0,3,0,1,1,7.68841e-18,2.61881e-16,80.4538
1000,100,0.1,0.2,100,1,500,16,7,0,0,2.5,0,2,1,0,1,1,9.70266e-28,-8.43658e-16,504.224
1000,100,0.1,0.2,100,1,500,16,7,0,0,2.5,0,2,2,0,1,1,1.43353e-25,-2.48845e-15,507.657
1000,100,0.1,0.2,100,1,500,16,7,0,0,2.5,0,2,3,0,1,1,5.33183e-18,-9.4599e-16,80.8539
1001,100,0.1,0.2,100,1,500,16,7,0,0.1,2.5,1,1,1,0,-3957.14,0.902735,12102.2,4.27999,1153.17
1001,100,0.1,0.2,100,1,500,16,7,0,0.1,2.5,1,1,2,0,-19.663,0.905746,63.178,4.14747,3044.34
1001,100,0.1,0.2,100,1,500,16,7,0,0.1,2.5,1,1,3,0,-0.101933,0.92748,3.36921,3.19114,187.994
1002,100,0.1,0.2,100,1,500,16,7,0,0.1,2.5,1,3,1,0,-6.55676,0.914805,21.8062,3.79971,1722.65
1002,100,0.1,0.2,100,1,500,16,7,0,0.1,2.5,1,3,2,0,-29.079,0.901012,86.7976,4.41491,933.062
1002,100,0.1,0.2,100,1,500,16,7,0,0.1,2.5,1,3,3,0,0.457557,0.977162,1.5653,1.01857,302.498
1003,100,0.1,0.2,100,1,500,16,7,0,0.1,2.5,1,0,1,0,-10.87,0.907241,34.9961,4.18953,1529.94
1003,100,0.1,0.2,100,1,500,16,7,0,0.1,2.5,1,0,2,0,-43.8278,0.904629,132.165,4.30747,2020.68
1003,100,0.1,0.2,100,1,500,16,7,0,0.1,2.5,1,0,3,0,0.15915,0.949002,2.47907,2.30335,323.535
1004,100,0.1,0.2,100,1,500,16,7,0,0.1,2.5,1,2,1,0,-39.9339,0.915974,133.441,3.92816,2532.87
1004,100,0.1,0.2,100,1,500,16,7,0,0.1,2.5,1,2,2,0,-5.54637,0.893817,21.3406,4.96401,2024.44
1004,100,0.1,0.2,100,1,500,16,7,0,0.1,2.5,1,2,3,0,0.10034,0.942639,2.93282,2.6816,266.592
1005,100,0.1,0.2,100,1,500,16,7,0,0.1,2.5,0,1,1,0,-21.0627,0.935272,27.6259,1.22118,1473.03
1005,100,0.1,0.2,100,1,500,16,7,0,0.1,2.5,0,1,2,0,-2.57847,0.929596,4.48078,1.32826,1813.44
1005,100,0.1,0.2,100,1,500,16,7,0,0.1,2.5,0,1,3,0,-0.337839,0.929367,1.67518,1.33258,187.041
1006,100,0.1,0.2,100,1,500,16,7,0,0.1,2.5,0,3,1,0,-16.2284,0.931092,22.8124,1.39457,345.135
1006,100,0.1,0.2,100,1,500,16,7,0,0.1,2.5,0,3,2,0,-119.976,0.930723,160.186,1.40204,800.588
1006,100,0.1,0.2,100,1,500,16,7,0,0.1,2.5,0,3,3,0,-0.441071,0.9298,1.90815,1.42072,374.21
1007,100,0.1,0.2,100,1,500,16,7,0,0.1,2.5,0,0,1,0,-55.6367,0.934703,66.979,1.28888,1001.63
1007,100,0.1,0.2,100,1,500,16,7,0,0.1,2.5,0,0,2,0,-15.1817,0.931727,19.1366,1.34763,2015.21
1007,100,0.1,0.2,100,1,500,16,7,0,0.1,2.5,0,0,3,0,-0.281147,0.934252,1.51509,1.29778,430.949
1008,100,0.1,0.2,100,1,500,16,7,0,0.1,2.5,0,2,1,0,-26025.8,0.939891,32600.6,1.12666,1511.68
1008,100,0.1,0.2,100,1,500,16,7,0,0.1,2.5,0,2,2,0,-7.87464,0.912615,11.1162,1.6379,755.692
1008,100,0.1,0.2,100,1,500,16,7,0,0.1,2.5,0,2,3,0,-0.100326,0.933428,1.37825,1.24779,433.064
1009,100,0.1,0.2,100,1,500,16,7,0,0.3,2.5,1,1,1,0,-8666.13,0.976014,69806.7,2.14951,3260.5
1009,100,0.1,0.2,100,1,500,16,7,0,0.3,2.5,1,1,2,0,-49.9755,0.976627,410.567,2.09463,3606.96
1009,100,0.1,0.2,100,1,500,16,7,0,0.3,2.5,1,1,3,0,0.579996,0.986836,3.38279,1.17974,357.554
1010,100,0.1,0.2,100,1,500,16,7,0,0.3,2.5,1,3,1,0,-478.645,0.952205,3172.84,5.87362,5277.45
1010,100,0.1,0.2,100,1,500,16,7,0,0.3,2.5,1,3,2,0,-13757.8,0.912614,91013.9,10.7389,3380.21
1010,100,0.1,0.2,100,1,500,16,7,0,0.3,2.5,1,3,3,0,0.778411,0.99292,1.4658,0.870013,215.059
1011,100,0.1,0.2,100,1,500,16,7,0,0.3,2.5,1,0,1,0,-12.4578,0.957558,94.224,4.78127,5791.63
1011,100,0.1,0.2,100,1,500,16,7,0,0.3,2.5,1,0,2,0,-4541.3,0.971992,31802.5,3.15518,5995.14
1011,100,0.1,0.2,100,1,500,16,7,0,0.3,2.5,1,0,3,0,0.716823,0.990976,1.98264,1.01658,240.459
1012,100,0.1,0.2,100,1,500,16,7,0,0.3,2.5,1,2,1,0,-137.134,0.946334,1263.56,6.57236,5769.79
1012,100,0.1,0.2,100,1,500,16,7,0,0.3,2.5,1,2,2,0,-277.282,0.984928,2545.54,1.84584,5857.44
1012,100,0.1,0.2,100,1,500,16,7,0,0.3,2.5,1,2,3,0,0.717148,0.990811,2.58734,1.12537,298.498
1013,100,0.1,0.2,100,1,500,16,7,0,0.3,2.5,0,1,1,0,-14.9327,0.925844,48.7876,3.47159,4619.53
1013,100,0.1,0.2,100,1,500,16,7,0,0.3,2.5,0,1,2,0,-46.9288,0.935825,146.763,3.00435,2872.03
1013,100,0.1,0.2,100,1,500,16,7,0,0.3,2.5,0,1,3,0,0.463046,0.975784,1.64421,1.13365,273.185
1014,100,0.1,0.2,100,1,500,16,7,0,0.3,2.5,0,3,1,0,-183.955,0.938386,491.888,2.75085,2988.86
1014,100,0.1,0.2,100,1,500,16,7,0,0.3,2.5,0,3,2,0,-1304.37,0.95102,3471.64,2.18679,3024.46
1014,100,0.1,0.2,100,1,500,16,7,0,0.3,2.5,0,3,3,0,0.377586,0.972823,1.65531,1.21336,244.838
1015,100,0.1,0.2,100,1,500,16,7,0,0.3,2.5,0,0,1,0,-4.77459,0.924536,18.1471,3.44478,5288.74
1015,100,0.1,0.2,100,1,500,16,7,0,0.3,2.5,0,0,2,0,-141.474,0.933242,447.737,3.04737,5291.89
1015,100,0.1,0.2,100,1,500,16,7,0,0.3,2.5,0,0,3,0,0.331992,0.968678,2.09927,1.42981,267.733
1016,100,0.1,0.2,100,1,500,16,7,0,0.3,2.5,0,2,1,0,-25.8385,0.933522,84.7328,2.79512,5105.04
1016,100,0.1,0.2,100,1,500,16,7,0,0.3,2.5,0,2,2,0,-12.6639,0.92299,43.1389,3.23793,5091.87
1016,100,0.1,0.2,100,1,500,16,7,0,0.3,2.5,0,2,3,0,0.293661,0.960511,2.23001,1.66036,380.396
1017,100,0.1,0.2,100,1,500,16,7,0,0.5,2.5,1,1,1,0,-5171.09,0.97165,57217,4.4603,5321.05
1017,100,0.1,0.2,100,1,500,16,7,0,0.5,2.5,1,1,2,0,-5.28584,0.973488,69.538,4.1712,3610.68
1017,100,0.1,0.2,100,1,500,16,7,0,0.5,2.5,1,1,3,0,0.792698,0.993806,2.29331,0.974519,267.716
1018,100,0.1,0.2,100,1,500,16,7,0,0.5,2.5,1,3,1,0,-10.9644,0.946285,118.512,10.7954,3580.76
1018,100,0.1,0.2,100,1,500,16,7,0,0.5,2.5,1,3,2,0,-203.548,0.955014,2026.13,9.04109,3574.65
1018,100,0.1,0.2,100,1,500,16,7,0,0.5,2.5,1,3,3,0,0.836693,0.995177,1.61762,0.969309,185.724
1019,100,0.1,0.2,100,1,500,16,7,0,0.5,2.5,1,0,1,0,-36.7933,0.966604,345.074,5.1215,6516.43
1019,100,0.1,0.2,100,1,500,16,7,0,0.5,2.5,1,0,2,0,-34970,0.981679,319305,2.80961,6253.04
1019,100,0.1,0.2,100,1,500,16,7,0,0.5,2.5,1,0,3,0,0.804204,0.994216,1.78773,0.886953,212.312
1020,100,0.1,0.2,100,1,500,16,7,0,0.5,2.5,1,2,1,0,-1.5455,0.981257,28.4525,3.54428,8297.85
1020,100,0.1,0.2,100,1,500,16,7,0,0.5,2.5,1,2,2,0,-15.4578,0.981046,183.958,3.58423,6528.44
1020,100,0.1,0.2,100,1,500,16,7,0,0.5,2.5,1,2,3,0,0.837388,0.994777,1.81761,0.987589,242.819
1021,100,0.1,0.2,100,1,500,16,7,0,0.5,2.5,0,1,1,0,-11.7569,0.954917,69.5905,3.12374,3204.9
1021,100,0.1,0.2,100,1,500,16,7,0,0.5,2.5,0,1,2,0,-51.9631,0.911987,288.92,6.09831,3346.55
1021,100,0.1,0.2,100,1,500,16,7,0,0.5,2.5,0,1,3,0,0.501602,0.980328,2.71882,1.36305,270.114
1022,100,0.1,0.2,100,1,500,16,7,0,0.5,2.5,0,3,1,0,-5.21258,0.933343,24.9184,3.89087,3186.11
1022,100,0.1,0.2,100,1,500,16,7,0,0.5,2.5,0,3,2,0,-84.3772,0.959074,342.444,2.38892,3348.8
1022,100,0.1,0.2,100,1,500,16,7,0,0.5,2.5,0,3,3,0,0.429485,0.9769,2.28831,1.34838,243.976
1023,100,0.1,0.2,100,1,500,16,7,0,0.5,2.5,0,0,1,0,-127.414,0.944971,443.33,3.25025,5842.22
1023,100,0.1,0.2,100,1,500,16,7,0,0.5,2.5,0,0,2,0,-186.746,0.928654,648.164,4.21407,7634.5
1023,100,0.1,0.2,100,1,500,16,7,0,0.5,2.5,0,0,3,0,0.557844,0.984329,1.52648,0.925617,243.896
1024,100,0.1,0.2,100,1,500,16,7,0,0.5,2.5,0,2,1,0,-7.41924,0.94779,42.2735,3.32973,5816.65
1024,100,0.1,0.2,100,1,500,16,7,0,0.5,2.5,0,2,2,0,-151.739,0.951099,766.913,3.1187,5788.48
1024,100,0.1,0.2,100,1,500,16,7,0,0.5,2.5,0,2,3,0,0.452012,0.977915,2.75148,1.40849,265.531
1025,100,0.1,0.2,100,1,500,16,7,0.1,0,2.5,1,1,1,0,-60.2636,0.912448,22.6951,0.700667,1828.2
1025,100,0.1,0.2,100,1,500,16,7,0.1,0,2.5,1,1,2,0,-40.6157,0.925457,15.4165,0.596556,1838.12
1025,100,0.1,0.2,100,1,500,16,7,0.1,0,2.5,1,1,3,0,0.729771,0.991399,0.100106,0.0688302,80.7769
1026,100,0.1,0.2,100,1,500,16,7,0.1,0,2.5,1,3,1,0,-4.13353,0.983049,2.65459,0.126416,1839.24
1026,100,0.1,0.2,100,1,500,16,7,0.1,0,2.5,1,3,2,0,-2.18567,0.964396,1.64733,0.265526,1740.47
1026,100,0.1,0.2,100,1,500,16,7,0.1,0,2.5,1,3,3,0,0.741927,0.989179,0.133452,0.0806987,110.076
1027,100,0.1,0.2,100,1,500,16,7,0.1,0,2.5,1,0,1,0,-0.239449,0.975797,0.959558,0.185857,2771.97
1027,100,0.1,0.2,100,1,500,16,7,0.1,0,2.5,1,0,2,0,-6.98639,0.984819,6.18291,0.116577,2783.23
1027,100,0.1,0.2,100,1,500,16,7,0.1,0,2.5,1,0,3,0,0.741537,0.990169,0.200097,0.0754954,111.443
1028,100,0.1,0.2,100,1,500,16,7,0.1,0,2.5,1,2,1,0,-3696.8,0.985799,1139.8,0.107829,2803.15
1028,100,0.1,0.2,100,1,500,16,7,0.1,0,2.5,1,2,2,0,-61.4013,0.96249,19.2345,0.284812,2803.96
1028,100,0.1,0.2,100,1,500,16,7,0.1,0,2.5,1,2,3,0,0.708665,0.990887,0.0898009,0.0691947,85.1985
1029,100,0.1,0.2,100,1,500,16,7,0.1,0,2.5,0,1,1,0,-1.98328,0.983609,2.02861,0.125129,3499.97
1029,100,0.1,0.2,100,1,500,16,7,0.1,0,2.5,0,1,2,0,-42.761,0.943277,29.7572,0.433029,1611.06
1029,100,0.1,0.2,100,1,500,16,7,0.1,0,2.5,0,1,3,0,0.75096,0.991228,0.169345,0.0669624,107.188
1030,100,0.1,0.2,100,1,500,16,7,0.1,0,2.5,0,3,1,0,-646.887,0.945007,197.492,0.422123,1878.85
1030,100,0.1,0.2,100,1,500,16,7,0.1,0,2.5,0,3,2,0,-1.73879,0.974183,0.83485,0.198169,1864.14
1030,100,0.1,0.2,100,1,500,16,7,0.1,0,2.5,0,3,3,0,0.696748,0.990721,0.0924385,0.0712279,80.8026
1031,100,0.1,0.2,100,1,500,16,7,0.1,0,2.5,0,0,1,0,-131.067,0.945487,81.1923,0.423748,2789.06
1031,100,0.1,0.2,100,1,500,16,7,0.1,0,2.5,0,0,2,0,-71.1314,0.965529,44.3449,0.267956,2853.66
1031,100,0.1,0.2,100,1,500,16,7,0.1,0,2.5,0,0,3,0,0.754927,0.99101,0.150666,0.0698823,107.885
1032,100,0.1,0.2,100,1,500,16,7,0.1,0,2.5,0,2,1,0,-92.1505,0.969324,37.4773,0.233525,2842.01
1032,100,0.1,0.2,100,1,500,16,7,0.1,0,2.5,0,2,2,0,-1.1004,0.972588,0.845056,0.208673,2784.41
1032,100,0.1,0.2,100,1,500,16,7,0.1,0,2.5,0,2,3,0,0.746009,0.99058,0.102188,0.0717098,82.8284
1033,100,0.1,0.2,100,1,500,16,7,0.1,0.1,2.5,1,1,1,0,-53.2373,0.925442,187.515,3.25986,2469.37
1033,100,0.1,0.2,100,1,500,16,7,0.1,0.1,2.5,1,1,2,0,-29.9226,0.911824,106.909,3.85528,2659.52
1033,100,0.1,0.2,100,1,500,16,7,0.1,0.1,2.5,1,1,3,0,-0.0576166,0.924831,3.65651,3.2866,242.077
1034,100,0.1,0.2,100,1,500,16,7,0.1,0.1,2.5,1,3,1,0,-11091.1,0.921593,31807.7,3.5447,2638.51
1034,100,0.1,0.2,100,1,500,16,7,0.1,0.1,2.5,1,3,2,0,-16.4472,0.913769,50.0312,3.89843,2600.84
1034,100,0.1,0.2,100,1,500,16,7,0.1,0.1,2.5,1,3,3,0,0.0100777,0.941981,2.83869,2.62297,307.706
1035,100,0.1,0.2,100,1,500,16,7,0.1,0.1,2.5,1,0,1,0,-169891,0.921368,481671,3.35271,3616.53
1035,100,0.1,0.2,100,1,500,16,7,0.1,0.1,2.5,1,0,2,0,-95.5602,0.914424,273.763,3.64877,3911.7
1035,100,0.1,0.2,100,1,500,16,7,0.1,0.1,2.5,1,0,3,0,0.398089,0.971999,1.70651,1.19389,242.712
1036,100,0.1,0.2,100,1,500,16,7,0.1,0.1,2.5,1,2,1,0,-28.8958,0.935325,81.6109,2.97149,3794.8
1036,100,0.1,0.2,100,1,500,16,7,0.1,0.1,2.5,1,2,2,0,-424.984,0.913505,1162.87,3.974,3833.54
1036,100,0.1,0.2,100,1,500,16,7,0.1,0.1,2.5,1,2,3,0,0.422359,0.976033,1.57687,1.10118,268.756
1037,100,0.1,0.2,100,1,500,16,7,0.1,0.1,2.5,0,1,1,0,-5.6887,0.924411,9.95436,1.63467,2209.09
1037,100,0.1,0.2,100,1,500,16,7,0.1,0.1,2.5,0,1,2,0,-1.47099e+06,0.924524,2.18918e+06,1.63222,4762.66
1037,100,0.1,0.2,100,1,500,16,7,0.1,0.1,2.5,0,1,3,0,-0.351973,0.926893,2.01205,1.58099,213.465
1038,100,0.1,0.2,100,1,500,16,7,0.1,0.1,2.5,0,3,1,0,-3451.52,0.943972,4072.87,1.09322,2197.02
1038,100,0.1,0.2,100,1,500,16,7,0.1,0.1,2.5,0,3,2,0,-146.632,0.926402,174.158,1.43603,2334.89
1038,100,0.1,0.2,100,1,500,16,7,0.1,0.1,2.5,0,3,3,0,-0.292765,0.934033,1.52505,1.28715,243.147
1039,100,0.1,0.2,100,1,500,16,7,0.1,0.1,2.5,0,0,1,0,-564.139,0.928376,796.535,1.48655,3806.06
1039,100,0.1,0.2,100,1,500,16,7,0.1,0.1,2.5,0,0,2,0,-3.33261,0.933695,6.1066,1.37617,3791.27
1039,100,0.1,0.2,100,1,500,16,7,0.1,0.1,2.5,0,0,3,0,-0.313356,0.929253,1.85111,1.46836,214.687
1040,100,0.1,0.2,100,1,500,16,7,0.1,0.1,2.5,0,2,1,0,-948.818,0.923297,1046.64,1.62425,3782.81
1040,100,0.1,0.2,100,1,500,16,7,0.1,0.1,2.5,0,2,2,0,-647.191,0.935119,714.269,1.37392,3799.19
1040,100,0.1,0.2,100,1,500,16,7,0.1,0.1,2.5,0,2,3,0,0.0378603,0.951421,1.06022,1.02872,189.692
1041,100,0.1,0.2,100,1,500,16,7,0.1,0.3,2.5,1,1,1,0,-25.6181,0.9025,259.434,12.3926,3341.4
1041,100,0.1,0.2,100,1,500,16,7,0.1,0.3,2.5,1,1,2,0,-116.464,0.949164,1144.86,6.46141,3361.35
1041,100,0.1,0.2,100,1,500,16,7,0.1,0.3,2.5,1,1,3,0,0.773645,0.992396,2.20617,0.966454,213.246
1042,100,0.1,0.2,100,1,500,16,7,0.1,0.3,2.5,1,3,1,0,-210.838,0.981103,935.954,2.28951,4984.38
1042,100,0.1,0.2,100,1,500,16,7,0.1,0.3,2.5,1,3,2,0,-68.1854,0.948373,305.679,6.2551,3500.57
1042,100,0.1,0.2,100,1,500,16,7,0.1,0.3,2.5,1,3,3,0,0.696633,0.991622,1.34035,1.01504,190.053
1043,100,0.1,0.2,100,1,500,16,7,0.1,0.3,2.5,1,0,1,0,-291.992,0.907319,2261.11,10.2856,6080.23
1043,100,0.1,0.2,100,1,500,16,7,0.1,0.3,2.5,1,0,2,0,-18.5124,0.97973,150.583,2.24955,6057.52
1043,100,0.1,0.2,100,1,500,16,7,0.1,0.3,2.5,1,0,3,0,0.738638,0.991533,2.01702,0.93961,243.81
1044,100,0.1,0.2,100,1,500,16,7,0.1,0.3,2.5,1,2,1,0,-3503.43,0.974632,21660.1,3.1706,6372.57
1044,100,0.1,0.2,100,1,500,16,7,0.1,0.3,2.5,1,2,2,0,-150.339,0.94041,935.393,7.44779,6355.19
1044,100,0.1,0.2,100,1,500,16,7,0.1,0.3,2.5,1,2,3,0,0.737411,0.992346,1.62301,0.956664,241.894
1045,100,0.1,0.2,100,1,500,16,7,0.1,0.3,2.5,0,1,1,0,-9.35777,0.942986,34.1539,2.59614,5148.34
1045,100,0.1,0.2,100,1,500,16,7,0.1,0.3,2.5,0,1,2,0,-9.66079,0.925336,35.153,3.39983,2899.94
1045,100,0.1,0.2,100,1,500,16,7,0.1,0.3,2.5,0,1,3,0,0.39315,0.970141,2.00104,1.35962,298.983
1046,100,0.1,0.2,100,1,500,16,7,0.1,0.3,2.5,0,3,1,0,-272.514,0.940211,888.425,2.77979,3059.41
1046,100,0.1,0.2,100,1,500,16,7,0.1,0.3,2.5,0,3,2,0,-2.48013,0.938021,11.3041,2.88161,3004.25
1046,100,0.1,0.2,100,1,500,16,7,0.1,0.3,2.5,0,3,3,0,0.40774,0.974199,1.92377,1.19958,242.663
1047,100,0.1,0.2,100,1,500,16,7,0.1,0.3,2.5,0,0,1,0,-40.2612,0.907326,107.241,3.48554,5414.95
1047,100,0.1,0.2,100,1,500,16,7,0.1,0.3,2.5,0,0,2,0,-63.4332,0.908028,167.467,3.45915,5218.56
1047,100,0.1,0.2,100,1,500,16,7,0.1,0.3,2.5,0,0,3,0,0.334324,0.966904,1.73015,1.24478,305.668
1048,100,0.1,0.2,100,1,500,16,7,0.1,0.3,2.5,0,2,1,0,-2.66522,0.945168,7.40296,2.13631,5213.57
1048,100,0.1,0.2,100,1,500,16,7,0.1,0.3,2.5,0,2,2,0,-79.2793,0.922211,162.147,3.03071,7345.66
1048,100,0.1,0.2,100,1,500,16,7,0.1,0.3,2.5,0,2,3,0,0.302433,0.970403,1.40894,1.15311,223.873
1049,100,0.1,0.2,100,1,500,16,7,0.1,0.5,2.5,1,1,1,0,-87.733,0.946593,1111.72,8.4572,3430.44
1049,100,0.1,0.2,100,1,500,16,7,0.1,0.5,2.5,1,1,2,0,-65.7829,0.939531,836.708,9.57543,3358.66
1049,100,0.1,0.2,100,1,500,16,7,0.1,0.5,2.5,1,1,3,0,0.795841,0.994005,2.55787,0.949281,241.514
1050,100,0.1,0.2,100,1,500,16,7,0.1,0.5,2.5,1,3,1,0,-1.64606,0.948952,34.9,9.94722,3553.2
1050,100,0.1,0.2,100,1,500,16,7,0.1,0.5,2.5,1,3,2,0,-159.815,0.88762,2121.06,21.8986,3603.71
1050,100,0.1,0.2,100,1,500,16,7,0.1,0.5,2.5,1,3,3,0,0.836292,0.994993,2.15922,0.975755,238.392
1051,100,0.1,0.2,100,1,500,16,7,0.1,0.5,2.5,1,0,1,0,-2335.01,0.907357,22517.1,14.9467,6722.07
1051,100,0.1,0.2,100,1,500,16,7,0.1,0.5,2.5,1,0,2,0,-3.80946,0.98301,46.3589,2.74109,6794.45
1051,100,0.1,0.2,100,1,500,16,7,0.1,0.5,2.5,1,0,3,0,0.804058,0.994124,1.88871,0.948013,239.272
1052,100,0.1,0.2,100,1,500,16,7,0.1,0.5,2.5,1,2,1,0,-202.098,0.978807,1119.67,3.08476,8193.48
1052,100,0.1,0.2,100,1,500,16,7,0.1,0.5,2.5,1,2,2,0,-206.495,0.924769,1143.9,10.9501,6509.49
1052,100,0.1,0.2,100,1,500,16,7,0.1,0.5,2.5,1,2,3,0,0.765805,0.993659,1.2911,0.923008,246.543
1053,100,0.1,0.2,100,1,500,16,7,0.1,0.5,2.5,0,1,1,0,-252.681,0.951574,724.94,3.41883,3188.39
1053,100,0.1,0.2,100,1,500,16,7,0.1,0.5,2.5,0,1,2,0,-44264,0.925472,126495,5.26162,3251.8
1053,100,0.1,0.2,100,1,500,16,7,0.1,0.5,2.5,0,1,3,0,0.567815,0.986759,1.23505,0.934809,208.066
1054,100,0.1,0.2,100,1,500,16,7,0.1,0.5,2.5,0,3,1,0,-737.602,0.92926,2408.02,4.77693,3381.61
1054,100,0.1,0.2,100,1,500,16,7,0.1,0.5,2.5,0,3,2,0,-26.7825,0.912331,90.5776,5.9201,3306.7
1054,100,0.1,0.2,100,1,500,16,7,0.1,0.5,2.5,0,3,3,0,0.568222,0.985598,1.4077,0.972526,211.794
1055,100,0.1,0.2,100,1,500,16,7,0.1,0.5,2.5,0,0,1,0,-24.3633,0.937798,111.745,4.42596,5857.43
1055,100,0.1,0.2,100,1,500,16,7,0.1,0.5,2.5,0,0,2,0,-6.69592,0.956699,33.9065,3.08105,7884.32
1055,100,0.1,0.2,100,1,500,16,7,0.1,0.5,2.5,0,0,3,0,0.592684,0.985893,1.79454,1.00374,259.22
1056,100,0.1,0.2,100,1,500,16,7,0.1,0.5,2.5,0,2,1,0,-10.8442,0.933018,48.1333,4.64498,6197.58
1056,100,0.1,0.2,100,1,500,16,7,0.1,0.5,2.5,0,2,2,0,-1031.25,0.969022,4194.94,2.14821,6200.7
1056,100,0.1,0.2,100,1,500,16,7,0.1,0.5,2.5,0,2,3,0,0.602081,0.985004,1.6171,1.03989,221.613
1057,100,0.1,0.2,100,1,500,16,7,0.3,0,2.5,1,1,1,0,-43.8366,0.930064,38.0351,0.876127,2719.24
1057,100,0.1,0.2,100,1,500,16,7,0.3,0,2.5,1,1,2,0,-1.59303,0.93541,2.19968,0.809147,2590.71
1057,100,0.1,0.2,100,1,500,16,7,0.3,0,2.5,1,1,3,0,0.0645447,0.941188,0.793551,0.736766,165.832
1058,100,0.1,0.2,100,1,500,16,7,0.3,0,2.5,1,3,1,0,-6.06332,0.936345,5.78922,0.814333,2658.67
1058,100,0.1,0.2,100,1,500,16,7,0.3,0,2.5,1,3,2,0,-24.5217,0.932982,20.918,0.857366,2680.03
1058,100,0.1,0.2,100,1,500,16,7,0.3,0,2.5,1,3,3,0,0.084592,0.946609,0.750284,0.683028,138.11
1059,100,0.1,0.2,100,1,500,16,7,0.3,0,2.5,1,0,1,0,-45.2508,0.927138,35.235,0.942814,4686.32
1059,100,0.1,0.2,100,1,500,16,7,0.3,0,2.5,1,0,2,0,-199.076,0.945289,152.423,0.707937,6374.94
1059,100,0.1,0.2,100,1,500,16,7,0.3,0,2.5,1,0,3,0,0.0802416,0.949926,0.700694,0.647943,137.215
1060,100,0.1,0.2,100,1,500,16,7,0.3,0,2.5,1,2,1,0,-22.8661,0.926396,20.6136,0.963028,4660.61
1060,100,0.1,0.2,100,1,500,16,7,0.3,0,2.5,1,2,2,0,-116.893,0.924023,101.826,0.994082,4532.4
1060,100,0.1,0.2,100,1,500,16,7,0.3,0,2.5,1,2,3,0,0.0973517,0.946657,0.779634,0.697938,164.697
1061,100,0.1,0.2,100,1,500,16,7,0.3,0,2.5,0,1,1,0,-64.1944,0.940579,54.5298,0.745128,2780.97
1061,100,0.1,0.2,100,1,500,16,7,0.3,0,2.5,0,1,2,0,-7.93934,0.944649,7.47703,0.694087,2601.77
1061,100,0.1,0.2,100,1,500,16,7,0.3,0,2.5,0,1,3,0,0.0747276,0.94229,0.773915,0.723665,162.836
1062,100,0.1,0.2,100,1,500,16,7,0.3,0,2.5,0,3,1,0,-120.264,0.912428,100.491,1.1386,2505.33
1062,100,0.1,0.2,100,1,500,16,7,0.3,0,2.5,0,3,2,0,-105.525,0.927252,88.2774,0.945863,2724.35
1062,100,0.1,0.2,100,1,500,16,7,0.3,0,2.5,0,3,3,0,0.0816216,0.947498,0.761058,0.682628,141.577
1063,100,0.1,0.2,100,1,500,16,7,0.3,0,2.5,0,0,1,0,-8.38733,0.947338,7.18891,0.656897,4832.8
1063,100,0.1,0.2,100,1,500,16,7,0.3,0,2.5,0,0,2,0,-5.12793,0.939333,4.69283,0.756749,6412.14
1063,100,0.1,0.2,100,1,500,16,7,0.3,0,2.5,0,0,3,0,0.110752,0.95031,0.680995,0.619825,167.384
1064,100,0.1,0.2,100,1,500,16,7,0.3,0,2.5,0,2,1,0,-11.4143,0.939622,9.07959,0.756866,4768.77
1064,100,0.1,0.2,100,1,500,16,7,0.3,0,2.5,0,2,2,0,-206.972,0.927107,152.107,0.913745,4533.68
1064,100,0.1,0.2,100,1,500,16,7,0.3,0,2.5,0,2,3,0,0.0553432,0.947786,0.690904,0.654523,133.373
1065,100,0.1,0.2,100,1,500,16,7,0.3,0.1,2.5,1,1,1,0,-73.9277,0.934553,209.576,3.24566,2827.05
1065,100,0.1,0.2,100,1,500,16,7,0.3,0.1,2.5,1,1,2,0,-6.21989,0.933491,20.1943,3.29833,2699.69
1065,100,0.1,0.2,100,1,500,16,7,0.3,0.1,2.5,1,1,3,0,0.477562,0.979584,1.46128,1.01246,230.533
1066,100,0.1,0.2,100,1,500,16,7,0.3,0.1,2.5,1,3,1,0,-25.8185,0.921782,65.3435,4.0949,2766.85
1066,100,0.1,0.2,100,1,500,16,7,0.3,0.1,2.5,1,3,2,0,-84.9088,0.94398,209.318,2.93278,2700.36
1066,100,0.1,0.2,100,1,500,16,7,0.3,0.1,2.5,1,3,3,0,0.422464,0.979887,1.40717,1.05299,251.337
1067,100,0.1,0.2,100,1,500,16,7,0.3,0.1,2.5,1,0,1,0,-6.35363,0.942105,30.5974,3.12196,5212.19
1067,100,0.1,0.2,100,1,500,16,7,0.3,0.1,2.5,1,0,2,0,-43.2343,0.961518,184.053,2.0751,6989.14
1067,100,0.1,0.2,100,1,500,16,7,0.3,0.1,2.5,1,0,3,0,0.390105,0.967355,2.53769,1.76034,496.961
1068,100,0.1,0.2,100,1,500,16,7,0.3,0.1,2.5,1,2,1,0,-61.2347,0.961815,240.724,2.07857,5451.47
1068,100,0.1,0.2,100,1,500,16,7,0.3,0.1,2.5,1,2,2,0,-89.4149,0.950482,349.724,2.69544,5013
1068,100,0.1,0.2,100,1,500,16,7,0.3,0.1,2.5,1,2,3,0,0.544898,0.979764,1.76033,1.10154,261.701
1069,100,0.1,0.2,100,1,500,16,7,0.3,0.1,2.5,0,1,1,0,-6.21423,0.946506,13.036,1.42703,2817.21
1069,100,0.1,0.2,100,1,500,16,7,0.3,0.1,2.5,0,1,2,0,-3459.3,0.941256,6252.69,1.56708,2737.82
1069,100,0.1,0.2,100,1,500,16,7,0.3,0.1,2.5,0,1,3,0,0.15135,0.947612,1.5335,1.39754,235.23
1070,100,0.1,0.2,100,1,500,16,7,0.3,0.1,2.5,0,3,1,0,-8.1973,0.946612,13.3159,1.45731,2804.33
1070,100,0.1,0.2,100,1,500,16,7,0.3,0.1,2.5,0,3,2,0,-423.655,0.933931,614.82,1.80346,2675.74
1070,100,0.1,0.2,100,1,500,16,7,0.3,0.1,2.5,0,3,3,0,0.0694174,0.953436,1.34731,1.27104,188.118
1071,100,0.1,0.2,100,1,500,16,7,0.3,0.1,2.5,0,0,1,0,-32.8538,0.934738,58.7334,1.58678,4766.49
1071,100,0.1,0.2,100,1,500,16,7,0.3,0.1,2.5,0,0,2,0,-33.2658,0.948144,59.4483,1.26082,6918.8
1071,100,0.1,0.2,100,1,500,16,7,0.3,0.1,2.5,0,0,3,0,-0.0206384,0.92838,1.77072,1.74135,205.122
1072,100,0.1,0.2,100,1,500,16,7,0.3,0.1,2.5,0,2,1,0,-10.0362,0.930711,18.8978,1.94463,4976.15
1072,100,0.1,0.2,100,1,500,16,7,0.3,0.1,2.5,0,2,2,0,-7.61345,0.920993,14.7492,2.21736,4666.49
1072,100,0.1,0.2,100,1,500,16,7,0.3,0.1,2.5,0,2,3,0,0.14495,0.953495,1.46414,1.30519,254.451
1073,100,0.1,0.2,100,1,500,16,7,0.3,0.3,2.5,1,1,1,0,-0.908342,0.97647,16.6404,2.88326,3359.07
1073,100,0.1,0.2,100,1,500,16,7,0.3,0.3,2.5,1,1,2,0,-17.5393,0.932163,161.659,8.31258,3366.28
1073,100,0.1,0.2,100,1,500,16,7,0.3,0.3,2.5,1,1,3,0,0.672536,0.990186,2.85542,1.20261,323.083
1074,100,0.1,0.2,100,1,500,16,7,0.3,0.3,2.5,1,3,1,0,-32.2508,0.949965,256.647,6.49882,3409.23
1074,100,0.1,0.2,100,1,500,16,7,0.3,0.3,2.5,1,3,2,0,-21.1774,0.963961,171.177,4.681,3154.12
1074,100,0.1,0.2,100,1,500,16,7,0.3,0.3,2.5,1,3,3,0,0.778952,0.992653,1.70617,0.954231,247.24
1075,100,0.1,0.2,100,1,500,16,7,0.3,0.3,2.5,1,0,1,0,-4.39443,0.93946,34.0209,7.56639,6153.85
1075,100,0.1,0.2,100,1,500,16,7,0.3,0.3,2.5,1,0,2,0,-21.6576,0.92122,142.894,9.84607,8425.33
1075,100,0.1,0.2,100,1,500,16,7,0.3,0.3,2.5,1,0,3,0,0.739838,0.992204,1.64076,0.974309,240.694
1076,100,0.1,0.2,100,1,500,16,7,0.3,0.3,2.5,1,2,1,0,-30.7836,0.970693,136.609,3.31827,6030.11
1076,100,0.1,0.2,100,1,500,16,7,0.3,0.3,2.5,1,2,2,0,-1492.71,0.918413,6420.09,9.23761,5838.51
1076,100,0.1,0.2,100,1,500,16,7,0.3,0.3,2.5,1,2,3,0,0.665058,0.99089,1.43961,1.03142,205.094
1077,100,0.1,0.2,100,1,500,16,7,0.3,0.3,2.5,0,1,1,0,-61.3827,0.93969,187.22,2.74589,2831.51
1077,100,0.1,0.2,100,1,500,16,7,0.3,0.3,2.5,0,1,2,0,-26.5058,0.949377,82.5491,2.30485,2900.76
1077,100,0.1,0.2,100,1,500,16,7,0.3,0.3,2.5,0,1,3,0,0.315349,0.968516,2.05474,1.43347,240.423
1078,100,0.1,0.2,100,1,500,16,7,0.3,0.3,2.5,0,3,1,0,-7.44412,0.957036,23.4008,1.84814,2972.48
1078,100,0.1,0.2,100,1,500,16,7,0.3,0.3,2.5,0,3,2,0,-395.43,0.940702,1098.61,2.55081,3019.88
1078,100,0.1,0.2,100,1,500,16,7,0.3,0.3,2.5,0,3,3,0,0.312558,0.969361,1.90508,1.318,263.928
1079,100,0.1,0.2,100,1,500,16,7,0.3,0.3,2.5,0,0,1,0,-466.69,0.965195,1593.62,1.74263,5804.98
1079,100,0.1,0.2,100,1,500,16,7,0.3,0.3,2.5,0,0,2,0,-113.12,0.918683,388.855,4.07146,5740.99
1079,100,0.1,0.2,100,1,500,16,7,0.3,0.3,2.5,0,0,3,0,0.364165,0.969981,2.16656,1.50303,302.24
1080,100,0.1,0.2,100,1,500,16,7,0.3,0.3,2.5,0,2,1,0,-29.8772,0.957578,97.2215,2.15027,7877.81
1080,100,0.1,0.2,100,1,500,16,7,0.3,0.3,2.5,0,2,2,0,-1147.91,0.960677,3617.51,1.99316,6309.35
1080,100,0.1,0.2,100,1,500,16,7,0.3,0.3,2.5,0,2,3,0,0.408957,0.976928,1.86099,1.16944,275.747
1081,100,0.1,0.2,100,1,500,16,7,0.3,0.5,2.5,1,1,1,0,-36.6579,0.985617,323.204,2.43433,3589.01
1081,100,0.1,0.2,100,1,500,16,7,0.3,0.5,2.5,1,1,2,0,-37.7693,0.941193,332.743,9.9534,3409.81
1081,100,0.1,0.2,100,1,500,16,7,0.3,0.5,2.5,1,1,3,0,0.794669,0.993747,1.76228,1.05836,207.65
1082,100,0.1,0.2,100,1,500,16,7,0.3,0.5,2.5,1,3,1,0,-286053,0.928073,3.71496e+06,11.5226,3413.94
1082,100,0.1,0.2,100,1,500,16,7,0.3,0.5,2.5,1,3,2,0,-129.23,0.953584,1691.29,7.43582,3537.38
1082,100,0.1,0.2,100,1,500,16,7,0.3,0.5,2.5,1,3,3,0,0.753913,0.99278,3.19591,1.1567,292.143
1083,100,0.1,0.2,100,1,500,16,7,0.3,0.5,2.5,1,0,1,0,-52.5128,0.952262,328.651,8.76239,6523.05
1083,100,0.1,0.2,100,1,500,16,7,0.3,0.5,2.5,1,0,2,0,-11.4192,0.99102,76.2733,1.64835,8071.89
1083,100,0.1,0.2,100,1,500,16,7,0.3,0.5,2.5,1,0,3,0,0.792502,0.994799,1.27436,0.954562,188.391
1084,100,0.1,0.2,100,1,500,16,7,0.3,0.5,2.5,1,2,1,0,-22.6023,0.963051,376.236,7.62286,6588.21
1084,100,0.1,0.2,100,1,500,16,7,0.3,0.5,2.5,1,2,2,0,-22.8869,0.948544,380.773,10.6157,6527.02
1084,100,0.1,0.2,100,1,500,16,7,0.3,0.5,2.5,1,2,3,0,0.823451,0.994851,2.8143,1.06232,266.129
1085,100,0.1,0.2,100,1,500,16,7,0.3,0.5,2.5,0,1,1,0,-11.1145,0.954781,47.8717,3.16586,3237.31
1085,100,0.1,0.2,100,1,500,16,7,0.3,0.5,2.5,0,1,2,0,-0.0533982,0.968575,4.16263,2.20011,3289.03
1085,100,0.1,0.2,100,1,500,16,7,0.3,0.5,2.5,0,1,3,0,0.593012,0.985681,1.60826,1.00247,220.15
1086,100,0.1,0.2,100,1,500,16,7,0.3,0.5,2.5,0,3,1,0,-107.018,0.929819,521.005,4.84539,3401.69
1086,100,0.1,0.2,100,1,500,16,7,0.3,0.5,2.5,0,3,2,0,-1058.49,0.936879,5110.25,4.35795,3421.71
1086,100,0.1,0.2,100,1,500,16,7,0.3,0.5,2.5,0,3,3,0,0.509425,0.981769,2.3662,1.25872,296.185
1087,100,0.1,0.2,100,1,500,16,7,0.3,0.5,2.5,0,0,1,0,-6.01128,0.971009,34.9573,2.21231,7572.36
1087,100,0.1,0.2,100,1,500,16,7,0.3,0.5,2.5,0,0,2,0,-19.0341,0.957444,99.8876,3.24752,5833.52
1087,100,0.1,0.2,100,1,500,16,7,0.3,0.5,2.5,0,0,3,0,0.609115,0.986639,1.9489,1.01957,241.081
1088,100,0.1,0.2,100,1,500,16,7,0.3,0.5,2.5,0,2,1,0,-27.929,0.927063,133.442,4.57915,5739.68
1088,100,0.1,0.2,100,1,500,16,7,0.3,0.5,2.5,0,2,2,0,-42.5122,0.920843,200.71,4.96964,5861.25
1088,100,0.1,0.2,100,1,500,16,7,0.3,0.5,2.5,0,2,3,0,0.468689,0.979556,2.45079,1.28355,246.098
1089,100,0.1,0.2,100,1,500,16,7,0.5,0,2.5,1,1,1,0,-11.0003,0.934452,17.0261,1.49524,3003.08
1089,100,0.1,0.2,100,1,500,16,7,0.5,0,2.5,1,1,2,0,-388.375,0.950194,552.447,1.13614,3203.69
1089,100,0.1,0.2,100,1,500,16,7,0.5,0,2.5,1,1,3,0,0.0984123,0.949858,1.27918,1.1438,195.296
1090,100,0.1,0.2,100,1,500,16,7,0.5,0,2.5,1,3,1,0,-10.602,0.944257,15.5293,1.23543,2948.13
1090,100,0.1,0.2,100,1,500,16,7,0.5,0,2.5,1,3,2,0,-266.874,0.944597,358.551,1.22787,4504.46
1090,100,0.1,0.2,100,1,500,16,7,0.5,0,2.5,1,3,3,0,0.0919245,0.95008,1.21546,1.10636,208.386
1091,100,0.1,0.2,100,1,500,16,7,0.5,0,2.5,1,0,1,0,-1239.26,0.918241,1811.09,1.81987,5545.08
1091,100,0.1,0.2,100,1,500,16,7,0.5,0,2.5,1,0,2,0,-12.7533,0.924415,20.0833,1.68244,4953.71
1091,100,0.1,0.2,100,1,500,16,7,0.5,0,2.5,1,0,3,0,0.102169,0.946668,1.31106,1.18711,182.057
1092,100,0.1,0.2,100,1,500,16,7,0.5,0,2.5,1,2,1,0,-59.5722,0.941928,77.8009,1.32256,5319.68
1092,100,0.1,0.2,100,1,500,16,7,0.5,0,2.5,1,2,2,0,-60.1036,0.947291,78.4835,1.20042,5629.46
1092,100,0.1,0.2,100,1,500,16,7,0.5,0,2.5,1,2,3,0,0.101403,0.953617,1.15419,1.05636,193.832
1093,100,0.1,0.2,100,1,500,16,7,0.5,0,2.5,0,1,1,0,-27.1726,0.93017,33.0461,1.58521,2915.58
1093,100,0.1,0.2,100,1,500,16,7,0.5,0,2.5,0,1,2,0,-14.4864,0.926982,18.1654,1.65759,2930.7
1093,100,0.1,0.2,100,1,500,16,7,0.5,0,2.5,0,1,3,0,0.0769718,0.955483,1.0827,1.01058,165.672
1094,100,0.1,0.2,100,1,500,16,7,0.5,0,2.5,0,3,1,0,-14.5629,0.935897,19.4248,1.46061,4302.8
1094,100,0.1,0.2,100,1,500,16,7,0.5,0,2.5,0,3,2,0,-6.56001,0.93291,9.436,1.52867,2963.27
1094,100,0.1,0.2,100,1,500,16,7,0.5,0,2.5,0,3,3,0,0.0751437,0.951995,1.15436,1.09381,193.303
1095,100,0.1,0.2,100,1,500,16,7,0.5,0,2.5,0,0,1,0,-67.1438,0.927318,86.7433,1.65034,5406.98
1095,100,0.1,0.2,100,1,500,16,7,0.5,0,2.5,0,0,2,0,-31.3219,0.915537,41.144,1.91785,5192.72
1095,100,0.1,0.2,100,1,500,16,7,0.5,0,2.5,0,0,3,0,0.0932744,0.95299,1.15421,1.06743,198.562
1096,100,0.1,0.2,100,1,500,16,7,0.5,0,2.5,0,2,1,0,-16.3544,0.928594,26.9144,1.61355,5086.39
1096,100,0.1,0.2,100,1,500,16,7,0.5,0,2.5,0,2,2,0,-172.498,0.930879,269.073,1.5619,5420.16
1096,100,0.1,0.2,100,1,500,16,7,0.5,0,2.5,0,2,3,0,0.0463611,0.940275,1.47897,1.3496,249.735
1097,100,0.1,0.2,100,1,500,16,7,0.5,0.1,2.5,1,1,1,0,-7.60302,0.957977,38.4949,2.52093,3285.61
1097,100,0.1,0.2,100,1,500,16,7,0.5,0.1,2.5,1,1,2,0,-63.1482,0.956026,287.036,2.63796,4700.73
1097,100,0.1,0.2,100,1,500,16,7,0.5,0.1,2.5,1,1,3,0,0.514252,0.97997,2.17352,1.20158,274.348
1098,100,0.1,0.2,100,1,500,16,7,0.5,0.1,2.5,1,3,1,0,-6.12283,0.918859,34.3707,4.92801,3303.43
1098,100,0.1,0.2,100,1,500,16,7,0.5,0.1,2.5,1,3,2,0,-23.1679,0.961522,116.62,2.33689,3216.31
1098,100,0.1,0.2,100,1,500,16,7,0.5,0.1,2.5,1,3,3,0,0.434314,0.97338,2.72968,1.61674,275.604
1099,100,0.1,0.2,100,1,500,16,7,0.5,0.1,2.5,1,0,1,0,-10.8184,0.95004,44.6495,3.14175,5384.19
1099,100,0.1,0.2,100,1,500,16,7,0.5,0.1,2.5,1,0,2,0,-606.811,0.969133,2296.29,1.94107,5498.42
1099,100,0.1,0.2,100,1,500,16,7,0.5,0.1,2.5,1,0,3,0,0.549675,0.982166,1.70132,1.1215,241.685
1100,100,0.1,0.2,100,1,500,16,7,0.5,0.1,2.5,1,2,1,0,-6303.57,0.94443,14883.1,3.35891,5590.3
1100,100,0.1,0.2,100,1,500,16,7,0.5,0.1,2.5,1,2,2,0,-2838.86,0.904897,6704.03,5.7485,5572.14
1100,100,0.1,0.2,100,1,500,16,7,0.5,0.1,2.5,1,2,3,0,0.461437,0.983125,1.27138,1.02002,187.671
1101,100,0.1,0.2,100,1,500,16,7,0.5,0.1,2.5,0,1,1,0,-4.79964,0.949046,10.8834,1.82485,4468.79
1101,100,0.1,0.2,100,1,500,16,7,0.5,0.1,2.5,0,1,2,0,-10.8727,0.915019,22.2799,3.04348,3105.03
1101,100,0.1,0.2,100,1,500,16,7,0.5,0.1,2.5,0,1,3,0,0.356783,0.974628,1.20704,0.908679,193.543
1102,100,0.1,0.2,100,1,500,16,7,0.5,0.1,2.5,0,3,1,0,-7.18291,0.937144,17.3091,2.20779,2951.44
1102,100,0.1,0.2,100,1,500,16,7,0.5,0.1,2.5,0,3,2,0,-36.9867,0.945548,80.3521,1.9126,2943.13
1102,100,0.1,0.2,100,1,500,16,7,0.5,0.1,2.5,0,3,3,0,0.323961,0.968919,1.43,1.09171,180.548
1103,100,0.1,0.2,100,1,500,16,7,0.5,0.1,2.5,0,0,1,0,-71.1092,0.934085,128.11,2.3341,5087.59
1103,100,0.1,0.2,100,1,500,16,7,0.5,0.1,2.5,0,0,2,0,-95.946,0.960265,172.236,1.40705,5098.56
1103,100,0.1,0.2,100,1,500,16,7,0.5,0.1,2.5,0,0,3,0,0.255757,0.969437,1.32223,1.08224,226.013
1104,100,0.1,0.2,100,1,500,16,7,0.5,0.1,2.5,0,2,1,0,-56.5903,0.938461,116.933,2.28122,5440.31
1104,100,0.1,0.2,100,1,500,16,7,0.5,0.1,2.5,0,2,2,0,-3778.21,0.964545,7673.4,1.31431,5349.11
1104,100,0.1,0.2,100,1,500,16,7,0.5,0.1,2.5,0,2,3,0,0.320119,0.969786,1.38045,1.12004,224.77
1105,100,0.1,0.2,100,1,500,16,7,0.5,0.3,2.5,1,1,1,0,-3546.33,0.973493,22862.7,3.79426,4903.39
1105,100,0.1,0.2,100,1,500,16,7,0.5,0.3,2.5,1,1,2,0,-21.9765,0.956668,148.085,6.20256,3519.91
1105,100,0.1,0.2,100,1,500,16,7,0.5,0.3,2.5,1,1,3,0,0.75823,0.99303,1.55822,0.997708,253.552
1106,100,0.1,0.2,100,1,500,16,7,0.5,0.3,2.5,1,3,1,0,-10571.5,0.940983,70172.8,7.30462,3278.26
1106,100,0.1,0.2,100,1,500,16,7,0.5,0.3,2.5,1,3,2,0,-9.04897,0.972276,66.6979,3.43145,3250.16
1106,100,0.1,0.2,100,1,500,16,7,0.5,0.3,2.5,1,3,3,0,0.718495,0.99129,1.86843,1.07809,244.376
1107,100,0.1,0.2,100,1,500,16,7,0.5,0.3,2.5,1,0,1,0,-26.9856,0.961388,197.88,4.64839,6258.45
1107,100,0.1,0.2,100,1,500,16,7,0.5,0.3,2.5,1,0,2,0,-10.7181,0.962995,82.8564,4.45497,6456.61
1107,100,0.1,0.2,100,1,500,16,7,0.5,0.3,2.5,1,0,3,0,0.773501,0.992391,1.60152,0.91604,208.39
1108,100,0.1,0.2,100,1,500,16,7,0.5,0.3,2.5,1,2,1,0,-6.57516,0.965465,75.2011,4.74414,7806.47
1108,100,0.1,0.2,100,1,500,16,7,0.5,0.3,2.5,1,2,2,0,-90.4356,0.98355,907.71,2.25972,6450.16
1108,100,0.1,0.2,100,1,500,16,7,0.5,0.3,2.5,1,2,3,0,0.727291,0.991561,2.70727,1.15935,278.855
1109,100,0.1,0.2,100,1,500,16,7,0.5,0.3,2.5,0,1,1,0,-7.2748,0.951656,36.8135,2.75002,3108.65
1109,100,0.1,0.2,100,1,500,16,7,0.5,0.3,2.5,0,1,2,0,-15.0171,0.930959,71.2579,3.92734,3008.24
1109,100,0.1,0.2,100,1,500,16,7,0.5,0.3,2.5,0,1,3,0,0.408744,0.975407,2.63042,1.39897,281.975
1110,100,0.1,0.2,100,1,500,16,7,0.5,0.3,2.5,0,3,1,0,-93.0265,0.948606,370.624,3.07847,3115.83
1110,100,0.1,0.2,100,1,500,16,7,0.5,0.3,2.5,0,3,2,0,-154.528,0.934034,613.043,3.95136,3025.84
1110,100,0.1,0.2,100,1,500,16,7,0.5,0.3,2.5,0,3,3,0,0.5173,0.981147,1.90266,1.12929,252.092
1111,100,0.1,0.2,100,1,500,16,7,0.5,0.3,2.5,0,0,1,0,-206.425,0.960165,601.511,2.2532,6026.37
1111,100,0.1,0.2,100,1,500,16,7,0.5,0.3,2.5,0,0,2,0,-52.1482,0.972089,154.125,1.57874,6004.3
1111,100,0.1,0.2,100,1,500,16,7,0.5,0.3,2.5,0,0,3,0,0.441203,0.979871,1.62046,1.13855,216.499
1112,100,0.1,0.2,100,1,500,16,7,0.5,0.3,2.5,0,2,1,0,-98.493,0.95841,261.981,2.43727,7471.25
1112,100,0.1,0.2,100,1,500,16,7,0.5,0.3,2.5,0,2,2,0,-3190.38,0.952127,8403.4,2.80546,5780.06
1112,100,0.1,0.2,100,1,500,16,7,0.5,0.3,2.5,0,2,3,0,0.479999,0.982166,1.36925,1.04515,196.838
1113,100,0.1,0.2,100,1,500,16,7,0.5,0.5,2.5,1,1,1,0,-74.4232,0.974725,760.593,5.51048,3664.12
1113,100,0.1,0.2,100,1,500,16,7,0.5,0.5,2.5,1,1,2,0,-24.8884,0.983478,261.067,3.60209,3569.8
1113,100,0.1,0.2,100,1,500,16,7,0.5,0.5,2.5,1,1,3,0,0.840004,0.995523,1.61345,0.976107,227.053
1114,100,0.1,0.2,100,1,500,16,7,0.5,0.5,2.5,1,3,1,0,-14.7098,0.972791,90.4199,5.82076,3842.95
1114,100,0.1,0.2,100,1,500,16,7,0.5,0.5,2.5,1,3,2,0,-27.6122,0.962186,164.682,8.08945,3399.95
1114,100,0.1,0.2,100,1,500,16,7,0.5,0.5,2.5,1,3,3,0,0.791356,0.995679,1.20088,0.924331,201.78
1115,100,0.1,0.2,100,1,500,16,7,0.5,0.5,2.5,1,0,1,0,-5.10027,0.961073,56.4519,8.61017,8183.94
1115,100,0.1,0.2,100,1,500,16,7,0.5,0.5,2.5,1,0,2,0,0.312914,0.987883,6.35829,2.68003,6871.48
1115,100,0.1,0.2,100,1,500,16,7,0.5,0.5,2.5,1,0,3,0,0.839051,0.995477,1.48942,1.00044,207.661
1116,100,0.1,0.2,100,1,500,16,7,0.5,0.5,2.5,1,2,1,0,-7.27501,0.986347,140.217,2.88283,6531.38
1116,100,0.1,0.2,100,1,500,16,7,0.5,0.5,2.5,1,2,2,0,-4.7661,0.981976,97.7041,3.80588,6572.05
1116,100,0.1,0.2,100,1,500,16,7,0.5,0.5,2.5,1,2,3,0,0.840463,0.995413,2.70329,0.968632,261.658
1117,100,0.1,0.2,100,1,500,16,7,0.5,0.5,2.5,0,1,1,0,-115.093,0.937471,553.187,4.21047,3166.46
1117,100,0.1,0.2,100,1,500,16,7,0.5,0.5,2.5,0,1,2,0,-8.7189,0.95415,46.311,3.08742,3410.32
1117,100,0.1,0.2,100,1,500,16,7,0.5,0.5,2.5,0,1,3,0,0.433081,0.979957,2.7014,1.34963,261.506
1118,100,0.1,0.2,100,1,500,16,7,0.5,0.5,2.5,0,3,1,0,-8.70171,0.945436,49.2225,4.91213,3495.83
1118,100,0.1,0.2,100,1,500,16,7,0.5,0.5,2.5,0,3,2,0,-60.2163,0.920286,310.587,7.17622,4744.67
1118,100,0.1,0.2,100,1,500,16,7,0.5,0.5,2.5,0,3,3,0,0.650477,0.98766,1.77334,1.11091,252.018
1119,100,0.1,0.2,100,1,500,16,7,0.5,0.5,2.5,0,0,1,0,-67.2223,0.956709,291.429,2.9955,5784.29
1119,100,0.1,0.2,100,1,500,16,7,0.5,0.5,2.5,0,0,2,0,-120.262,0.948426,518.001,3.56861,5661.52
1119,100,0.1,0.2,100,1,500,16,7,0.5,0.5,2.5,0,0,3,0,0.5367,0.982796,1.97911,1.1904,229.404
1120,100,0.1,0.2,100,1,500,16,7,0.5,0.5,2.5,0,2,1,0,-6.49753,0.960799,36.6825,2.85503,6068.63
1120,100,0.1,0.2,100,1,500,16,7,0.5,0.5,2.5,0,2,2,0,-54.4208,0.968378,271.153,2.30308,5769.97
1120,100,0.1,0.2,100,1,500,16,7,0.5,0.5,2.5,0,2,3,0,0.562031,0.984841,2.14282,1.10405,252.14
1121,100,0.1,0.2,100,1,500,16,15,0,0,2.5,1,1,1,0,1,1,7.27928e-27,-1.86856e-15,177.66
1121,100,0.1,0.2,100,1,500,16,15,0,0,2.5,1,1,2,0,1,1,7.27928e-27,-1.86856e-15,175.45
1121,100,0.1,0.2,100,1,500,16,15,0,0,2.5,1,1,3,0,1,1,8.09017e-23,1.48179e-15,170.8
1122,100,0.1,0.2,100,1,500,16,15,0,0,2.5,1,3,1,0,1,1,4.09578e-27,-1.98597e-15,173.616
1122,100,0.1,0.2,100,1,500,16,15,0,0,2.5,1,3,2,0,1,1,4.09578e-27,-1.98597e-15,178.719
1122,100,0.1,0.2,100,1,500,16,15,0,0,2.5,1,3,3,0,1,1,3.29318e-18,-6.69242e-16,140.712
1123,100,0.1,0.2,100,1,500,16,15,0,0,2.5,1,0,1,0,1,1,1.86437e-29,-2.78877e-15,639.515
1123,100,0.1,0.2,100,1,500,16,15,0,0,2.5,1,0,2,0,1,1,3.40917e-29,-1.20182e-15,636.323
1123,100,0.1,0.2,100,1,500,16,15,0,0,2.5,1,0,3,0,1,1,1.07703e-17,7.20424e-16,112.229
1124,100,0.1,0.2,100,1,500,16,15,0,0,2.5,1,2,1,0,1,1,1.43889e-28,-1.0885e-15,595.831
1124,100,0.1,0.2,100,1,500,16,15,0,0,2.5,1,2,2,0,1,1,1.22614e-27,-3.46975e-15,568.819
1124,100,0.1,0.2,100,1,500,16,15,0,0,2.5,1,2,3,0,1,1,6.69307e-17,-7.62251e-16,108.158
1125,100,0.1,0.2,100,1,500,16,15,0,0,2.5,0,1,1,0,1,1,4.18958e-29,-1.37673e-15,168.424
1125,100,0.1,0.2,100,1,500,16,15,0,0,2.5,0,1,2,0,1,1,4.18958e-29,-1.37673e-15,165.727
1125,100,0.1,0.2,100,1,500,16,15,0,0,2.5,0,1,3,0,1,1,1.95022e-21,-1.32431e-15,117.942
1126,100,0.1,0.2,100,1,500,16,15,0,0,2.5,0,3,1,0,1,1,8.1888e-30,-1.92901e-15,165.122
1126,100,0.1,0.2,100,1,500,16,15,0,0,2.5,0,3,2,0,1,1,8.1888e-30,-1.92901e-15,166.188
1126,100,0.1,0.2,100,1,500,16,15,0,0,2.5,0,3,3,0,1,1,4.21018e-23,-5.30243e-16,107.589
1127,100,0.1,0.2,100,1,500,16,15,0,0,2.5,0,0,1,0,1,1,4.34881e-30,-4.23786e-15,611.199
1127,100,0.1,0.2,100,1,500,16,15,0,0,2.5,0,0,2,0,1,1,3.83156e-30,-7.7429e-16,609.516
1127,100,0.1,0.2,100,1,500,16,15,0,0,2.5,0,0,3,0,1,1,2.21534e-24,3.22114e-16,107.093
1128,100,0.1,0.2,100,1,500,16,15,0,0,2.5,0,2,1,0,1,1,4.04128e-30,-2.94009e-15,570.274
1128,100,0.1,0.2,100,1,500,16,15,0,0,2.5,0,2,2,0,1,1,8.3933e-30,-4.49885e-15,569.885
1128,100,0.1,0.2,100,1,500,16,15,0,0,2.5,0,2,3,0,1,1,1.09217e-21,-1.39955e-15,115.472
1129,100,0.1,0.2,100,1,500,16,15,0,0.1,2.5,1,1,1,0,-680.687,0.641622,770.8,8.4375,109.057
1129,100,0.1,0.2,100,1,500,16,15,0,0.1,2.5,1,1,2,0,-680.687,0.641622,770.8,8.4375,113.212
1129,100,0.1,0.2,100,1,500,16,15,0,0.1,2.5,1,1,3,0,0.0901952,0.957495,1.02874,1.00071,197.13
1130,100,0.1,0.2,100,1,500,16,15,0,0.1,2.5,1,3,1,0,-49175.6,0.61501,45637.7,9.1875,110.989
1130,100,0.1,0.2,100,1,500,16,15,0,0.1,2.5,1,3,2,0,-49175.6,0.61501,45637.7,9.1875,115.921
1130,100,0.1,0.2,100,1,500,16,15,0,0.1,2.5,1,3,3,0,0.0156962,0.962245,0.913471,0.900999,140.844
1131,100,0.1,0.2,100,1,500,16,15,0,0.1,2.5,1,0,1,0,-77.1696,0.646866,116.698,8.0625,481.619
1131,100,0.1,0.2,100,1,500,16,15,0,0.1,2.5,1,0,2,0,-77.1696,0.646866,116.698,8.0625,470.868
1131,100,0.1,0.2,100,1,500,16,15,0,0.1,2.5,1,0,3,0,0.292889,0.957445,1.05564,0.971584,169.514
1132,100,0.1,0.2,100,1,500,16,15,0,0.1,2.5,1,2,1,0,-2119.46,0.665008,2113.46,7.5,486.74
1132,100,0.1,0.2,100,1,500,16,15,0,0.1,2.5,1,2,2,0,-2119.46,0.665008,2113.46,7.5,448.02
1132,100,0.1,0.2,100,1,500,16,15,0,0.1,2.5,1,2,3,0,0.0254149,0.957269,0.971366,0.956687,171.205
1133,100,0.1,0.2,100,1,500,16,15,0,0.1,2.5,0,1,1,0,-836.286,0.812559,848.656,3.47713,120.357
1133,100,0.1,0.2,100,1,500,16,15,0,0.1,2.5,0,1,2,0,-836.286,0.812559,848.656,3.47713,115.855
1133,100,0.1,0.2,100,1,500,16,15,0,0.1,2.5,0,1,3,0,0.0228822,0.948106,0.990387,0.962655,196.615
1134,100,0.1,0.2,100,1,500,16,15,0,0.1,2.5,0,3,1,0,-73.3406,0.832117,72.9018,2.97485,114.321
1134,100,0.1,0.2,100,1,500,16,15,0,0.1,2.5,0,3,2,0,-73.3406,0.832117,72.9018,2.97485,110.303
1134,100,0.1,0.2,100,1,500,16,15,0,0.1,2.5,0,3,3,0,0.100456,0.953391,0.882134,0.825895,167.753
1135,100,0.1,0.2,100,1,500,16,15,0,0.1,2.5,0,0,1,0,-512.648,0.84105,559.336,2.91083,460.633
1135,100,0.1,0.2,100,1,500,16,15,0,0.1,2.5,0,0,2,0,-512.648,0.84105,559.336,2.91083,469.346
1135,100,0.1,0.2,100,1,500,16,15,0,0.1,2.5,0,0,3,0,0.0279384,0.943664,1.05853,1.03167,137.744
1136,100,0.1,0.2,100,1,500,16,15,0,0.1,2.5,0,2,1,0,-18.0022,0.842904,22.3492,2.78975,440.626
1136,100,0.1,0.2,100,1,500,16,15,0,0.1,2.5,0,2,2,0,-18.0022,0.842904,22.3492,2.78975,436.462
1136,100,0.1,0.2,100,1,500,16,15,0,0.1,2.5,0,2,3,0,0.122271,0.946483,1.03233,0.950364,224.553
1137,100,0.1,0.2,100,1,500,16,15,0,0.3,2.5,1,1,1,0,-28.0335,0.35308,160.728,27.375,99.6637
1137,100,0.1,0.2,100,1,500,16,15,0,0.3,2.5,1,1,2,0,-28.0335,0.35308,160.728,27.375,187.689
1137,100,0.1,0.2,100,1,500,16,15,0,0.3,2.5,1,1,3,0,0.785001,0.977013,1.19023,0.972723,191.332
1138,100,0.1,0.2,100,1,500,16,15,0,0.3,2.5,1,3,1,0,-104.137,0.259172,328.889,28.875,188.659
1138,100,0.1,0.2,100,1,500,16,15,0,0.3,2.5,1,3,2,0,-104.137,0.259172,328.889,28.875,187.697
1138,100,0.1,0.2,100,1,500,16,15,0,0.3,2.5,1,3,3,0,0.639943,0.973878,1.12633,1.01816,190.265
1139,100,0.1,0.2,100,1,500,16,15,0,0.3,2.5,1,0,1,0,-23.747,0.971408,27.8291,1.1954,413.643
1139,100,0.1,0.2,100,1,500,16,15,0,0.3,2.5,1,0,2,0,-2441.39,0.345247,2746.57,27.375,420.305
1139,100,0.1,0.2,100,1,500,16,15,0,0.3,2.5,1,0,3,0,0.215762,0.980063,0.881911,0.833573,196.425
1140,100,0.1,0.2,100,1,500,16,15,0,0.3,2.5,1,2,1,0,0.310579,0.954001,3.98283,2.05838,407.431
1140,100,0.1,0.2,100,1,500,16,15,0,0.3,2.5,1,2,2,0,-21.0104,0.97096,127.155,1.29951,416.408
1140,100,0.1,0.2,100,1,500,16,15,0,0.3,2.5,1,2,3,0,0.793701,0.977832,1.1918,0.991987,201.915
1141,100,0.1,0.2,100,1,500,16,15,0,0.3,2.5,0,1,1,0,-13.4427,0.953466,13.9859,1.07428,290.628
1141,100,0.1,0.2,100,1,500,16,15,0,0.3,2.5,0,1,2,0,-9884.9,0.602609,9573.2,9.1742,199.047
1141,100,0.1,0.2,100,1,500,16,15,0,0.3,2.5,0,1,3,0,0.0288971,0.960644,0.940386,0.908574,142.243
1142,100,0.1,0.2,100,1,500,16,15,0,0.3,2.5,0,3,1,0,-2.29499e+06,0.594739,2.22792e+06,9.48536,198.086
1142,100,0.1,0.2,100,1,500,16,15,0,0.3,2.5,0,3,2,0,-2.29499e+06,0.594739,2.22792e+06,9.48536,98.7997
1142,100,0.1,0.2,100,1,500,16,15,0,0.3,2.5,0,3,3,0,0.0195019,0.960327,0.951842,0.928578,169.895
1143,100,0.1,0.2,100,1,500,16,15,0,0.3,2.5,0,0,1,0,-10.4476,0.944781,10.8317,1.40186,428.894
1143,100,0.1,0.2,100,1,500,16,15,0,0.3,2.5,0,0,2,0,-87.6349,0.95903,83.8663,1.04011,428.462
1143,100,0.1,0.2,100,1,500,16,15,0,0.3,2.5,0,0,3,0,0.0156376,0.964173,0.931403,0.909552,142.162
1144,100,0.1,0.2,100,1,500,16,15,0,0.3,2.5,0,2,1,0,-25.6026,0.957004,27.1501,1.04235,443.919
1144,100,0.1,0.2,100,1,500,16,15,0,0.3,2.5,0,2,2,0,-3804.35,0.599298,3883.67,9.71422,530.206
1144,100,0.1,0.2,100,1,500,16,15,0,0.3,2.5,0,2,3,0,0.0244606,0.959796,0.995617,0.974658,1870.5
1145,100,0.1,0.2,100,1,500,16,15,0,0.5,2.5,1,1,1,0,-4.21953,0.978639,8.1254,1.07866,634.503
1145,100,0.1,0.2,100,1,500,16,15,0,0.5,2.5,1,1,2,0,-0.606644,0.981224,2.50111,0.948133,372.454
1145,100,0.1,0.2,100,1,500,16,15,0,0.5,2.5,1,1,3,0,0.393671,0.98235,0.94389,0.891282,322.292
1146,100,0.1,0.2,100,1,500,16,15,0,0.5,2.5,1,3,1,0,-26.1564,0.981467,192.522,1.02327,675.673
1146,100,0.1,0.2,100,1,500,16,15,0,0.5,2.5,1,3,2,0,0.543216,0.982237,3.23832,0.980756,484.823
1146,100,0.1,0.2,100,1,500,16,15,0,0.5,2.5,1,3,3,0,0.81791,0.980251,1.29091,1.09044,361.42
1147,100,0.1,0.2,100,1,500,16,15,0,0.5,2.5,1,0,1,0,-2.60463,0.976936,3.38748,1.00898,719.373
1147,100,0.1,0.2,100,1,500,16,15,0,0.5,2.5,1,0,2,0,-2805.4,0.976116,2637.34,1.04485,647.826
1147,100,0.1,0.2,100,1,500,16,15,0,0.5,2.5,1,0,3,0,0.111174,0.9813,0.835281,0.818064,223.89
1148,100,0.1,0.2,100,1,500,16,15,0,0.5,2.5,1,2,1,0,-7.64563,0.976747,8.47131,1.09051,494.841
1148,100,0.1,0.2,100,1,500,16,15,0,0.5,2.5,1,2,2,0,-121.918,0.97465,120.44,1.18886,506.078
1148,100,0.1,0.2,100,1,500,16,15,0,0.5,2.5,1,2,3,0,0.0543792,0.981015,0.926555,0.890389,197.348
1149,100,0.1,0.2,100,1,500,16,15,0,0.5,2.5,0,1,1,0,-4.50392,0.964944,5.83952,1.05792,250.869
1149,100,0.1,0.2,100,1,500,16,15,0,0.5,2.5,0,1,2,0,-228.537,0.967246,243.532,0.98845,231.506
1149,100,0.1,0.2,100,1,500,16,15,0,0.5,2.5,0,1,3,0,0.0452435,0.967382,1.01297,0.984342,205.638
1150,100,0.1,0.2,100,1,500,16,15,0,0.5,2.5,0,3,1,0,-1.87703,0.962605,3.65614,1.12151,195.153
1150,100,0.1,0.2,100,1,500,16,15,0,0.5,2.5,0,3,2,0,-1.01137,0.963502,2.55606,1.09461,301.033
1150,100,0.1,0.2,100,1,500,16,15,0,0.5,2.5,0,3,3,0,0.217954,0.968254,0.993827,0.9521,178.584
1151,100,0.1,0.2,100,1,500,16,15,0,0.5,2.5,0,0,1,0,-463.314,0.956469,676.652,1.06835,470.3
1151,100,0.1,0.2,100,1,500,16,15,0,0.5,2.5,0,0,2,0,-3.22018,0.958005,6.15013,1.03067,449.246
1151,100,0.1,0.2,100,1,500,16,15,0,0.5,2.5,0,0,3,0,0.273694,0.959769,1.05846,0.987358,213.273
1152,100,0.1,0.2,100,1,500,16,15,0,0.5,2.5,0,2,1,0,-3.15636,0.946628,27.6058,1.75361,442.956
1152,100,0.1,0.2,100,1,500,16,15,0,0.5,2.5,0,2,2,0,0.308268,0.967246,4.59436,1.07618,429.122
1152,100,0.1,0.2,100,1,500,16,15,0,0.5,2.5,0,2,3,0,0.778892,0.96992,1.46856,0.988315,234.905
1153,100,0.1,0.2,100,1,500,16,15,0.1,0,2.5,1,1,1,0,-1.05272,0.940454,2.16358,0.930462,104.341
1153,100,0.1,0.2,100,1,500,16,15,0.1,0,2.5,1,1,2,0,-3.47742,0.960597,4.71923,0.615718,99.6961
1153,100,0.1,0.2,100,1,500,16,15,0.1,0,2.5,1,1,3,0,0.137272,0.965069,0.90932,0.545839,187.226
1154,100,0.1,0.2,100,1,500,16,15,0.1,0,2.5,1,3,1,0,-42.5975,0.926836,35.8854,1.10353,103.59
1154,100,0.1,0.2,100,1,500,16,15,0.1,0,2.5,1,3,2,0,-2.10144,0.948999,2.55281,0.769237,106.37
1154,100,0.1,0.2,100,1,500,16,15,0.1,0,2.5,1,3,3,0,0.447031,0.985473,0.455152,0.219114,144.311
1155,100,0.1,0.2,100,1,500,16,15,0.1,0,2.5,1,0,1,0,-116.31,0.904752,130.328,1.44436,447.376
1155,100,0.1,0.2,100,1,500,16,15,0.1,0,2.5,1,0,2,0,-6.99126,0.930166,8.87806,1.05897,477.127
1155,100,0.1,0.2,100,1,500,16,15,0.1,0,2.5,1,0,3,0,0.105893,0.958066,0.993326,0.635898,174.719
1156,100,0.1,0.2,100,1,500,16,15,0.1,0,2.5,1,2,1,0,-171.252,0.929836,172.072,1.1086,480.506
1156,100,0.1,0.2,100,1,500,16,15,0.1,0,2.5,1,2,2,0,-1385.08,0.937055,1384.64,0.994529,456.437
1156,100,0.1,0.2,100,1,500,16,15,0.1,0,2.5,1,2,3,0,0.0173378,0.939531,0.981638,0.955412,148.486
1157,100,0.1,0.2,100,1,500,16,15,0.1,0,2.5,0,1,1,0,-2.08516,0.96215,3.33355,0.572063,200.481
1157,100,0.1,0.2,100,1,500,16,15,0.1,0,2.5,0,1,2,0,-1.59093,0.942099,2.79953,0.875124,324.86
1157,100,0.1,0.2,100,1,500,16,15,0.1,0,2.5,0,1,3,0,0.0569281,0.938485,1.019,0.929742,174.873
1158,100,0.1,0.2,100,1,500,16,15,0.1,0,2.5,0,3,1,0,-1.90963,0.914102,3.07294,1.31739,197.454
1158,100,0.1,0.2,100,1,500,16,15,0.1,0,2.5,0,3,2,0,-1.14449,0.935761,2.26485,0.985216,195.175
1158,100,0.1,0.2,100,1,500,16,15,0.1,0,2.5,0,3,3,0,0.107199,0.964219,0.942913,0.548753,189.661
1159,100,0.1,0.2,100,1,500,16,15,0.1,0,2.5,0,0,1,0,-26.2273,0.947274,26.5726,0.782174,455.671
1159,100,0.1,0.2,100,1,500,16,15,0.1,0,2.5,0,0,2,0,-13.2065,0.949476,13.865,0.749516,510.692
1159,100,0.1,0.2,100,1,500,16,15,0.1,0,2.5,0,0,3,0,0.0700457,0.953138,0.907595,0.695183,179.835
1160,100,0.1,0.2,100,1,500,16,15,0.1,0,2.5,0,2,1,0,-49732.1,0.942432,52081.2,0.867326,402.227
1160,100,0.1,0.2,100,1,500,16,15,0.1,0,2.5,0,2,2,0,-3.55596,0.932689,4.77106,1.01411,410.026
1160,100,0.1,0.2,100,1,500,16,15,0.1,0,2.5,0,2,3,0,0.0691966,0.950487,0.974749,0.74597,167.805
1161,100,0.1,0.2,100,1,500,16,15,0.1,0.1,2.5,1,1,1,0,-0.854449,0.9578,1.87854,0.959235,92.8713
1161,100,0.1,0.2,100,1,500,16,15,0.1,0.1,2.5,1,1,2,0,-14.4536,0.85293,15.6543,3.34299,92.9236
1161,100,0.1,0.2,100,1,500,16,15,0.1,0.1,2.5,1,1,3,0,0.0430898,0.959787,0.969339,0.914074,159.379
1162,100,0.1,0.2,100,1,500,16,15,0.1,0.1,2.5,1,3,1,0,-32.9201,0.813152,42.5754,4.48145,206.062
1162,100,0.1,0.2,100,1,500,16,15,0.1,0.1,2.5,1,3,2,0,-0.568212,0.96576,1.96837,0.821216,184.832
1162,100,0.1,0.2,100,1,500,16,15,0.1,0.1,2.5,1,3,3,0,0.223809,0.962173,0.974248,0.907264,155.862
1163,100,0.1,0.2,100,1,500,16,15,0.1,0.1,2.5,1,0,1,0,-0.733331,0.958714,2.33287,1.03895,394.591
1163,100,0.1,0.2,100,1,500,16,15,0.1,0.1,2.5,1,0,2,0,-36.2116,0.95651,50.0826,1.09441,405.17
1163,100,0.1,0.2,100,1,500,16,15,0.1,0.1,2.5,1,0,3,0,0.253306,0.962893,1.00497,0.933802,187.693
1164,100,0.1,0.2,100,1,500,16,15,0.1,0.1,2.5,1,2,1,0,-814546,0.910198,1.61055e+06,2.22421,389.517
1164,100,0.1,0.2,100,1,500,16,15,0.1,0.1,2.5,1,2,2,0,-72.1806,0.962373,144.695,0.931952,408.995
1164,100,0.1,0.2,100,1,500,16,15,0.1,0.1,2.5,1,2,3,0,0.459847,0.96244,1.06801,0.930281,183.058
1165,100,0.1,0.2,100,1,500,16,15,0.1,0.1,2.5,0,1,1,0,-3357.47,0.927803,3545.27,1.29724,91.7954
1165,100,0.1,0.2,100,1,500,16,15,0.1,0.1,2.5,0,1,2,0,-10.0392,0.916248,11.6532,1.50485,91.8682
1165,100,0.1,0.2,100,1,500,16,15,0.1,0.1,2.5,0,1,3,0,0.0349404,0.945048,1.01874,0.987384,194.041
1166,100,0.1,0.2,100,1,500,16,15,0.1,0.1,2.5,0,3,1,0,-2.72392,0.930223,4.4906,1.19938,187.783
1166,100,0.1,0.2,100,1,500,16,15,0.1,0.1,2.5,0,3,2,0,-2.95151,0.916102,4.76504,1.4421,95.276
1166,100,0.1,0.2,100,1,500,16,15,0.1,0.1,2.5,0,3,3,0,0.0789625,0.937831,1.11066,1.06861,252.062
1167,100,0.1,0.2,100,1,500,16,15,0.1,0.1,2.5,0,0,1,0,-17.6603,0.948707,20.2797,0.914519,451.058
1167,100,0.1,0.2,100,1,500,16,15,0.1,0.1,2.5,0,0,2,0,-4.56708,0.935658,6.05023,1.14717,525.78
1167,100,0.1,0.2,100,1,500,16,15,0.1,0.1,2.5,0,0,3,0,0.0822426,0.948104,0.997406,0.925265,234.58
1168,100,0.1,0.2,100,1,500,16,15,0.1,0.1,2.5,0,2,1,0,-26.4409,0.947539,32.6222,0.943611,557.526
1168,100,0.1,0.2,100,1,500,16,15,0.1,0.1,2.5,0,2,2,0,-5.08751,0.942389,7.23694,1.03624,450.64
1168,100,0.1,0.2,100,1,500,16,15,0.1,0.1,2.5,0,2,3,0,0.168271,0.949599,0.988773,0.906561,214.697
1169,100,0.1,0.2,100,1,500,16,15,0.1,0.3,2.5,1,1,1,0,-1.99675,0.976337,7.57395,1.0269,305.64
1169,100,0.1,0.2,100,1,500,16,15,0.1,0.3,2.5,1,1,2,0,-0.763038,0.97302,4.45588,1.17085,96.1453
1169,100,0.1,0.2,100,1,500,16,15,0.1,0.3,2.5,1,1,3,0,0.5851,0.977752,1.04861,0.965484,203.41
1170,100,0.1,0.2,100,1,500,16,15,0.1,0.3,2.5,1,3,1,0,0.344585,0.976295,4.05713,1.03248,435.715
1170,100,0.1,0.2,100,1,500,16,15,0.1,0.3,2.5,1,3,2,0,0.46435,0.976479,3.31577,1.02443,201.637
1170,100,0.1,0.2,100,1,500,16,15,0.1,0.3,2.5,1,3,3,0,0.787778,0.975749,1.31369,1.05626,186.987
1171,100,0.1,0.2,100,1,500,16,15,0.1,0.3,2.5,1,0,1,0,-12.9827,0.970493,31.1139,1.22526,419.753
1171,100,0.1,0.2,100,1,500,16,15,0.1,0.3,2.5,1,0,2,0,-34.2566,0.965998,78.4516,1.41189,443.118
1171,100,0.1,0.2,100,1,500,16,15,0.1,0.3,2.5,1,0,3,0,0.536826,0.977053,1.03064,0.952867,246.56
1172,100,0.1,0.2,100,1,500,16,15,0.1,0.3,2.5,1,2,1,0,-49.2442,0.967813,135.113,1.39484,418.684
1172,100,0.1,0.2,100,1,500,16,15,0.1,0.3,2.5,1,2,2,0,-5.20878,0.974976,16.6962,1.08443,437.302
1172,100,0.1,0.2,100,1,500,16,15,0.1,0.3,2.5,1,2,3,0,0.626544,0.978687,1.00427,0.923608,206.462
1173,100,0.1,0.2,100,1,500,16,15,0.1,0.3,2.5,0,1,1,0,-0.5083,0.952879,2.74319,1.02725,180.989
1173,100,0.1,0.2,100,1,500,16,15,0.1,0.3,2.5,0,1,2,0,-0.374821,0.950172,2.50043,1.08626,90.4915
1173,100,0.1,0.2,100,1,500,16,15,0.1,0.3,2.5,0,1,3,0,0.44385,0.960088,1.01149,0.870094,201.599
1174,100,0.1,0.2,100,1,500,16,15,0.1,0.3,2.5,0,3,1,0,-3.00895,0.958248,3.88157,1.00718,300.809
1174,100,0.1,0.2,100,1,500,16,15,0.1,0.3,2.5,0,3,2,0,-10.4052,0.934176,11.0429,1.58789,106.962
1174,100,0.1,0.2,100,1,500,16,15,0.1,0.3,2.5,0,3,3,0,0.0376424,0.963079,0.931779,0.890657,135.615
1175,100,0.1,0.2,100,1,500,16,15,0.1,0.3,2.5,0,0,1,0,-23.5332,0.954094,68.2496,1.10054,414.282
1175,100,0.1,0.2,100,1,500,16,15,0.1,0.3,2.5,0,0,2,0,-10.4552,0.953995,31.8675,1.10292,419.227
1175,100,0.1,0.2,100,1,500,16,15,0.1,0.3,2.5,0,0,3,0,0.567024,0.960213,1.20451,0.953847,236.71
1176,100,0.1,0.2,100,1,500,16,15,0.1,0.3,2.5,0,2,1,0,-12.61,0.955693,16.5172,1.10427,422.79
1176,100,0.1,0.2,100,1,500,16,15,0.1,0.3,2.5,0,2,2,0,-20.0132,0.951415,25.5019,1.2109,405.242
1176,100,0.1,0.2,100,1,500,16,15,0.1,0.3,2.5,0,2,3,0,0.117459,0.95888,1.07106,1.02484,198.618
1177,100,0.1,0.2,100,1,500,16,15,0.1,0.5,2.5,1,1,1,0,-1.74281,0.980741,4.72719,1.14863,282.467
1177,100,0.1,0.2,100,1,500,16,15,0.1,0.5,2.5,1,1,2,0,-1.18928,0.981821,3.77319,1.08421,269.606
1177,100,0.1,0.2,100,1,500,16,15,0.1,0.5,2.5,1,1,3,0,0.372534,0.982454,1.08143,1.04644,185.768
1178,100,0.1,0.2,100,1,500,16,15,0.1,0.5,2.5,1,3,1,0,0.461201,0.976764,3.20901,0.983158,282.274
1178,100,0.1,0.2,100,1,500,16,15,0.1,0.5,2.5,1,3,2,0,0.363556,0.974566,3.79057,1.07612,268.834
1178,100,0.1,0.2,100,1,500,16,15,0.1,0.5,2.5,1,3,3,0,0.792488,0.977007,1.23591,0.97287,186.577
1179,100,0.1,0.2,100,1,500,16,15,0.1,0.5,2.5,1,0,1,0,-918.846,0.982053,869.041,1.11038,404.253
1179,100,0.1,0.2,100,1,500,16,15,0.1,0.5,2.5,1,0,2,0,-24.9189,0.979011,24.4874,1.2986,412.533
1179,100,0.1,0.2,100,1,500,16,15,0.1,0.5,2.5,1,0,3,0,0.0870551,0.986322,0.862521,0.846282,161.628
1180,100,0.1,0.2,100,1,500,16,15,0.1,0.5,2.5,1,2,1,0,-10.4196,0.973223,24.4937,1.61495,1491.5
1180,100,0.1,0.2,100,1,500,16,15,0.1,0.5,2.5,1,2,2,0,-7.86547,0.984118,19.0155,0.957841,387.351
1180,100,0.1,0.2,100,1,500,16,15,0.1,0.5,2.5,1,2,3,0,0.49311,0.982964,1.08722,1.02744,187.124
1181,100,0.1,0.2,100,1,500,16,15,0.1,0.5,2.5,0,1,1,0,-1.24476,0.967759,4.02813,0.938409,92.3681
1181,100,0.1,0.2,100,1,500,16,15,0.1,0.5,2.5,0,1,2,0,-0.989757,0.958849,3.57053,1.19772,361.742
1181,100,0.1,0.2,100,1,500,16,15,0.1,0.5,2.5,0,1,3,0,0.410904,0.966595,1.05711,0.972275,160.202
1182,100,0.1,0.2,100,1,500,16,15,0.1,0.5,2.5,0,3,1,0,-3.52304,0.968139,7.69424,0.941803,274.464
1182,100,0.1,0.2,100,1,500,16,15,0.1,0.5,2.5,0,3,2,0,-0.157138,0.967858,1.96843,0.950099,93.1255
1182,100,0.1,0.2,100,1,500,16,15,0.1,0.5,2.5,0,3,3,0,0.396201,0.967985,1.02714,0.94635,184.567
1183,100,0.1,0.2,100,1,500,16,15,0.1,0.5,2.5,0,0,1,0,-2087.38,0.960179,8786.65,1.06305,475.495
1183,100,0.1,0.2,100,1,500,16,15,0.1,0.5,2.5,0,0,2,0,-4.56553,0.958625,23.4164,1.10453,398.862
1183,100,0.1,0.2,100,1,500,16,15,0.1,0.5,2.5,0,0,3,0,0.668126,0.961691,1.39633,1.02267,183.144
1184,100,0.1,0.2,100,1,500,16,15,0.1,0.5,2.5,0,2,1,0,-2.51537,0.956569,7.00921,1.30794,413.489
1184,100,0.1,0.2,100,1,500,16,15,0.1,0.5,2.5,0,2,2,0,-27.661,0.960449,57.1466,1.19109,409.224
1184,100,0.1,0.2,100,1,500,16,15,0.1,0.5,2.5,0,2,3,0,0.481959,0.968861,1.03291,0.937762,167.949
1185,100,0.1,0.2,100,1,500,16,15,0.3,0,2.5,1,1,1,0,-1.84035,0.939644,2.78889,0.986144,201.716
1185,100,0.1,0.2,100,1,500,16,15,0.3,0,2.5,1,1,2,0,-3.18581,0.923254,4.10998,1.25395,192.416
1185,100,0.1,0.2,100,1,500,16,15,0.3,0,2.5,1,1,3,0,0.0277629,0.943323,0.954626,0.926038,168.493
1186,100,0.1,0.2,100,1,500,16,15,0.3,0,2.5,1,3,1,0,-0.93965,0.940785,1.90747,0.952515,98.4585
1186,100,0.1,0.2,100,1,500,16,15,0.3,0,2.5,1,3,2,0,-3.40906,0.94051,4.33592,0.956931,384.334
1186,100,0.1,0.2,100,1,500,16,15,0.3,0,2.5,1,3,3,0,0.0310384,0.942803,0.952888,0.920045,168.089
1187,100,0.1,0.2,100,1,500,16,15,0.3,0,2.5,1,0,1,0,-40.8117,0.906766,48.2788,1.53213,424.907
1187,100,0.1,0.2,100,1,500,16,15,0.3,0,2.5,1,0,2,0,-8.59798,0.935168,11.0825,1.0654,430.644
1187,100,0.1,0.2,100,1,500,16,15,0.3,0,2.5,1,0,3,0,0.0215245,0.933578,1.12982,1.09153,168.272
1188,100,0.1,0.2,100,1,500,16,15,0.3,0,2.5,1,2,1,0,-6.91017,0.928361,8.54455,1.17812,420.028
1188,100,0.1,0.2,100,1,500,16,15,0.3,0,2.5,1,2,2,0,-26.5773,0.941363,29.7889,0.964289,385.959
1188,100,0.1,0.2,100,1,500,16,15,0.3,0,2.5,1,2,3,0,0.0355404,0.939428,1.04181,0.996114,157.884
1189,100,0.1,0.2,100,1,500,16,15,0.3,0,2.5,0,1,1,0,-21.0325,0.937884,23.6574,1.01317,180.539
1189,100,0.1,0.2,100,1,500,16,15,0.3,0,2.5,0,1,2,0,-1.16969,0.930792,2.32971,1.12885,89.6342
1189,100,0.1,0.2,100,1,500,16,15,0.3,0,2.5,0,1,3,0,0.0467732,0.940352,1.02353,0.972904,155.025
1190,100,0.1,0.2,100,1,500,16,15,0.3,0,2.5,0,3,1,0,-1.94374,0.932483,3.29215,1.1402,265.389
1190,100,0.1,0.2,100,1,500,16,15,0.3,0,2.5,0,3,2,0,-0.54186,0.935748,1.72435,1.08505,263.074
1190,100,0.1,0.2,100,1,500,16,15,0.3,0,2.5,0,3,3,0,0.0145124,0.93685,1.10213,1.06644,154.993
1191,100,0.1,0.2,100,1,500,16,15,0.3,0,2.5,0,0,1,0,-690.787,0.941694,652.828,0.945402,404.388
1191,100,0.1,0.2,100,1,500,16,15,0.3,0,2.5,0,0,2,0,-139.895,0.943198,132.96,0.921004,394.677
1191,100,0.1,0.2,100,1,500,16,15,0.3,0,2.5,0,0,3,0,0.0224648,0.944829,0.922484,0.894558,131.315
1192,100,0.1,0.2,100,1,500,16,15,0.3,0,2.5,0,2,1,0,-34.0607,0.932345,37.4517,1.13877,383.169
1192,100,0.1,0.2,100,1,500,16,15,0.3,0,2.5,0,2,2,0,-6.10948,0.936126,7.59432,1.07513,378.615
1192,100,0.1,0.2,100,1,500,16,15,0.3,0,2.5,0,2,3,0,0.0329061,0.94157,1.03305,0.983493,157.101
1193,100,0.1,0.2,100,1,500,16,15,0.3,0.1,2.5,1,1,1,0,-0.719854,0.964527,1.82542,0.92112,91.0264
1193,100,0.1,0.2,100,1,500,16,15,0.3,0.1,2.5,1,1,2,0,-2.21516,0.960495,3.4125,1.02581,177.087
1193,100,0.1,0.2,100,1,500,16,15,0.3,0.1,2.5,1,1,3,0,0.124871,0.965474,0.928843,0.896518,154.247
1194,100,0.1,0.2,100,1,500,16,15,0.3,0.1,2.5,1,3,1,0,-12.6243,0.935388,17.9599,1.6074,269.311
1194,100,0.1,0.2,100,1,500,16,15,0.3,0.1,2.5,1,3,2,0,-5.18073,0.956291,8.14758,1.08738,176.313
1194,100,0.1,0.2,100,1,500,16,15,0.3,0.1,2.5,1,3,3,0,0.223783,0.961171,1.02323,0.965983,155.625
1195,100,0.1,0.2,100,1,500,16,15,0.3,0.1,2.5,1,0,1,0,-7.571,0.952334,17.6872,1.15434,408.923
1195,100,0.1,0.2,100,1,500,16,15,0.3,0.1,2.5,1,0,2,0,-253.1,0.953043,524.364,1.13717,402.405
1195,100,0.1,0.2,100,1,500,16,15,0.3,0.1,2.5,1,0,3,0,0.485023,0.961837,1.06271,0.924185,182.422
1196,100,0.1,0.2,100,1,500,16,15,0.3,0.1,2.5,1,2,1,0,-2093.47,0.926494,8074.63,1.98979,379.816
1196,100,0.1,0.2,100,1,500,16,15,0.3,0.1,2.5,1,2,2,0,-17.7173,0.95979,72.1596,1.08847,384.713
1196,100,0.1,0.2,100,1,500,16,15,0.3,0.1,2.5,1,2,3,0,0.703764,0.968299,1.14206,0.858143,207.416
1197,100,0.1,0.2,100,1,500,16,15,0.3,0.1,2.5,0,1,1,0,-0.869416,0.939848,1.76893,1.1373,93.9514
1197,100,0.1,0.2,100,1,500,16,15,0.3,0.1,2.5,0,1,2,0,-1.87808,0.951529,2.72338,0.916438,179.328
1197,100,0.1,0.2,100,1,500,16,15,0.3,0.1,2.5,0,1,3,0,0.0756987,0.956103,0.874619,0.829957,159.15
1198,100,0.1,0.2,100,1,500,16,15,0.3,0.1,2.5,0,3,1,0,-15.2096,0.954161,19.3878,0.947955,183.409
1198,100,0.1,0.2,100,1,500,16,15,0.3,0.1,2.5,0,3,2,0,-3.64646,0.948907,5.55751,1.0566,186.92
1198,100,0.1,0.2,100,1,500,16,15,0.3,0.1,2.5,0,3,3,0,0.205033,0.957477,0.950839,0.879363,177.047
1199,100,0.1,0.2,100,1,500,16,15,0.3,0.1,2.5,0,0,1,0,-30.9582,0.955038,37.724,0.874255,464.745
1199,100,0.1,0.2,100,1,500,16,15,0.3,0.1,2.5,0,0,2,0,-4.60385,0.9494,6.61489,0.983869,430.644
1199,100,0.1,0.2,100,1,500,16,15,0.3,0.1,2.5,0,0,3,0,0.10614,0.949683,1.05513,0.978372,165.822
1200,100,0.1,0.2,100,1,500,16,15,0.3,0.1,2.5,0,2,1,0,-338.419,0.940859,369.375,1.16075,412.102
1200,100,0.1,0.2,100,1,500,16,15,0.3,0.1,2.5,0,2,2,0,-64.0031,0.936068,70.7399,1.25479,407.824
1200,100,0.1,0.2,100,1,500,16,15,0.3,0.1,2.5,0,2,3,0,0.0972217,0.952969,0.982453,0.923076,164.032
1201,100,0.1,0.2,100,1,500,16,15,0.3,0.3,2.5,1,1,1,0,-0.169634,0.973825,2.44673,1.22107,97.8016
1201,100,0.1,0.2,100,1,500,16,15,0.3,0.3,2.5,1,1,2,0,-1.55386,0.97728,5.34236,1.0599,198.434
1201,100,0.1,0.2,100,1,500,16,15,0.3,0.3,2.5,1,1,3,0,0.543385,0.981098,0.955181,0.881807,192.302
1202,100,0.1,0.2,100,1,500,16,15,0.3,0.3,2.5,1,3,1,0,-3.13627,0.974418,11.9245,1.08142,388.757
1202,100,0.1,0.2,100,1,500,16,15,0.3,0.3,2.5,1,3,2,0,-2.97174,0.972583,11.4502,1.15898,285.57
1202,100,0.1,0.2,100,1,500,16,15,0.3,0.3,2.5,1,3,3,0,0.65691,0.978874,0.989103,0.893063,219.135
1203,100,0.1,0.2,100,1,500,16,15,0.3,0.3,2.5,1,0,1,0,-46.8744,0.970883,59.3942,1.03425,411.178
1203,100,0.1,0.2,100,1,500,16,15,0.3,0.3,2.5,1,0,2,0,-145.242,0.967861,181.431,1.14158,414.177
1203,100,0.1,0.2,100,1,500,16,15,0.3,0.3,2.5,1,0,3,0,0.147604,0.971408,1.0575,1.0156,165.033
1204,100,0.1,0.2,100,1,500,16,15,0.3,0.3,2.5,1,2,1,0,-16.5462,0.926225,19.223,3.32623,405.172
1204,100,0.1,0.2,100,1,500,16,15,0.3,0.3,2.5,1,2,2,0,-7.93326,0.977033,9.78699,1.03549,468.225
1204,100,0.1,0.2,100,1,500,16,15,0.3,0.3,2.5,1,2,3,0,0.027511,0.977298,1.06543,1.02356,208.455
1205,100,0.1,0.2,100,1,500,16,15,0.3,0.3,2.5,0,1,1,0,-59.719,0.956814,106.093,1.10707,229.378
1205,100,0.1,0.2,100,1,500,16,15,0.3,0.3,2.5,0,1,2,0,-2.05056,0.959726,5.33016,1.03241,105.46
1205,100,0.1,0.2,100,1,500,16,15,0.3,0.3,2.5,0,1,3,0,0.420546,0.964232,1.01246,0.916895,189.073
1206,100,0.1,0.2,100,1,500,16,15,0.3,0.3,2.5,0,3,1,0,-2.14835,0.962256,3.21985,0.938021,330.554
1206,100,0.1,0.2,100,1,500,16,15,0.3,0.3,2.5,0,3,2,0,-28.3181,0.950662,29.984,1.22614,312.375
1206,100,0.1,0.2,100,1,500,16,15,0.3,0.3,2.5,0,3,3,0,0.0338652,0.961697,0.988077,0.951897,186.683
1207,100,0.1,0.2,100,1,500,16,15,0.3,0.3,2.5,0,0,1,0,-7.53759,0.951133,13.574,1.13204,456.647
1207,100,0.1,0.2,100,1,500,16,15,0.3,0.3,2.5,0,0,2,0,-597.766,0.959588,951.986,0.936162,447.483
1207,100,0.1,0.2,100,1,500,16,15,0.3,0.3,2.5,0,0,3,0,0.300733,0.956148,1.11177,1.01587,207.548
1208,100,0.1,0.2,100,1,500,16,15,0.3,0.3,2.5,0,2,1,0,0.0310228,0.95766,2.80987,1.04665,451.462
1208,100,0.1,0.2,100,1,500,16,15,0.3,0.3,2.5,0,2,2,0,-7.7939,0.94018,25.5008,1.47875,445.554
1208,100,0.1,0.2,100,1,500,16,15,0.3,0.3,2.5,0,2,3,0,0.614165,0.963679,1.11885,0.897858,240.244
1209,100,0.1,0.2,100,1,500,16,15,0.3,0.5,2.5,1,1,1,0,-2.07281,0.978053,3.07444,1.12951,310.993
1209,100,0.1,0.2,100,1,500,16,15,0.3,0.5,2.5,1,1,2,0,-1.28955,0.979124,2.29076,1.07438,107.393
1209,100,0.1,0.2,100,1,500,16,15,0.3,0.5,2.5,1,1,3,0,0.0387723,0.982141,0.961736,0.919137,140.537
1210,100,0.1,0.2,100,1,500,16,15,0.3,0.5,2.5,1,3,1,0,-6.36872,0.981497,7.41223,1.14141,192.965
1210,100,0.1,0.2,100,1,500,16,15,0.3,0.5,2.5,1,3,2,0,-1.88427,0.984853,2.9013,0.934386,295.885
1210,100,0.1,0.2,100,1,500,16,15,0.3,0.5,2.5,1,3,3,0,0.0492903,0.98495,0.956323,0.928405,139.125
1211,100,0.1,0.2,100,1,500,16,15,0.3,0.5,2.5,1,0,1,0,-23.1154,0.985196,28.0887,0.951875,411.84
1211,100,0.1,0.2,100,1,500,16,15,0.3,0.5,2.5,1,0,2,0,-3047.02,0.983034,3550.23,1.09091,414.572
1211,100,0.1,0.2,100,1,500,16,15,0.3,0.5,2.5,1,0,3,0,0.288672,0.98766,0.82853,0.793467,168.407
1212,100,0.1,0.2,100,1,500,16,15,0.3,0.5,2.5,1,2,1,0,-85.954,0.979456,124.76,1.21828,407.917
1212,100,0.1,0.2,100,1,500,16,15,0.3,0.5,2.5,1,2,2,0,-58.7461,0.979569,85.7227,1.2116,409.212
1212,100,0.1,0.2,100,1,500,16,15,0.3,0.5,2.5,1,2,3,0,0.249598,0.982844,1.07666,1.01738,194.337
1213,100,0.1,0.2,100,1,500,16,15,0.3,0.5,2.5,0,1,1,0,-1.02376,0.96929,2.11224,0.961694,96.8494
1213,100,0.1,0.2,100,1,500,16,15,0.3,0.5,2.5,0,1,2,0,-1.21669,0.969209,2.3136,0.9642,294.465
1213,100,0.1,0.2,100,1,500,16,15,0.3,0.5,2.5,0,1,3,0,0.0242393,0.968251,1.01842,0.994224,174.913
1214,100,0.1,0.2,100,1,500,16,15,0.3,0.5,2.5,0,3,1,0,-1.24738,0.967614,3.05492,0.919074,97.6888
1214,100,0.1,0.2,100,1,500,16,15,0.3,0.5,2.5,0,3,2,0,-0.318626,0.967641,1.79244,0.918331,303.738
1214,100,0.1,0.2,100,1,500,16,15,0.3,0.5,2.5,0,3,3,0,0.307557,0.968595,0.941256,0.891235,184.126
1215,100,0.1,0.2,100,1,500,16,15,0.3,0.5,2.5,0,0,1,0,-0.613999,0.968039,3.7909,0.963764,425.09
1215,100,0.1,0.2,100,1,500,16,15,0.3,0.5,2.5,0,0,2,0,-3.47471,0.966165,10.51,1.02026,432.951
1215,100,0.1,0.2,100,1,500,16,15,0.3,0.5,2.5,0,0,3,0,0.537569,0.968197,1.08614,0.958987,197.188
1216,100,0.1,0.2,100,1,500,16,15,0.3,0.5,2.5,0,2,1,0,-7.69144,0.963027,25.6655,1.02688,419.168
1216,100,0.1,0.2,100,1,500,16,15,0.3,0.5,2.5,0,2,2,0,-6591.35,0.955944,19467,1.22361,409.287
1216,100,0.1,0.2,100,1,500,16,15,0.3,0.5,2.5,0,2,3,0,0.598347,0.964153,1.18607,0.995618,195.548
1217,100,0.1,0.2,100,1,500,16,15,0.5,0,2.5,1,1,1,0,-2.41238,0.946568,3.5058,1.01109,284.185
1217,100,0.1,0.2,100,1,500,16,15,0.5,0,2.5,1,1,2,0,-1.2803,0.942866,2.34273,1.08115,387.707
1217,100,0.1,0.2,100,1,500,16,15,0.5,0,2.5,1,1,3,0,0.0137572,0.947333,1.01325,0.996624,143.252
1218,100,0.1,0.2,100,1,500,16,15,0.5,0,2.5,1,3,1,0,-1.9612,0.952052,3.69866,0.889653,99.5681
1218,100,0.1,0.2,100,1,500,16,15,0.5,0,2.5,1,3,2,0,-0.589822,0.948967,1.98575,0.9469,98.5645
1218,100,0.1,0.2,100,1,500,16,15,0.5,0,2.5,1,3,3,0,0.214416,0.952217,0.981226,0.886585,206.552
1219,100,0.1,0.2,100,1,500,16,15,0.5,0,2.5,1,0,1,0,-44.3506,0.947134,42.0844,1.01635,441.648
1219,100,0.1,0.2,100,1,500,16,15,0.5,0,2.5,1,0,2,0,-30.2434,0.943382,28.9932,1.08849,1684.17
1219,100,0.1,0.2,100,1,500,16,15,0.5,0,2.5,1,0,3,0,0.0394259,0.955491,0.891391,0.855694,141.919
1220,100,0.1,0.2,100,1,500,16,15,0.5,0,2.5,1,2,1,0,-9.2387,0.949325,12.0215,0.932535,417.195
1220,100,0.1,0.2,100,1,500,16,15,0.5,0,2.5,1,2,2,0,-8.38505,0.929931,11.0192,1.28941,417.963
1220,100,0.1,0.2,100,1,500,16,15,0.5,0,2.5,1,2,3,0,0.162103,0.95065,0.983797,0.908152,176.695
1221,100,0.1,0.2,100,1,500,16,15,0.5,0,2.5,0,1,1,0,-5.57138,0.943916,6.44664,1.0757,101.627
1221,100,0.1,0.2,100,1,500,16,15,0.5,0,2.5,0,1,2,0,-8.43736,0.93806,9.25823,1.18801,195.415
1221,100,0.1,0.2,100,1,500,16,15,0.5,0,2.5,0,1,3,0,0.0332449,0.952059,0.948405,0.919507,171.044
1222,100,0.1,0.2,100,1,500,16,15,0.5,0,2.5,0,3,1,0,-6.1669,0.943164,6.95573,1.08085,96.9978
1222,100,0.1,0.2,100,1,500,16,15,0.5,0,2.5,0,3,2,0,-5.97567,0.951023,6.77013,0.931405,384.585
1222,100,0.1,0.2,100,1,500,16,15,0.5,0,2.5,0,3,3,0,0.0271514,0.951022,0.944184,0.931408,145.183
1223,100,0.1,0.2,100,1,500,16,15,0.5,0,2.5,0,0,1,0,-131.576,0.946229,157.083,1.01185,455.628
1223,100,0.1,0.2,100,1,500,16,15,0.5,0,2.5,0,0,2,0,-6.91019,0.944831,9.3724,1.03815,429.161
1223,100,0.1,0.2,100,1,500,16,15,0.5,0,2.5,0,0,3,0,0.17765,0.953203,0.974363,0.88061,169.375
1224,100,0.1,0.2,100,1,500,16,15,0.5,0,2.5,0,2,1,0,-81.552,0.947614,126.893,0.980589,416.361
1224,100,0.1,0.2,100,1,500,16,15,0.5,0,2.5,0,2,2,0,-125.751,0.947422,194.832,0.984189,431.98
1224,100,0.1,0.2,100,1,500,16,15,0.5,0,2.5,0,2,3,0,0.264939,0.94823,1.12988,0.969063,202.928
1225,100,0.1,0.2,100,1,500,16,15,0.5,0.1,2.5,1,1,1,0,-4.41597,0.961955,7.74126,1.08346,386.543
1225,100,0.1,0.2,100,1,500,16,15,0.5,0.1,2.5,1,1,2,0,-1.10227,0.967527,3.00486,0.924765,290.729
1225,100,0.1,0.2,100,1,500,16,15,0.5,0.1,2.5,1,1,3,0,0.283884,0.966726,1.02357,0.947596,179.188
1226,100,0.1,0.2,100,1,500,16,15,0.5,0.1,2.5,1,3,1,0,-1.95488,0.96391,3.19995,1.02337,96.9087
1226,100,0.1,0.2,100,1,500,16,15,0.5,0.1,2.5,1,3,2,0,-51.9659,0.961025,57.3588,1.10517,191.887
1226,100,0.1,0.2,100,1,500,16,15,0.5,0.1,2.5,1,3,3,0,0.0815434,0.965772,0.994631,0.970567,172.544
1227,100,0.1,0.2,100,1,500,16,15,0.5,0.1,2.5,1,0,1,0,-38.7289,0.968632,77.9899,0.893055,430.058
1227,100,0.1,0.2,100,1,500,16,15,0.5,0.1,2.5,1,0,2,0,-3701.9,0.962072,7268.97,1.07982,391.542
1227,100,0.1,0.2,100,1,500,16,15,0.5,0.1,2.5,1,0,3,0,0.470186,0.966947,1.04005,0.941018,180.537
1228,100,0.1,0.2,100,1,500,16,15,0.5,0.1,2.5,1,2,1,0,-9.19981,0.960823,18.2574,1.07078,387.814
1228,100,0.1,0.2,100,1,500,16,15,0.5,0.1,2.5,1,2,2,0,-25.2964,0.956199,47.0698,1.19716,416.544
1228,100,0.1,0.2,100,1,500,16,15,0.5,0.1,2.5,1,2,3,0,0.443297,0.966753,0.996483,0.908712,181.497
1229,100,0.1,0.2,100,1,500,16,15,0.5,0.1,2.5,0,1,1,0,-1.95576,0.95681,8.31672,0.927313,550.206
1229,100,0.1,0.2,100,1,500,16,15,0.5,0.1,2.5,0,1,2,0,-0.637734,0.946789,4.60815,1.14248,369.271
1229,100,0.1,0.2,100,1,500,16,15,0.5,0.1,2.5,0,1,3,0,0.475987,0.947172,1.47443,1.13426,221.549
1230,100,0.1,0.2,100,1,500,16,15,0.5,0.1,2.5,0,3,1,0,-0.391363,0.940462,2.82984,1.26952,274.45
1230,100,0.1,0.2,100,1,500,16,15,0.5,0.1,2.5,0,3,2,0,-0.954817,0.960045,3.97582,0.85196,285.523
1230,100,0.1,0.2,100,1,500,16,15,0.5,0.1,2.5,0,3,3,0,0.418537,0.953578,1.18261,0.989863,218.912
1231,100,0.1,0.2,100,1,500,16,15,0.5,0.1,2.5,0,0,1,0,-106.797,0.947751,156.769,1.22075,492.09
1231,100,0.1,0.2,100,1,500,16,15,0.5,0.1,2.5,0,0,2,0,-12.9224,0.957143,20.2473,1.00131,423.594
1231,100,0.1,0.2,100,1,500,16,15,0.5,0.1,2.5,0,0,3,0,0.319854,0.960955,0.989131,0.912253,197.894
1232,100,0.1,0.2,100,1,500,16,15,0.5,0.1,2.5,0,2,1,0,-69.9711,0.957005,86.8547,0.973661,417.633
1232,100,0.1,0.2,100,1,500,16,15,0.5,0.1,2.5,0,2,2,0,-5.57324,0.954931,8.04435,1.02062,398.494
1232,100,0.1,0.2,100,1,500,16,15,0.5,0.1,2.5,0,2,3,0,0.226736,0.96031,0.946323,0.898816,192.441
1233,100,0.1,0.2,100,1,500,16,15,0.5,0.3,2.5,1,1,1,0,-2.70208,0.975696,4.00873,0.98088,273.723
1233,100,0.1,0.2,100,1,500,16,15,0.5,0.3,2.5,1,1,2,0,-2.52794,0.973582,3.82017,1.06618,288.363
1233,100,0.1,0.2,100,1,500,16,15,0.5,0.3,2.5,1,1,3,0,0.101411,0.977347,0.973023,0.914216,203.235
1234,100,0.1,0.2,100,1,500,16,15,0.5,0.3,2.5,1,3,1,0,-2.79796,0.97695,3.84849,0.986901,114.924
1234,100,0.1,0.2,100,1,500,16,15,0.5,0.3,2.5,1,3,2,0,-1.59185,0.970472,2.62633,1.26425,218.686
1234,100,0.1,0.2,100,1,500,16,15,0.5,0.3,2.5,1,3,3,0,0.0118822,0.976966,1.00126,0.986215,183.144
1235,100,0.1,0.2,100,1,500,16,15,0.5,0.3,2.5,1,0,1,0,-2.02312,0.97918,3.14983,1.031,453.594
1235,100,0.1,0.2,100,1,500,16,15,0.5,0.3,2.5,1,0,2,0,-8149.85,0.979824,8492.5,0.999108,438.858
1235,100,0.1,0.2,100,1,500,16,15,0.5,0.3,2.5,1,0,3,0,0.0591153,0.981034,0.980322,0.939219,169.999
1236,100,0.1,0.2,100,1,500,16,15,0.5,0.3,2.5,1,2,1,0,-5.84205,0.972295,11.3242,1.12121,404.692
1236,100,0.1,0.2,100,1,500,16,15,0.5,0.3,2.5,1,2,2,0,-42.3804,0.962468,71.7982,1.51892,399.603
1236,100,0.1,0.2,100,1,500,16,15,0.5,0.3,2.5,1,2,3,0,0.397986,0.976978,0.996382,0.931699,198.594
1237,100,0.1,0.2,100,1,500,16,15,0.5,0.3,2.5,0,1,1,0,-0.999672,0.960579,3.8463,1.04871,277.827
1237,100,0.1,0.2,100,1,500,16,15,0.5,0.3,2.5,0,1,2,0,0.10608,0.96363,1.71943,0.967538,188.965
1237,100,0.1,0.2,100,1,500,16,15,0.5,0.3,2.5,0,1,3,0,0.435311,0.963223,1.08616,0.97837,209.579
1238,100,0.1,0.2,100,1,500,16,15,0.5,0.3,2.5,0,3,1,0,-1.59649,0.967445,2.87265,0.879648,230.993
1238,100,0.1,0.2,100,1,500,16,15,0.5,0.3,2.5,0,3,2,0,-6.38931,0.967161,8.17524,0.887345,186.182
1238,100,0.1,0.2,100,1,500,16,15,0.5,0.3,2.5,0,3,3,0,0.0764784,0.963955,1.02175,0.973963,187.049
1239,100,0.1,0.2,100,1,500,16,15,0.5,0.3,2.5,0,0,1,0,-10.6453,0.95538,17.1686,1.17759,417.593
1239,100,0.1,0.2,100,1,500,16,15,0.5,0.3,2.5,0,0,2,0,-120.327,0.954381,178.87,1.20395,450.427
1239,100,0.1,0.2,100,1,500,16,15,0.5,0.3,2.5,0,0,3,0,0.28422,0.962066,1.05527,1.00113,197.45
1240,100,0.1,0.2,100,1,500,16,15,0.5,0.3,2.5,0,2,1,0,-6.02407,0.963033,19.4294,0.970615,451.328
1240,100,0.1,0.2,100,1,500,16,15,0.5,0.3,2.5,0,2,2,0,-2142.32,0.960879,5928.67,1.02717,457.155
1240,100,0.1,0.2,100,1,500,16,15,0.5,0.3,2.5,0,2,3,0,0.603336,0.965707,1.09722,0.900407,191.011
1241,100,0.1,0.2,100,1,500,16,15,0.5,0.5,2.5,1,1,1,0,-0.133666,0.984138,11.377,1.01006,457.867
1241,100,0.1,0.2,100,1,500,16,15,0.5,0.5,2.5,1,1,2,0,0.706014,0.982713,2.95032,1.10078,192.211
1241,100,0.1,0.2,100,1,500,16,15,0.5,0.5,2.5,1,1,3,0,0.881745,0.985086,1.18676,0.94967,228.85
1242,100,0.1,0.2,100,1,500,16,15,0.5,0.5,2.5,1,3,1,0,-0.644779,0.981104,2.56236,1.05587,205.071
1242,100,0.1,0.2,100,1,500,16,15,0.5,0.5,2.5,1,3,2,0,-1.40546,0.978188,3.7474,1.21884,409.426
1242,100,0.1,0.2,100,1,500,16,15,0.5,0.5,2.5,1,3,3,0,0.358212,0.982943,0.999824,0.953099,215.714
1243,100,0.1,0.2,100,1,500,16,15,0.5,0.5,2.5,1,0,1,0,-2.08137,0.98508,24.0921,0.961906,453.051
1243,100,0.1,0.2,100,1,500,16,15,0.5,0.5,2.5,1,0,2,0,0.231047,0.98302,6.01216,1.09472,431.725
1243,100,0.1,0.2,100,1,500,16,15,0.5,0.5,2.5,1,0,3,0,0.866819,0.986798,1.04129,0.851189,198.705
1244,100,0.1,0.2,100,1,500,16,15,0.5,0.5,2.5,1,2,1,0,-4.20746,0.982476,5.56695,1.06016,411.157
1244,100,0.1,0.2,100,1,500,16,15,0.5,0.5,2.5,1,2,2,0,-12.2895,0.982415,14.2069,1.0638,405.081
1244,100,0.1,0.2,100,1,500,16,15,0.5,0.5,2.5,1,2,3,0,0.143204,0.9852,0.915944,0.895356,168.344
1245,100,0.1,0.2,100,1,500,16,15,0.5,0.5,2.5,0,1,1,0,-0.573491,0.972365,2.5606,0.867968,193.732
1245,100,0.1,0.2,100,1,500,16,15,0.5,0.5,2.5,0,1,2,0,-0.588328,0.971922,2.58475,0.88191,192.665
1245,100,0.1,0.2,100,1,500,16,15,0.5,0.5,2.5,0,1,3,0,0.432911,0.972799,0.922847,0.854361,202.52
1246,100,0.1,0.2,100,1,500,16,15,0.5,0.5,2.5,0,3,1,0,-1.60636,0.969918,2.65395,1.01499,293.818
1246,100,0.1,0.2,100,1,500,16,15,0.5,0.5,2.5,0,3,2,0,-2.45458,0.970953,3.51765,0.980061,96.1076
1246,100,0.1,0.2,100,1,500,16,15,0.5,0.5,2.5,0,3,3,0,0.0214137,0.971358,0.996452,0.966397,140.313
1247,100,0.1,0.2,100,1,500,16,15,0.5,0.5,2.5,0,0,1,0,-1.79282,0.967433,5.80551,1.05658,427.261
1247,100,0.1,0.2,100,1,500,16,15,0.5,0.5,2.5,0,0,2,0,-50.9259,0.970732,107.94,0.949532,419.239
1247,100,0.1,0.2,100,1,500,16,15,0.5,0.5,2.5,0,0,3,0,0.514805,0.97194,1.00859,0.910343,188.173
1248,100,0.1,0.2,100,1,500,16,15,0.5,0.5,2.5,0,2,1,0,-12.244,0.957009,30.0879,1.28334,410.458
1248,100,0.1,0.2,100,1,500,16,15,0.5,0.5,2.5,0,2,2,0,-34.6868,0.96237,81.0737,1.12331,406.977
1248,100,0.1,0.2,100,1,500,16,15,0.5,0.5,2.5,0,2,3,0,0.465232,0.963151,1.21489,1.09998,193.653
1249,100,0.1,0.2,100,1,500,32,1,0,0,2.5,1,1,1,0,1,1,1.19912e-28,-1.02141e-15,559.233
1249,100,0.1,0.2,100,1,500,32,1,0,0,2.5,1,1,2,0,1,1,1.19912e-28,-1.02141e-15,558.319
1249,100,0.1,0.2,100,1,500,32,1,0,0,2.5,1,1,3,0,1,1,2.75492e-22,1.16427e-15,306.137
1250,100,0.1,0.2,100,1,500,32,1,0,0,2.5,1,3,1,0,1,1,1.9447e-29,-2.17604e-16,451.657
1250,100,0.1,0.2,100,1,500,32,1,0,0,2.5,1,3,2,0,1,1,1.9447e-29,-2.17604e-16,496.668
1250,100,0.1,0.2,100,1,500,32,1,0,0,2.5,1,3,3,0,1,1,2.80409e-23,-1.63376e-16,325.105
1251,100,0.1,0.2,100,1,500,32,1,0,0,2.5,1,0,1,0,1,1,4.38596e-29,-2.01033e-15,1449.57
1251,100,0.1,0.2,100,1,500,32,1,0,0,2.5,1,0,2,0,1,1,7.74168e-29,2.81886e-16,1376.84
1251,100,0.1,0.2,100,1,500,32,1,0,0,2.5,1,0,3,0,1,1,1.71936e-22,-4.62234e-16,1709.97
1252,100,0.1,0.2,100,1,500,32,1,0,0,2.5,1,2,1,0,1,1,1.11865e-30,-2.03312e-15,1294.77
1252,100,0.1,0.2,100,1,500,32,1,0,0,2.5,1,2,2,0,1,1,1.07012e-27,-4.0038e-15,1358.56
1252,100,0.1,0.2,100,1,500,32,1,0,0,2.5,1,2,3,0,1,1,4.41691e-23,-1.96728e-15,369.258
1253,100,0.1,0.2,100,1,500,32,1,0,0,2.5,0,1,1,0,1,1,3.67073e-26,-1.69727e-15,528.794
1253,100,0.1,0.2,100,1,500,32,1,0,0,2.5,0,1,2,0,1,1,3.67073e-26,-1.69727e-15,580.533
1253,100,0.1,0.2,100,1,500,32,1,0,0,2.5,0,1,3,0,1,1,6.97897e-23,-1.83648e-15,317.127
1254,100,0.1,0.2,100,1,500,32,1,0,0,2.5,0,3,1,0,1,1,2.44028e-24,-3.02339e-15,447.653
1254,100,0.1,0.2,100,1,500,32,1,0,0,2.5,0,3,2,0,1,1,2.44028e-24,-3.02339e-15,440.454
1254,100,0.1,0.2,100,1,500,32,1,0,0,2.5,0,3,3,0,1,1,4.33268e-22,1.70574e-15,318.572
1255,100,0.1,0.2,100,1,500,32,1,0,0,2.5,0,0,1,0,1,1,6.70621e-29,-4.9194e-16,1227.15
1255,100,0.1,0.2,100,1,500,32,1,0,0,2.5,0,0,2,0,1,1,3.6702e-29,-1.64535e-15,1163.74
1255,100,0.1,0.2,100,1,500,32,1,0,0,2.5,0,0,3,0,1,1,3.44612e-22,1.50202e-15,291.688
1256,100,0.1,0.2,100,1,500,32,1,0,0,2.5,0,2,1,0,1,1,5.09792e-28,-3.03185e-15,1083.36
1256,100,0.1,0.2,100,1,500,32,1,0,0,2.5,0,2,2,0,1,1,6.32586e-31,-1.88506e-15,1087.96
1256,100,0.1,0.2,100,1,500,32,1,0,0,2.5,0,2,3,0,1,1,5.76662e-23,9.81713e-16,288.305
1257,100,0.1,0.2,100,1,500,32,1,0,0.1,2.5,1,1,1,0,-3603.69,0.967247,2069.02,0.608588,4593.54
1257,100,0.1,0.2,100,1,500,32,1,0,0.1,2.5,1,1,2,0,-3603.69,0.967247,2069.02,0.608588,5007.14
1257,100,0.1,0.2,100,1,500,32,1,0,0.1,2.5,1,1,3,0,0.0507201,0.97185,0.544867,0.523057,568.312
1258,100,0.1,0.2,100,1,500,32,1,0,0.1,2.5,1,3,1,0,-61.0649,0.966378,34.7018,0.655143,5548.48
1258,100,0.1,0.2,100,1,500,32,1,0,0.1,2.5,1,3,2,0,-199934,0.920324,111788,1.55253,5232.94
1258,100,0.1,0.2,100,1,500,32,1,0,0.1,2.5,1,3,3,0,0.0318574,0.972729,0.541308,0.531404,453.552
1259,100,0.1,0.2,100,1,500,32,1,0,0.1,2.5,1,0,1,0,-21.3212,0.970594,17.1438,0.586446,12905
1259,100,0.1,0.2,100,1,500,32,1,0,0.1,2.5,1,0,2,0,-88698.7,0.96667,68125.8,0.664703,14809.2
1259,100,0.1,0.2,100,1,500,32,1,0,0.1,2.5,1,0,3,0,0.0143207,0.963183,0.757051,0.734236,441.904
1260,100,0.1,0.2,100,1,500,32,1,0,0.1,2.5,1,2,1,0,-9536.79,0.966297,5904.55,0.668906,11891.2
1260,100,0.1,0.2,100,1,500,32,1,0,0.1,2.5,1,2,2,0,-20481.9,0.97005,12680.3,0.594421,12932.2
1260,100,0.1,0.2,100,1,500,32,1,0,0.1,2.5,1,2,3,0,0.043548,0.970611,0.592109,0.583288,422.761
1261,100,0.1,0.2,100,1,500,32,1,0,0.1,2.5,0,1,1,0,-4754.21,0.96819,1118.66,0.222122,3541.35
1261,100,0.1,0.2,100,1,500,32,1,0,0.1,2.5,0,1,2,0,-4754.21,0.96819,1118.66,0.222122,3768.46
1261,100,0.1,0.2,100,1,500,32,1,0,0.1,2.5,0,1,3,0,0.156613,0.973706,0.198406,0.183607,486.845
1262,100,0.1,0.2,100,1,500,32,1,0,0.1,2.5,0,3,1,0,-15.7409,0.976538,3.72134,0.176306,3381.97
1262,100,0.1,0.2,100,1,500,32,1,0,0.1,2.5,0,3,2,0,-3091.96,0.978097,687.534,0.164592,3647.81
1262,100,0.1,0.2,100,1,500,32,1,0,0.1,2.5,0,3,3,0,0.209262,0.978585,0.175773,0.160921,418.22
1263,100,0.1,0.2,100,1,500,32,1,0,0.1,2.5,0,0,1,0,-13192,0.967274,2922.55,0.245619,9727.46
1263,100,0.1,0.2,100,1,500,32,1,0,0.1,2.5,0,0,2,0,-4528.3,0.971864,1003.34,0.211166,11565.3
1263,100,0.1,0.2,100,1,500,32,1,0,0.1,2.5,0,0,3,0,0.068365,0.973528,0.206379,0.19868,512.488
1264,100,0.1,0.2,100,1,500,32,1,0,0.1,2.5,0,2,1,0,-13.3722,0.973103,3.38315,0.189021,8600.22
1264,100,0.1,0.2,100,1,500,32,1,0,0.1,2.5,0,2,2,0,-9227.34,0.975607,2172.31,0.171427,8199.71
1264,100,0.1,0.2,100,1,500,32,1,0,0.1,2.5,0,2,3,0,0.0580458,0.969723,0.221732,0.212772,459.882
1265,100,0.1,0.2,100,1,500,32,1,0,0.3,2.5,1,1,1,0,-201796,0.96929,368701,1.79214,8211.17
1265,100,0.1,0.2,100,1,500,32,1,0,0.3,2.5,1,1,2,0,-201796,0.96929,368701,1.79214,7268.33
1265,100,0.1,0.2,100,1,500,32,1,0,0.3,2.5,1,1,3,0,0.0611992,0.971538,1.71528,1.66096,567.559
1266,100,0.1,0.2,100,1,500,32,1,0,0.3,2.5,1,3,1,0,-1.61113e+06,0.96839,2.3969e+06,1.83232,6238.96
1266,100,0.1,0.2,100,1,500,32,1,0,0.3,2.5,1,3,2,0,-1.61113e+06,0.96839,2.3969e+06,1.83232,6593.08
1266,100,0.1,0.2,100,1,500,32,1,0,0.3,2.5,1,3,3,0,0.0366571,0.975692,1.43318,1.40903,594.13
1267,100,0.1,0.2,100,1,500,32,1,0,0.3,2.5,1,0,1,0,-851450,0.959158,1.77134e+06,2.28772,18475.2
1267,100,0.1,0.2,100,1,500,32,1,0,0.3,2.5,1,0,2,0,-137.22,0.966755,287.55,1.86217,18027.4
1267,100,0.1,0.2,100,1,500,32,1,0,0.3,2.5,1,0,3,0,0.0480238,0.965982,1.98047,1.9055,652.062
1268,100,0.1,0.2,100,1,500,32,1,0,0.3,2.5,1,2,1,0,-347.57,0.965437,590.417,2.02482,18846.7
1268,100,0.1,0.2,100,1,500,32,1,0,0.3,2.5,1,2,2,0,-718.465,0.968704,1218.65,1.83339,17896.4
1268,100,0.1,0.2,100,1,500,32,1,0,0.3,2.5,1,2,3,0,0.0669642,0.974196,1.5804,1.51165,802.696
1269,100,0.1,0.2,100,1,500,32,1,0,0.3,2.5,0,1,1,0,-591.241,0.968495,389.947,0.626639,6207.4
1269,100,0.1,0.2,100,1,500,32,1,0,0.3,2.5,0,1,2,0,-591.241,0.968495,389.947,0.626639,5067.18
1269,100,0.1,0.2,100,1,500,32,1,0,0.3,2.5,0,1,3,0,0.0636465,0.970938,0.616519,0.578046,516.823
1270,100,0.1,0.2,100,1,500,32,1,0,0.3,2.5,0,3,1,0,-2.11917e+07,0.915944,1.19835e+07,1.63739,5064.13
1270,100,0.1,0.2,100,1,500,32,1,0,0.3,2.5,0,3,2,0,-3986.7,0.952371,2254.96,0.927799,5082.27
1270,100,0.1,0.2,100,1,500,32,1,0,0.3,2.5,0,3,3,0,0.0252016,0.972223,0.551228,0.541092,523.898
1271,100,0.1,0.2,100,1,500,32,1,0,0.3,2.5,0,0,1,0,-656.567,0.965034,378.645,0.709008,15499.3
1271,100,0.1,0.2,100,1,500,32,1,0,0.3,2.5,0,0,2,0,-1.04015e+07,0.97229,5.98947e+06,0.561878,15222.1
1271,100,0.1,0.2,100,1,500,32,1,0,0.3,2.5,0,0,3,0,0.067281,0.975222,0.537085,0.502425,523.059
1272,100,0.1,0.2,100,1,500,32,1,0,0.3,2.5,0,2,1,0,-147933,0.958819,107764,0.857544,15651.3
1272,100,0.1,0.2,100,1,500,32,1,0,0.3,2.5,0,2,2,0,-1418.93,0.965106,1034.36,0.726634,13885.2
1272,100,0.1,0.2,100,1,500,32,1,0,0.3,2.5,0,2,3,0,0.0750822,0.970014,0.673765,0.624428,596.908
1273,100,0.1,0.2,100,1,500,32,1,0,0.5,2.5,1,1,1,0,-14143.6,0.9601,37663.3,3.74035,6346.08
1273,100,0.1,0.2,100,1,500,32,1,0,0.5,2.5,1,1,2,0,-1924.82,0.923032,5127.96,7.21523,6766.44
1273,100,0.1,0.2,100,1,500,32,1,0,0.5,2.5,1,1,3,0,0.110341,0.979722,2.36893,1.90091,1344.31
1274,100,0.1,0.2,100,1,500,32,1,0,0.5,2.5,1,3,1,0,-12896,0.93984,26337.9,3.71058,8502.06
1274,100,0.1,0.2,100,1,500,32,1,0,0.5,2.5,1,3,2,0,-74054.8,0.966796,151234,2.04799,6543.78
1274,100,0.1,0.2,100,1,500,32,1,0,0.5,2.5,1,3,3,0,0.0645156,0.974751,1.91042,1.55733,1256.18
1275,100,0.1,0.2,100,1,500,32,1,0,0.5,2.5,1,0,1,0,-535.101,0.967328,1115.39,2.1515,18423.6
1275,100,0.1,0.2,100,1,500,32,1,0,0.5,2.5,1,0,2,0,-28277.6,0.959258,58835.4,2.68296,20000.1
1275,100,0.1,0.2,100,1,500,32,1,0,0.5,2.5,1,0,3,0,0.0616249,0.974974,1.95235,1.64801,1318.38
1276,100,0.1,0.2,100,1,500,32,1,0,0.5,2.5,1,2,1,0,-27.369,0.970866,63.6008,2.06396,20373.2
1276,100,0.1,0.2,100,1,500,32,1,0,0.5,2.5,1,2,2,0,-33615.1,0.964755,75364.4,2.49686,19801
1276,100,0.1,0.2,100,1,500,32,1,0,0.5,2.5,1,2,3,0,0.0106958,0.97299,2.21794,1.91348,1446.11
1277,100,0.1,0.2,100,1,500,32,1,0,0.5,2.5,0,1,1,0,-566.606,0.923076,428.689,2.03262,7312.76
1277,100,0.1,0.2,100,1,500,32,1,0,0.5,2.5,0,1,2,0,-8558.98,0.966685,6464.98,0.880292,6088.01
1277,100,0.1,0.2,100,1,500,32,1,0,0.5,2.5,0,1,3,0,0.0630055,0.974647,0.707671,0.669912,648.691
1278,100,0.1,0.2,100,1,500,32,1,0,0.5,2.5,0,3,1,0,-462999,0.928657,336660,1.77573,5977.2
1278,100,0.1,0.2,100,1,500,32,1,0,0.5,2.5,0,3,2,0,-82539.8,0.961992,60017.7,0.946025,6094.88
1278,100,0.1,0.2,100,1,500,32,1,0,0.5,2.5,0,3,3,0,0.0412582,0.973341,0.697128,0.663539,662.574
1279,100,0.1,0.2,100,1,500,32,1,0,0.5,2.5,0,0,1,0,-10.9329,0.971333,13.3196,0.943317,17742.7
1279,100,0.1,0.2,100,1,500,32,1,0,0.5,2.5,0,0,2,0,-682.565,0.960429,763.005,1.30214,17081.2
1279,100,0.1,0.2,100,1,500,32,1,0,0.5,2.5,0,0,3,0,0.0281091,0.968252,1.08484,1.0447,814.647
1280,100,0.1,0.2,100,1,500,32,1,0,0.5,2.5,0,2,1,0,-2.40728,0.966944,3.20703,0.993766,18405.6
1280,100,0.1,0.2,100,1,500,32,1,0,0.5,2.5,0,2,2,0,-1892.07,0.969076,1781.81,0.929671,16259.9
1280,100,0.1,0.2,100,1,500,32,1,0,0.5,2.5,0,2,3,0,0.0706056,0.972843,0.874774,0.816438,684.554
1281,100,0.1,0.2,100,1,500,32,1,0.1,0,2.5,1,1,1,0,-52.9854,0.988561,1.00573,0.0141518,1790.9
1281,100,0.1,0.2,100,1,500,32,1,0.1,0,2.5,1,1,2,0,-52.9854,0.988561,1.00573,0.0141518,1815.15
1281,100,0.1,0.2,100,1,500,32,1,0.1,0,2.5,1,1,3,0,0.504026,0.993046,0.00923984,0.00860389,459.189
1282,100,0.1,0.2,100,1,500,32,1,0.1,0,2.5,1,3,1,0,-137.672,0.976899,2.00713,0.0298337,1745.89
1282,100,0.1,0.2,100,1,500,32,1,0.1,0,2.5,1,3,2,0,-3762.12,0.985746,54.467,0.0184086,3199.92
1282,100,0.1,0.2,100,1,500,32,1,0.1,0,2.5,1,3,3,0,0.407439,0.99371,0.00857667,0.00812289,235.113
1283,100,0.1,0.2,100,1,500,32,1,0.1,0,2.5,1,0,1,0,-28.5054,0.990444,1.49938,0.0120328,4315.42
1283,100,0.1,0.2,100,1,500,32,1,0.1,0,2.5,1,0,2,0,-1443.78,0.987767,73.4196,0.0154039,4033.79
1283,100,0.1,0.2,100,1,500,32,1,0.1,0,2.5,1,0,3,0,0.794082,0.992628,0.0104642,0.00928218,317.358
1284,100,0.1,0.2,100,1,500,32,1,0.1,0,2.5,1,2,1,0,-857.199,0.984101,26.5821,0.0201289,4177.17
1284,100,0.1,0.2,100,1,500,32,1,0.1,0,2.5,1,2,2,0,-3435.07,0.981856,106.43,0.0229719,4093.46
1284,100,0.1,0.2,100,1,500,32,1,0.1,0,2.5,1,2,3,0,0.700878,0.993455,0.00926507,0.00828576,323.686
1285,100,0.1,0.2,100,1,500,32,1,0.1,0,2.5,0,1,1,0,-29727.2,0.928948,654.073,0.0871401,1876.28
1285,100,0.1,0.2,100,1,500,32,1,0.1,0,2.5,0,1,2,0,-3184.75,0.845339,70.0921,0.189681,1780.49
1285,100,0.1,0.2,100,1,500,32,1,0.1,0,2.5,0,1,3,0,0.583427,0.993062,0.00916533,0.00850957,311.47
1286,100,0.1,0.2,100,1,500,32,1,0.1,0,2.5,0,3,1,0,-63.745,0.992404,2.84,0.00968835,1941.81
1286,100,0.1,0.2,100,1,500,32,1,0.1,0,2.5,0,3,2,0,-26.548,0.982958,1.20837,0.0217371,1909.75
1286,100,0.1,0.2,100,1,500,32,1,0.1,0,2.5,0,3,3,0,0.782632,0.993173,0.00953471,0.00870819,483.366
1287,100,0.1,0.2,100,1,500,32,1,0.1,0,2.5,0,0,1,0,-5334.49,0.990841,106.557,0.0123233,4210.14
1287,100,0.1,0.2,100,1,500,32,1,0.1,0,2.5,0,0,2,0,-9275.43,0.993397,185.263,0.00888469,6222.34
1287,100,0.1,0.2,100,1,500,32,1,0.1,0,2.5,0,0,3,0,0.507215,0.99332,0.00984161,0.00898825,287.534
1288,100,0.1,0.2,100,1,500,32,1,0.1,0,2.5,0,2,1,0,-16.8664,0.98774,1.76677,0.0152778,3766.14
1288,100,0.1,0.2,100,1,500,32,1,0.1,0,2.5,0,2,2,0,-14.6877,0.983618,1.55132,0.0204144,4132.46
1288,100,0.1,0.2,100,1,500,32,1,0.1,0,2.5,0,2,3,0,0.905028,0.993589,0.00939155,0.00798959,290.007
1289,100,0.1,0.2,100,1,500,32,1,0.1,0.1,2.5,1,1,1,0,-57.3647,0.969992,30.6228,0.579356,4583.73
1289,100,0.1,0.2,100,1,500,32,1,0.1,0.1,2.5,1,1,2,0,-57.3647,0.969992,30.6228,0.579356,5022.94
1289,100,0.1,0.2,100,1,500,32,1,0.1,0.1,2.5,1,1,3,0,0.0280792,0.974106,0.509947,0.499946,390.082
1290,100,0.1,0.2,100,1,500,32,1,0.1,0.1,2.5,1,3,1,0,-237.462,0.966095,147.136,0.699513,4749.61
1290,100,0.1,0.2,100,1,500,32,1,0.1,0.1,2.5,1,3,2,0,-237.462,0.966095,147.136,0.699513,4629.24
1290,100,0.1,0.2,100,1,500,32,1,0.1,0.1,2.5,1,3,3,0,0.0446714,0.973437,0.58946,0.548043,1756.48
1291,100,0.1,0.2,100,1,500,32,1,0.1,0.1,2.5,1,0,1,0,-1.59686e+06,0.958954,970339,0.750576,12309.5
1291,100,0.1,0.2,100,1,500,32,1,0.1,0.1,2.5,1,0,2,0,-4457.23,0.965291,2709.07,0.634689,12649.6
1291,100,0.1,0.2,100,1,500,32,1,0.1,0.1,2.5,1,0,3,0,0.0091963,0.967634,0.602068,0.591843,425.114
1292,100,0.1,0.2,100,1,500,32,1,0.1,0.1,2.5,1,2,1,0,-38.709,0.964633,26.3457,0.733399,14732.4
1292,100,0.1,0.2,100,1,500,32,1,0.1,0.1,2.5,1,2,2,0,-1.30856e+08,0.95674,8.6819e+07,0.897083,12861.9
1292,100,0.1,0.2,100,1,500,32,1,0.1,0.1,2.5,1,2,3,0,0.0358216,0.969552,0.639702,0.631399,409.258
1293,100,0.1,0.2,100,1,500,32,1,0.1,0.1,2.5,0,1,1,0,-1564.74,0.972088,283.942,0.211412,3698.28
1293,100,0.1,0.2,100,1,500,32,1,0.1,0.1,2.5,0,1,2,0,-2800.53,0.958986,508.048,0.31065,4020.79
1293,100,0.1,0.2,100,1,500,32,1,0.1,0.1,2.5,0,1,3,0,0.0541486,0.977948,0.171527,0.167027,411.051
1294,100,0.1,0.2,100,1,500,32,1,0.1,0.1,2.5,0,3,1,0,-128601,0.967634,25523.9,0.245988,3608.42
1294,100,0.1,0.2,100,1,500,32,1,0.1,0.1,2.5,0,3,2,0,-128601,0.967634,25523.9,0.245988,3768.65
1294,100,0.1,0.2,100,1,500,32,1,0.1,0.1,2.5,0,3,3,0,0.0810967,0.976959,0.182376,0.175116,509.638
1295,100,0.1,0.2,100,1,500,32,1,0.1,0.1,2.5,0,0,1,0,-26.5026,0.973914,8.7963,0.196901,9985.98
1295,100,0.1,0.2,100,1,500,32,1,0.1,0.1,2.5,0,0,2,0,-8.01093,0.970967,2.88201,0.219141,11736.1
1295,100,0.1,0.2,100,1,500,32,1,0.1,0.1,2.5,0,0,3,0,0.263348,0.972256,0.235607,0.209414,532.715
1296,100,0.1,0.2,100,1,500,32,1,0.1,0.1,2.5,0,2,1,0,-219.293,0.971157,48.9765,0.218825,10344.7
1296,100,0.1,0.2,100,1,500,32,1,0.1,0.1,2.5,0,2,2,0,-235065,0.971107,52260.8,0.219206,9741.26
1296,100,0.1,0.2,100,1,500,32,1,0.1,0.1,2.5,0,2,3,0,0.0877826,0.974187,0.202808,0.195837,460.116
1297,100,0.1,0.2,100,1,500,32,1,0.1,0.3,2.5,1,1,1,0,-1970.5,0.96845,3341.58,1.83491,6962.48
1297,100,0.1,0.2,100,1,500,32,1,0.1,0.3,2.5,1,1,2,0,-2421.97,0.955519,4106.8,2.58691,5965.19
1297,100,0.1,0.2,100,1,500,32,1,0.1,0.3,2.5,1,1,3,0,0.0532468,0.973422,1.60469,1.54572,673.421
1298,100,0.1,0.2,100,1,500,32,1,0.1,0.3,2.5,1,3,1,0,-52.9343,0.968467,83.3897,1.69184,6221.47
1298,100,0.1,0.2,100,1,500,32,1,0.1,0.3,2.5,1,3,2,0,-2365.96,0.963009,3659.64,1.98465,6434.85
1298,100,0.1,0.2,100,1,500,32,1,0.1,0.3,2.5,1,3,3,0,0.0527497,0.97424,1.46458,1.38211,847.127
1299,100,0.1,0.2,100,1,500,32,1,0.1,0.3,2.5,1,0,1,0,-18.7176,0.963208,32.4212,1.93178,18114.3
1299,100,0.1,0.2,100,1,500,32,1,0.1,0.3,2.5,1,0,2,0,-44.2423,0.967069,74.3908,1.72902,16840.8
1299,100,0.1,0.2,100,1,500,32,1,0.1,0.3,2.5,1,0,3,0,0.0801155,0.973526,1.51254,1.38999,1063.02
1300,100,0.1,0.2,100,1,500,32,1,0.1,0.3,2.5,1,2,1,0,-17295.9,0.931973,33569.8,3.95361,18299.9
1300,100,0.1,0.2,100,1,500,32,1,0.1,0.3,2.5,1,2,2,0,-1647.31,0.971755,3199.04,1.64156,17383.3
1300,100,0.1,0.2,100,1,500,32,1,0.1,0.3,2.5,1,2,3,0,0.0506251,0.969184,1.84254,1.79097,635.221
1301,100,0.1,0.2,100,1,500,32,1,0.1,0.3,2.5,0,1,1,0,-570.535,0.953721,288.927,0.788534,6256.14
1301,100,0.1,0.2,100,1,500,32,1,0.1,0.3,2.5,0,1,2,0,-4.64716e+07,0.920107,2.34927e+07,1.36127,4780.49
1301,100,0.1,0.2,100,1,500,32,1,0.1,0.3,2.5,0,1,3,0,0.0813618,0.974376,0.464397,0.436604,499.856
1302,100,0.1,0.2,100,1,500,32,1,0.1,0.3,2.5,0,3,1,0,-10221.7,0.918367,5686.94,1.62714,5022.85
1302,100,0.1,0.2,100,1,500,32,1,0.1,0.3,2.5,0,3,2,0,-10221.7,0.918367,5686.94,1.62714,4975.77
1302,100,0.1,0.2,100,1,500,32,1,0.1,0.3,2.5,0,3,3,0,0.0372698,0.973793,0.535573,0.522368,524.716
1303,100,0.1,0.2,100,1,500,32,1,0.1,0.3,2.5,0,0,1,0,-3960.39,0.967071,2472.54,0.625518,14766.6
1303,100,0.1,0.2,100,1,500,32,1,0.1,0.3,2.5,0,0,2,0,-108.3,0.965763,68.2207,0.650376,13324.6
1303,100,0.1,0.2,100,1,500,32,1,0.1,0.3,2.5,0,0,3,0,0.0443109,0.969972,0.596503,0.570413,574.565
1304,100,0.1,0.2,100,1,500,32,1,0.1,0.3,2.5,0,2,1,0,-7.93607,0.965869,5.50877,0.640939,13688.8
1304,100,0.1,0.2,100,1,500,32,1,0.1,0.3,2.5,0,2,2,0,-57917.6,0.958284,35704.8,0.783375,15629.2
1304,100,0.1,0.2,100,1,500,32,1,0.1,0.3,2.5,0,2,3,0,0.0682725,0.971447,0.574377,0.536184,551.098
1305,100,0.1,0.2,100,1,500,32,1,0.1,0.5,2.5,1,1,1,0,-156811,0.965768,443311,3.32315,7188.51
1305,100,0.1,0.2,100,1,500,32,1,0.1,0.5,2.5,1,1,2,0,-2785.47,0.966684,7877.41,3.2342,7276.72
1305,100,0.1,0.2,100,1,500,32,1,0.1,0.5,2.5,1,1,3,0,0.131221,0.980827,2.45605,1.86121,1164.42
1306,100,0.1,0.2,100,1,500,32,1,0.1,0.5,2.5,1,3,1,0,-97.4711,0.969657,265.162,2.64064,8238.66
1306,100,0.1,0.2,100,1,500,32,1,0.1,0.5,2.5,1,3,2,0,-102.784,0.951497,279.47,4.22101,7053.52
1306,100,0.1,0.2,100,1,500,32,1,0.1,0.5,2.5,1,3,3,0,0.0866264,0.976768,2.45952,2.02177,1366.44
1307,100,0.1,0.2,100,1,500,32,1,0.1,0.5,2.5,1,0,1,0,-7550.4,0.962086,14179.7,2.38355,18081.2
1307,100,0.1,0.2,100,1,500,32,1,0.1,0.5,2.5,1,0,2,0,-1209.29,0.967894,2272.63,2.01845,18772.1
1307,100,0.1,0.2,100,1,500,32,1,0.1,0.5,2.5,1,0,3,0,0.0260776,0.975224,1.82879,1.5576,1564.64
1308,100,0.1,0.2,100,1,500,32,1,0.1,0.5,2.5,1,2,1,0,-2150.96,0.970473,6172.95,2.83314,19478.5
1308,100,0.1,0.2,100,1,500,32,1,0.1,0.5,2.5,1,2,2,0,-7592.75,0.929813,21782.9,6.73443,18652.6
1308,100,0.1,0.2,100,1,500,32,1,0.1,0.5,2.5,1,2,3,0,0.114121,0.97906,2.54117,2.0092,1144.45
1309,100,0.1,0.2,100,1,500,32,1,0.1,0.5,2.5,0,1,1,0,-1906.38,0.969707,1836.37,1.01036,6547.79
1309,100,0.1,0.2,100,1,500,32,1,0.1,0.5,2.5,0,1,2,0,-1368.79,0.951204,1318.8,1.62746,7495.47
1309,100,0.1,0.2,100,1,500,32,1,0.1,0.5,2.5,0,1,3,0,0.102608,0.976337,0.863987,0.789212,675.045
1310,100,0.1,0.2,100,1,500,32,1,0.1,0.5,2.5,0,3,1,0,-49.2917,0.963759,50.0429,1.18637,6133.27
1310,100,0.1,0.2,100,1,500,32,1,0.1,0.5,2.5,0,3,2,0,-422.252,0.962855,421.157,1.21597,6173.94
1310,100,0.1,0.2,100,1,500,32,1,0.1,0.5,2.5,0,3,3,0,0.0386878,0.971751,0.956555,0.924738,732.943
1311,100,0.1,0.2,100,1,500,32,1,0.1,0.5,2.5,0,0,1,0,-1750.52,0.96436,1886.14,1.11033,16626.6
1311,100,0.1,0.2,100,1,500,32,1,0.1,0.5,2.5,0,0,2,0,-949401,0.958949,1.02237e+06,1.27889,16644.4
1311,100,0.1,0.2,100,1,500,32,1,0.1,0.5,2.5,0,0,3,0,0.0538,0.969008,1.01892,0.965517,632.296
1312,100,0.1,0.2,100,1,500,32,1,0.1,0.5,2.5,0,2,1,0,-139.098,0.965587,158.322,1.13552,15993.8
1312,100,0.1,0.2,100,1,500,32,1,0.1,0.5,2.5,0,2,2,0,-161355,0.969279,182345,1.01369,18830.2
1312,100,0.1,0.2,100,1,500,32,1,0.1,0.5,2.5,0,2,3,0,0.0707046,0.970251,1.05018,0.98161,833.944
1313,100,0.1,0.2,100,1,500,32,1,0.3,0,2.5,1,1,1,0,-829.27,0.937676,86.5316,0.236876,3788.78
1313,100,0.1,0.2,100,1,500,32,1,0.3,0,2.5,1,1,2,0,-5.96535e+07,0.947534,6.21715e+06,0.199408,3939.96
1313,100,0.1,0.2,100,1,500,32,1,0.3,0,2.5,1,1,3,0,0.0824222,0.976361,0.0956309,0.0898447,340.869
1314,100,0.1,0.2,100,1,500,32,1,0.3,0,2.5,1,3,1,0,-2.31068e+09,0.962696,2.19517e+08,0.143247,3646.54
1314,100,0.1,0.2,100,1,500,32,1,0.3,0,2.5,1,3,2,0,-72919.9,0.968969,6927.55,0.11916,5490.56
1314,100,0.1,0.2,100,1,500,32,1,0.3,0,2.5,1,3,3,0,0.122853,0.980362,0.0833298,0.0754104,297.553
1315,100,0.1,0.2,100,1,500,32,1,0.3,0,2.5,1,0,1,0,-4.96426e+06,0.946457,418052,0.196665,10717.5
1315,100,0.1,0.2,100,1,500,32,1,0.3,0,2.5,1,0,2,0,-40.6075,0.97737,3.50387,0.0831202,10721.9
1315,100,0.1,0.2,100,1,500,32,1,0.3,0,2.5,1,0,3,0,0.0854767,0.980099,0.0770141,0.0730958,334.076
1316,100,0.1,0.2,100,1,500,32,1,0.3,0,2.5,1,2,1,0,-345.547,0.975186,34.8802,0.0953952,11442.5
1316,100,0.1,0.2,100,1,500,32,1,0.3,0,2.5,1,2,2,0,-419.615,0.963548,42.3352,0.140133,9982.41
1316,100,0.1,0.2,100,1,500,32,1,0.3,0,2.5,1,2,3,0,0.147757,0.979273,0.0857788,0.0796831,288.636
1317,100,0.1,0.2,100,1,500,32,1,0.3,0,2.5,0,1,1,0,-500.704,0.966824,77.4498,0.130951,3763.9
1317,100,0.1,0.2,100,1,500,32,1,0.3,0,2.5,0,1,2,0,-96.5013,0.959164,15.0516,0.161186,3830.57
1317,100,0.1,0.2,100,1,500,32,1,0.3,0,2.5,0,1,3,0,0.398201,0.979048,0.0929019,0.0827012,383.147
1318,100,0.1,0.2,100,1,500,32,1,0.3,0,2.5,0,3,1,0,-12732.3,0.974106,1160.52,0.0995832,4019.54
1318,100,0.1,0.2,100,1,500,32,1,0.3,0,2.5,0,3,2,0,-49.452,0.948611,4.59824,0.197635,4017.84
1318,100,0.1,0.2,100,1,500,32,1,0.3,0,2.5,0,3,3,0,0.0994996,0.980578,0.0820724,0.0746933,333.866
1319,100,0.1,0.2,100,1,500,32,1,0.3,0,2.5,0,0,1,0,-39062.4,0.974026,3629.4,0.100173,10654
1319,100,0.1,0.2,100,1,500,32,1,0.3,0,2.5,0,0,2,0,-177.932,0.969136,16.6247,0.119032,12047.1
1319,100,0.1,0.2,100,1,500,32,1,0.3,0,2.5,0,0,3,0,0.0910181,0.979386,0.0844539,0.0794991,301.9
1320,100,0.1,0.2,100,1,500,32,1,0.3,0,2.5,0,2,1,0,-69199.9,0.974636,6766,0.0933536,10314.8
1320,100,0.1,0.2,100,1,500,32,1,0.3,0,2.5,0,2,2,0,-509.657,0.907979,49.9286,0.338685,9682.72
1320,100,0.1,0.2,100,1,500,32,1,0.3,0,2.5,0,2,3,0,0.0741894,0.977029,0.0905196,0.0845446,201.624
1321,100,0.1,0.2,100,1,500,32,1,0.3,0.1,2.5,1,1,1,0,-192.095,0.961474,135.568,0.86417,4993.75
1321,100,0.1,0.2,100,1,500,32,1,0.3,0.1,2.5,1,1,2,0,-39194.1,0.964105,27518,0.805141,6273.2
1321,100,0.1,0.2,100,1,500,32,1,0.3,0.1,2.5,1,1,3,0,0.01339,0.971214,0.692677,0.645684,508.346
1322,100,0.1,0.2,100,1,500,32,1,0.3,0.1,2.5,1,3,1,0,-53.215,0.961916,42.4284,0.849203,5000.25
1322,100,0.1,0.2,100,1,500,32,1,0.3,0.1,2.5,1,3,2,0,-548.513,0.967467,430.046,0.725416,5168.88
1322,100,0.1,0.2,100,1,500,32,1,0.3,0.1,2.5,1,3,3,0,0.0256438,0.968214,0.762527,0.708776,499.147
1323,100,0.1,0.2,100,1,500,32,1,0.3,0.1,2.5,1,0,1,0,-1926.08,0.967558,1356.84,0.734794,14023.4
1323,100,0.1,0.2,100,1,500,32,1,0.3,0.1,2.5,1,0,2,0,-3324.05,0.965575,2341.14,0.779702,14561.8
1323,100,0.1,0.2,100,1,500,32,1,0.3,0.1,2.5,1,0,3,0,0.0383022,0.970689,0.677123,0.663885,439.897
1324,100,0.1,0.2,100,1,500,32,1,0.3,0.1,2.5,1,2,1,0,-3838.01,0.969011,2519.33,0.720192,16100.3
1324,100,0.1,0.2,100,1,500,32,1,0.3,0.1,2.5,1,2,2,0,-20.0726,0.963679,13.8288,0.844102,14611.7
1324,100,0.1,0.2,100,1,500,32,1,0.3,0.1,2.5,1,2,3,0,0.0418162,0.97449,0.628802,0.592856,488.297
1325,100,0.1,0.2,100,1,500,32,1,0.3,0.1,2.5,0,1,1,0,-148.223,0.964785,43.0326,0.355372,4613.48
1325,100,0.1,0.2,100,1,500,32,1,0.3,0.1,2.5,0,1,2,0,-148.223,0.964785,43.0326,0.355372,4626.7
1325,100,0.1,0.2,100,1,500,32,1,0.3,0.1,2.5,0,1,3,0,0.0327165,0.973177,0.278943,0.270681,534.433
1326,100,0.1,0.2,100,1,500,32,1,0.3,0.1,2.5,0,3,1,0,-227.45,0.974219,64.209,0.266279,4673.09
1326,100,0.1,0.2,100,1,500,32,1,0.3,0.1,2.5,0,3,2,0,-227.45,0.974219,64.209,0.266279,4605.77
1326,100,0.1,0.2,100,1,500,32,1,0.3,0.1,2.5,0,3,3,0,0.0459359,0.97503,0.268153,0.257911,422.06
1327,100,0.1,0.2,100,1,500,32,1,0.3,0.1,2.5,0,0,1,0,-23.5119,0.967466,9.03795,0.335068,11625.5
1327,100,0.1,0.2,100,1,500,32,1,0.3,0.1,2.5,0,0,2,0,-80.4362,0.968158,30.0269,0.327946,13730.6
1327,100,0.1,0.2,100,1,500,32,1,0.3,0.1,2.5,0,0,3,0,0.0831841,0.969278,0.338046,0.316405,584.64
1328,100,0.1,0.2,100,1,500,32,1,0.3,0.1,2.5,0,2,1,0,-56680.2,0.970739,14500.2,0.298956,12555
1328,100,0.1,0.2,100,1,500,32,1,0.3,0.1,2.5,0,2,2,0,-6.52452,0.971511,1.92493,0.291072,11885.7
1328,100,0.1,0.2,100,1,500,32,1,0.3,0.1,2.5,0,2,3,0,0.0548421,0.977188,0.241791,0.233069,409.275
1329,100,0.1,0.2,100,1,500,32,1,0.3,0.3,2.5,1,1,1,0,-36847.5,0.955352,56502.5,2.07456,6246.67
1329,100,0.1,0.2,100,1,500,32,1,0.3,0.3,2.5,1,1,2,0,-1.09959e+07,0.960338,1.68609e+07,1.84288,6196.46
1329,100,0.1,0.2,100,1,500,32,1,0.3,0.3,2.5,1,1,3,0,0.0545323,0.973023,1.44976,1.25348,759.178
1330,100,0.1,0.2,100,1,500,32,1,0.3,0.3,2.5,1,3,1,0,-57.4962,0.956317,119.755,2.66126,6898.17
1330,100,0.1,0.2,100,1,500,32,1,0.3,0.3,2.5,1,3,2,0,-57.4962,0.956317,119.755,2.66126,8672.34
1330,100,0.1,0.2,100,1,500,32,1,0.3,0.3,2.5,1,3,3,0,0.0887383,0.971613,1.86556,1.72935,814.402
1331,100,0.1,0.2,100,1,500,32,1,0.3,0.3,2.5,1,0,1,0,-435.113,0.95998,939.997,2.49545,18332.8
1331,100,0.1,0.2,100,1,500,32,1,0.3,0.3,2.5,1,0,2,0,-7443.66,0.967986,16046.2,1.99621,18623.8
1331,100,0.1,0.2,100,1,500,32,1,0.3,0.3,2.5,1,0,3,0,0.0534797,0.968499,2.04013,1.96428,616.35
1332,100,0.1,0.2,100,1,500,32,1,0.3,0.3,2.5,1,2,1,0,-464.592,0.971612,709.151,1.40465,16510.8
1332,100,0.1,0.2,100,1,500,32,1,0.3,0.3,2.5,1,2,2,0,-23070.3,0.967604,35140.3,1.603,18134.5
1332,100,0.1,0.2,100,1,500,32,1,0.3,0.3,2.5,1,2,3,0,0.0361014,0.971873,1.46813,1.39174,863.621
1333,100,0.1,0.2,100,1,500,32,1,0.3,0.3,2.5,0,1,1,0,-244.854,0.964503,203.448,0.810877,5345.21
1333,100,0.1,0.2,100,1,500,32,1,0.3,0.3,2.5,0,1,2,0,-12604.9,0.971385,10431.6,0.653663,5220.14
1333,100,0.1,0.2,100,1,500,32,1,0.3,0.3,2.5,0,1,3,0,0.0331351,0.966125,0.800096,0.773818,507.934
1334,100,0.1,0.2,100,1,500,32,1,0.3,0.3,2.5,0,3,1,0,-2.94867e+06,0.968516,2.11252e+06,0.727091,5209.58
1334,100,0.1,0.2,100,1,500,32,1,0.3,0.3,2.5,0,3,2,0,-130.393,0.963932,94.1336,0.832946,6740.12
1334,100,0.1,0.2,100,1,500,32,1,0.3,0.3,2.5,0,3,3,0,0.0522178,0.971938,0.67902,0.648056,607.641
1335,100,0.1,0.2,100,1,500,32,1,0.3,0.3,2.5,0,0,1,0,-3125.11,0.964248,2164.14,0.840232,14201.5
1335,100,0.1,0.2,100,1,500,32,1,0.3,0.3,2.5,0,0,2,0,-1597.57,0.965777,1106.65,0.804312,17163.7
1335,100,0.1,0.2,100,1,500,32,1,0.3,0.3,2.5,0,0,3,0,0.0331232,0.972388,0.669347,0.648939,581.321
1336,100,0.1,0.2,100,1,500,32,1,0.3,0.3,2.5,0,2,1,0,-66.178,0.961679,44.0359,0.86651,14693.6
1336,100,0.1,0.2,100,1,500,32,1,0.3,0.3,2.5,0,2,2,0,-334870,0.902047,219512,2.21491,14200.1
1336,100,0.1,0.2,100,1,500,32,1,0.3,0.3,2.5,0,2,3,0,0.0291853,0.972754,0.636379,0.616088,508.268
1337,100,0.1,0.2,100,1,500,32,1,0.3,0.5,2.5,1,1,1,0,-30431.8,0.966093,88167.3,2.87403,7949.6
1337,100,0.1,0.2,100,1,500,32,1,0.3,0.5,2.5,1,1,2,0,-197.904,0.961306,576.248,3.27981,6266.06
1337,100,0.1,0.2,100,1,500,32,1,0.3,0.5,2.5,1,1,3,0,0.0758829,0.974668,2.67727,2.14717,1048.9
1338,100,0.1,0.2,100,1,500,32,1,0.3,0.5,2.5,1,3,1,0,-6055.19,0.964554,19005.1,3.56724,6579.13
1338,100,0.1,0.2,100,1,500,32,1,0.3,0.5,2.5,1,3,2,0,-2405.71,0.941823,7552.58,5.85492,6591.87
1338,100,0.1,0.2,100,1,500,32,1,0.3,0.5,2.5,1,3,3,0,0.0964536,0.977271,2.83545,2.28741,1219.32
1339,100,0.1,0.2,100,1,500,32,1,0.3,0.5,2.5,1,0,1,0,-64.759,0.965315,191.458,3.23679,19547.7
1339,100,0.1,0.2,100,1,500,32,1,0.3,0.5,2.5,1,0,2,0,-1.33257e+06,0.969228,3.8798e+06,2.8717,17999.3
1339,100,0.1,0.2,100,1,500,32,1,0.3,0.5,2.5,1,0,3,0,0.045699,0.971961,2.77846,2.6166,824.546
1340,100,0.1,0.2,100,1,500,32,1,0.3,0.5,2.5,1,2,1,0,-29.8472,0.936149,89.1874,5.78721,19457
1340,100,0.1,0.2,100,1,500,32,1,0.3,0.5,2.5,1,2,2,0,-3.4266e+06,0.940557,9.90721e+06,5.38775,19694
1340,100,0.1,0.2,100,1,500,32,1,0.3,0.5,2.5,1,2,3,0,0.0721832,0.976884,2.68257,2.09513,1126.76
1341,100,0.1,0.2,100,1,500,32,1,0.3,0.5,2.5,0,1,1,0,-360848,0.960103,296439,1.03562,5367.7
1341,100,0.1,0.2,100,1,500,32,1,0.3,0.5,2.5,0,1,2,0,-9.96957e+06,0.965791,8.19004e+06,0.887986,5380.78
1341,100,0.1,0.2,100,1,500,32,1,0.3,0.5,2.5,0,1,3,0,0.046969,0.971766,0.782919,0.732885,615.153
1342,100,0.1,0.2,100,1,500,32,1,0.3,0.5,2.5,0,3,1,0,-435.408,0.971421,477.869,1.02657,5570.65
1342,100,0.1,0.2,100,1,500,32,1,0.3,0.5,2.5,0,3,2,0,-110.012,0.970626,121.559,1.0551,5809.92
1342,100,0.1,0.2,100,1,500,32,1,0.3,0.5,2.5,0,3,3,0,0.0364752,0.971608,1.05506,1.01984,611.76
1343,100,0.1,0.2,100,1,500,32,1,0.3,0.5,2.5,0,0,1,0,-58.5771,0.968861,57.2645,0.973528,16778.3
1343,100,0.1,0.2,100,1,500,32,1,0.3,0.5,2.5,0,0,2,0,-2124.09,0.963932,2042.6,1.12762,14942.1
1343,100,0.1,0.2,100,1,500,32,1,0.3,0.5,2.5,0,0,3,0,0.043931,0.971939,0.918957,0.8773,509.634
1344,100,0.1,0.2,100,1,500,32,1,0.3,0.5,2.5,0,2,1,0,-1138.52,0.971283,1209.98,0.880568,17131.9
1344,100,0.1,0.2,100,1,500,32,1,0.3,0.5,2.5,0,2,2,0,-742428,0.937351,788341,1.92107,14587.8
1344,100,0.1,0.2,100,1,500,32,1,0.3,0.5,2.5,0,2,3,0,0.0184274,0.967384,1.04227,1.00014,716.061
1345,100,0.1,0.2,100,1,500,32,1,0.5,0,2.5,1,1,1,0,-2105.72,0.967889,551.852,0.278007,4443.11
1345,100,0.1,0.2,100,1,500,32,1,0.5,0,2.5,1,1,2,0,-2105.72,0.967889,551.852,0.278007,6471.18
1345,100,0.1,0.2,100,1,500,32,1,0.5,0,2.5,1,1,3,0,0.0519367,0.972806,0.248344,0.235437,420.625
1346,100,0.1,0.2,100,1,500,32,1,0.5,0,2.5,1,3,1,0,-603.652,0.965456,158.299,0.302857,4554.12
1346,100,0.1,0.2,100,1,500,32,1,0.5,0,2.5,1,3,2,0,-44.1583,0.9599,11.8225,0.351566,4538
1346,100,0.1,0.2,100,1,500,32,1,0.5,0,2.5,1,3,3,0,0.0782256,0.97386,0.241322,0.229175,403.956
1347,100,0.1,0.2,100,1,500,32,1,0.5,0,2.5,1,0,1,0,-236.659,0.966873,61.5522,0.292551,11367.2
1347,100,0.1,0.2,100,1,500,32,1,0.5,0,2.5,1,0,2,0,-314.081,0.918851,81.6043,0.71665,11822.3
1347,100,0.1,0.2,100,1,500,32,1,0.5,0,2.5,1,0,3,0,0.0876962,0.975194,0.236281,0.219067,408.366
1348,100,0.1,0.2,100,1,500,32,1,0.5,0,2.5,1,2,1,0,-101.499,0.943179,24.8236,0.501222,14629.9
1348,100,0.1,0.2,100,1,500,32,1,0.5,0,2.5,1,2,2,0,-441.672,0.96966,107.208,0.267626,12542.4
1348,100,0.1,0.2,100,1,500,32,1,0.5,0,2.5,1,2,3,0,0.0402405,0.974704,0.232439,0.223138,389.839
1349,100,0.1,0.2,100,1,500,32,1,0.5,0,2.5,0,1,1,0,-447.268,0.956297,106.195,0.371736,4223.05
1349,100,0.1,0.2,100,1,500,32,1,0.5,0,2.5,0,1,2,0,-14.936,0.962874,3.77525,0.31579,4359.52
1349,100,0.1,0.2,100,1,500,32,1,0.5,0,2.5,0,1,3,0,0.0918464,0.976389,0.215142,0.200835,385.938
1350,100,0.1,0.2,100,1,500,32,1,0.5,0,2.5,0,3,1,0,-575.118,0.938249,146.407,0.522737,4238.98
1350,100,0.1,0.2,100,1,500,32,1,0.5,0,2.5,0,3,2,0,-575.118,0.938249,146.407,0.522737,4422.76
1350,100,0.1,0.2,100,1,500,32,1,0.5,0,2.5,0,3,3,0,0.0756093,0.973646,0.234912,0.223096,416.457
1351,100,0.1,0.2,100,1,500,32,1,0.5,0,2.5,0,0,1,0,-2.62666e+08,0.967945,7.47023e+07,0.285924,13611
1351,100,0.1,0.2,100,1,500,32,1,0.5,0,2.5,0,0,2,0,-21.9766,0.960452,6.53455,0.352755,11790.2
1351,100,0.1,0.2,100,1,500,32,1,0.5,0,2.5,0,0,3,0,0.124201,0.974419,0.249077,0.228172,422.221
1352,100,0.1,0.2,100,1,500,32,1,0.5,0,2.5,0,2,1,0,-194.727,0.96121,63.5265,0.33523,13589.3
1352,100,0.1,0.2,100,1,500,32,1,0.5,0,2.5,0,2,2,0,-5282.96,0.966467,1715,0.289797,12016.4
1352,100,0.1,0.2,100,1,500,32,1,0.5,0,2.5,0,2,3,0,0.194728,0.973109,0.261365,0.2324,388.309
1353,100,0.1,0.2,100,1,500,32,1,0.5,0.1,2.5,1,1,1,0,-2706.49,0.963256,2254.69,0.984932,5161.86
1353,100,0.1,0.2,100,1,500,32,1,0.5,0.1,2.5,1,1,2,0,-2565.85,0.964602,2137.57,0.948845,5519.63
1353,100,0.1,0.2,100,1,500,32,1,0.5,0.1,2.5,1,1,3,0,0.0153472,0.971069,0.819979,0.775487,512.45
1354,100,0.1,0.2,100,1,500,32,1,0.5,0.1,2.5,1,3,1,0,-431.53,0.963482,366.36,0.97918,6725.31
1354,100,0.1,0.2,100,1,500,32,1,0.5,0.1,2.5,1,3,2,0,-13812.3,0.948025,11700.1,1.39365,5389.51
1354,100,0.1,0.2,100,1,500,32,1,0.5,0.1,2.5,1,3,3,0,0.0298974,0.970531,0.821693,0.790189,416.46
1355,100,0.1,0.2,100,1,500,32,1,0.5,0.1,2.5,1,0,1,0,-42138.9,0.963293,31032.5,0.962929,14638.3
1355,100,0.1,0.2,100,1,500,32,1,0.5,0.1,2.5,1,0,2,0,-115530,0.967772,85078.5,0.845428,16288.2
1355,100,0.1,0.2,100,1,500,32,1,0.5,0.1,2.5,1,0,3,0,0.0424162,0.974108,0.705179,0.679235,626.259
1356,100,0.1,0.2,100,1,500,32,1,0.5,0.1,2.5,1,2,1,0,-2225.11,0.962528,1760.04,0.996297,13698.6
1356,100,0.1,0.2,100,1,500,32,1,0.5,0.1,2.5,1,2,2,0,-108.238,0.970112,86.3674,0.794653,14061.4
1356,100,0.1,0.2,100,1,500,32,1,0.5,0.1,2.5,1,2,3,0,0.00783078,0.970996,0.784443,0.771158,2043.13
1357,100,0.1,0.2,100,1,500,32,1,0.5,0.1,2.5,0,1,1,0,-58.5464,0.966385,25.635,0.497716,4897.87
1357,100,0.1,0.2,100,1,500,32,1,0.5,0.1,2.5,0,1,2,0,-18141.7,0.96426,7810.5,0.529181,4728.25
1357,100,0.1,0.2,100,1,500,32,1,0.5,0.1,2.5,0,1,3,0,0.0867563,0.975378,0.393156,0.364562,481.84
1358,100,0.1,0.2,100,1,500,32,1,0.5,0.1,2.5,0,3,1,0,-244.173,0.937913,114.397,0.941307,4596.49
1358,100,0.1,0.2,100,1,500,32,1,0.5,0.1,2.5,0,3,2,0,-244.173,0.937913,114.397,0.941307,4773.77
1358,100,0.1,0.2,100,1,500,32,1,0.5,0.1,2.5,0,3,3,0,0.0805458,0.973636,0.429014,0.399716,421.222
1359,100,0.1,0.2,100,1,500,32,1,0.5,0.1,2.5,0,0,1,0,-269.325,0.96563,143.186,0.517065,14720
1359,100,0.1,0.2,100,1,500,32,1,0.5,0.1,2.5,0,0,2,0,-59.7242,0.96838,32.1643,0.475693,12744.6
1359,100,0.1,0.2,100,1,500,32,1,0.5,0.1,2.5,0,0,3,0,0.111956,0.971945,0.470378,0.42207,479.35
1360,100,0.1,0.2,100,1,500,32,1,0.5,0.1,2.5,0,2,1,0,-286.797,0.963194,127.49,0.546557,12861.7
1360,100,0.1,0.2,100,1,500,32,1,0.5,0.1,2.5,0,2,2,0,-252.719,0.965181,112.394,0.517058,14601.9
1360,100,0.1,0.2,100,1,500,32,1,0.5,0.1,2.5,0,2,3,0,0.0781401,0.97416,0.408371,0.383719,487.829
1361,100,0.1,0.2,100,1,500,32,1,0.5,0.3,2.5,1,1,1,0,-318458,0.967965,591938,1.93452,6098.34
1361,100,0.1,0.2,100,1,500,32,1,0.5,0.3,2.5,1,1,2,0,-2203.75,0.964522,4098.09,2.14248,6325.38
1361,100,0.1,0.2,100,1,500,32,1,0.5,0.3,2.5,1,1,3,0,0.0695166,0.97314,1.72954,1.622,836.015
1362,100,0.1,0.2,100,1,500,32,1,0.5,0.3,2.5,1,3,1,0,-85.7867,0.97084,154.853,1.66422,6217.84
1362,100,0.1,0.2,100,1,500,32,1,0.5,0.3,2.5,1,3,2,0,-39.5115,0.966089,72.2845,1.93539,7444.28
1362,100,0.1,0.2,100,1,500,32,1,0.5,0.3,2.5,1,3,3,0,0.0330814,0.972279,1.72527,1.58211,1020.84
1363,100,0.1,0.2,100,1,500,32,1,0.5,0.3,2.5,1,0,1,0,-323.155,0.966583,633.197,2.14045,16579.8
1363,100,0.1,0.2,100,1,500,32,1,0.5,0.3,2.5,1,0,2,0,-195.975,0.961275,384.768,2.48044,18631.4
1363,100,0.1,0.2,100,1,500,32,1,0.5,0.3,2.5,1,0,3,0,0.0442296,0.972233,1.86698,1.77853,838.598
1364,100,0.1,0.2,100,1,500,32,1,0.5,0.3,2.5,1,2,1,0,-176845,0.969371,388226,2.02255,16226.4
1364,100,0.1,0.2,100,1,500,32,1,0.5,0.3,2.5,1,2,2,0,-26.5375,0.967807,60.4523,2.12579,18791.1
1364,100,0.1,0.2,100,1,500,32,1,0.5,0.3,2.5,1,2,3,0,0.0707657,0.971568,2.03992,1.87746,772.974
1365,100,0.1,0.2,100,1,500,32,1,0.5,0.3,2.5,0,1,1,0,-105.769,0.958184,84.5834,1.10334,5167.35
1365,100,0.1,0.2,100,1,500,32,1,0.5,0.3,2.5,0,1,2,0,-2.68291e+06,0.969826,2.12543e+06,0.796169,5343.63
1365,100,0.1,0.2,100,1,500,32,1,0.5,0.3,2.5,0,1,3,0,0.0332356,0.972295,0.765882,0.731018,579.94
1366,100,0.1,0.2,100,1,500,32,1,0.5,0.3,2.5,0,3,1,0,-365.896,0.968574,315.376,0.868539,5947.13
1366,100,0.1,0.2,100,1,500,32,1,0.5,0.3,2.5,0,3,2,0,-251.578,0.969385,217.111,0.846116,5701.65
1366,100,0.1,0.2,100,1,500,32,1,0.5,0.3,2.5,0,3,3,0,0.0555497,0.97221,0.811828,0.768041,546.273
1367,100,0.1,0.2,100,1,500,32,1,0.5,0.3,2.5,0,0,1,0,-21.217,0.96289,19.8376,0.963238,16908.2
1367,100,0.1,0.2,100,1,500,32,1,0.5,0.3,2.5,0,0,2,0,-32.5071,0.964879,29.9186,0.911604,15068.5
1367,100,0.1,0.2,100,1,500,32,1,0.5,0.3,2.5,0,0,3,0,0.058008,0.969332,0.841108,0.796029,633.975
1368,100,0.1,0.2,100,1,500,32,1,0.5,0.3,2.5,0,2,1,0,-14294.4,0.959203,13137.7,1.14759,16583.2
1368,100,0.1,0.2,100,1,500,32,1,0.5,0.3,2.5,0,2,2,0,-114.953,0.96841,106.563,0.888603,14950.4
1368,100,0.1,0.2,100,1,500,32,1,0.5,0.3,2.5,0,2,3,0,0.0372528,0.969617,0.884781,0.854648,516.002
1369,100,0.1,0.2,100,1,500,32,1,0.5,0.5,2.5,1,1,1,0,-4407.25,0.948425,12961.8,5.31874,7345.72
1369,100,0.1,0.2,100,1,500,32,1,0.5,0.5,2.5,1,1,2,0,-60298.2,0.910598,177301,9.21981,6715.5
1369,100,0.1,0.2,100,1,500,32,1,0.5,0.5,2.5,1,1,3,0,0.0929272,0.979084,2.66712,2.157,968.406
1370,100,0.1,0.2,100,1,500,32,1,0.5,0.5,2.5,1,3,1,0,-5333.77,0.894353,15709.9,10.6718,6326.42
1370,100,0.1,0.2,100,1,500,32,1,0.5,0.5,2.5,1,3,2,0,-25.5597,0.959816,78.2133,4.05918,6770.06
1370,100,0.1,0.2,100,1,500,32,1,0.5,0.5,2.5,1,3,3,0,0.115632,0.979736,2.6043,2.04699,1041.87
1371,100,0.1,0.2,100,1,500,32,1,0.5,0.5,2.5,1,0,1,0,-855.927,0.966727,2532.09,3.08005,20123.8
1371,100,0.1,0.2,100,1,500,32,1,0.5,0.5,2.5,1,0,2,0,-943.331,0.963869,2790.35,3.34462,18209.8
1371,100,0.1,0.2,100,1,500,32,1,0.5,0.5,2.5,1,0,3,0,0.121443,0.979164,2.596,1.92878,1023.65
1372,100,0.1,0.2,100,1,500,32,1,0.5,0.5,2.5,1,2,1,0,-240.355,0.966391,859.124,3.46346,19770.5
1372,100,0.1,0.2,100,1,500,32,1,0.5,0.5,2.5,1,2,2,0,-4.81941e+06,0.963998,1.71551e+07,3.71012,20396.7
1372,100,0.1,0.2,100,1,500,32,1,0.5,0.5,2.5,1,2,3,0,0.0497227,0.970082,3.3826,3.08315,1227.52
1373,100,0.1,0.2,100,1,500,32,1,0.5,0.5,2.5,0,1,1,0,-442.269,0.968822,502.973,1.23589,5810.27
1373,100,0.1,0.2,100,1,500,32,1,0.5,0.5,2.5,0,1,2,0,-117.907,0.962332,134.922,1.49314,5866.7
1373,100,0.1,0.2,100,1,500,32,1,0.5,0.5,2.5,0,1,3,0,0.0995402,0.976219,1.02174,0.942659,599.741
1374,100,0.1,0.2,100,1,500,32,1,0.5,0.5,2.5,0,3,1,0,-157.222,0.969876,161.298,0.90757,5692.13
1374,100,0.1,0.2,100,1,500,32,1,0.5,0.5,2.5,0,3,2,0,-157.222,0.969876,161.298,0.90757,5906.91
1374,100,0.1,0.2,100,1,500,32,1,0.5,0.5,2.5,0,3,3,0,0.0272056,0.968534,0.99171,0.948026,514.826
1375,100,0.1,0.2,100,1,500,32,1,0.5,0.5,2.5,0,0,1,0,-14203.9,0.957107,18823.3,1.7406,17076.9
1375,100,0.1,0.2,100,1,500,32,1,0.5,0.5,2.5,0,0,2,0,-219.767,0.965468,292.544,1.40129,15986.2
1375,100,0.1,0.2,100,1,500,32,1,0.5,0.5,2.5,0,0,3,0,0.062486,0.971323,1.24232,1.1637,721.53
1376,100,0.1,0.2,100,1,500,32,1,0.5,0.5,2.5,0,2,1,0,-112.695,0.95268,109,1.58164,16584.5
1376,100,0.1,0.2,100,1,500,32,1,0.5,0.5,2.5,0,2,2,0,-2042.06,0.966989,1958.7,1.10338,15390.3
1376,100,0.1,0.2,100,1,500,32,1,0.5,0.5,2.5,0,2,3,0,0.0443624,0.974232,0.916176,0.861281,822.76
1377,100,0.1,0.2,100,1,500,32,3,0,0,2.5,1,1,1,0,1,1,1.0676e-29,-2.79399e-15,538.168
1377,100,0.1,0.2,100,1,500,32,3,0,0,2.5,1,1,2,0,1,1,1.0676e-29,-2.79399e-15,540.355
1377,100,0.1,0.2,100,1,500,32,3,0,0,2.5,1,1,3,0,1,1,4.05766e-21,-4.90563e-16,302.919
1378,100,0.1,0.2,100,1,500,32,3,0,0,2.5,1,3,1,0,1,1,1.12627e-28,-3.0087e-15,1798.96
1378,100,0.1,0.2,100,1,500,32,3,0,0,2.5,1,3,2,0,1,1,1.12627e-28,-3.0087e-15,480.408
1378,100,0.1,0.2,100,1,500,32,3,0,0,2.5,1,3,3,0,1,1,3.69016e-20,-2.56418e-15,320.913
1379,100,0.1,0.2,100,1,500,32,3,0,0,2.5,1,0,1,0,1,1,1.15103e-29,-6.4293e-16,1304.85
1379,100,0.1,0.2,100,1,500,32,3,0,0,2.5,1,0,2,0,1,1,8.25387e-28,-4.67354e-15,1297.07
1379,100,0.1,0.2,100,1,500,32,3,0,0,2.5,1,0,3,0,1,1,1.21001e-20,9.44749e-16,316.44
1380,100,0.1,0.2,100,1,500,32,3,0,0,2.5,1,2,1,0,1,1,1.36125e-26,-4.06833e-15,1170.44
1380,100,0.1,0.2,100,1,500,32,3,0,0,2.5,1,2,2,0,1,1,6.67456e-29,-4.5195e-15,1113.03
1380,100,0.1,0.2,100,1,500,32,3,0,0,2.5,1,2,3,0,1,1,4.57089e-20,-5.95752e-16,292.757
1381,100,0.1,0.2,100,1,500,32,3,0,0,2.5,0,1,1,0,1,1,1.6682e-30,-3.06855e-15,516.429
1381,100,0.1,0.2,100,1,500,32,3,0,0,2.5,0,1,2,0,1,1,1.6682e-30,-3.06855e-15,513.488
1381,100,0.1,0.2,100,1,500,32,3,0,0,2.5,0,1,3,0,1,1,4.1987e-21,1.42352e-15,291.069
1382,100,0.1,0.2,100,1,500,32,3,0,0,2.5,0,3,1,0,1,1,2.33391e-28,-2.79678e-15,437.522
1382,100,0.1,0.2,100,1,500,32,3,0,0,2.5,0,3,2,0,1,1,2.33391e-28,-2.79678e-15,455.76
1382,100,0.1,0.2,100,1,500,32,3,0,0,2.5,0,3,3,0,1,1,1.59452e-20,-3.39004e-16,289.001
1383,100,0.1,0.2,100,1,500,32,3,0,0,2.5,0,0,1,0,1,1,6.30835e-29,-3.61311e-15,1190.48
1383,100,0.1,0.2,100,1,500,32,3,0,0,2.5,0,0,2,0,1,1,1.01332e-26,-1.75993e-15,1296.67
1383,100,0.1,0.2,100,1,500,32,3,0,0,2.5,0,0,3,0,1,1,2.95197e-21,7.33735e-16,317.363
1384,100,0.1,0.2,100,1,500,32,3,0,0,2.5,0,2,1,0,1,1,3.72317e-29,-2.48812e-15,1173.69
1384,100,0.1,0.2,100,1,500,32,3,0,0,2.5,0,2,2,0,1,1,2.18454e-28,-2.26659e-15,1121.05
1384,100,0.1,0.2,100,1,500,32,3,0,0,2.5,0,2,3,0,1,1,1.51082e-20,3.19391e-15,295.425
1385,100,0.1,0.2,100,1,500,32,3,0,0.1,2.5,1,1,1,0,-48.3733,0.967631,95.6476,1.75565,6529.77
1385,100,0.1,0.2,100,1,500,32,3,0,0.1,2.5,1,1,2,0,-2177.19,0.969886,4219.67,1.63335,6225.1
1385,100,0.1,0.2,100,1,500,32,3,0,0.1,2.5,1,1,3,0,-0.0665054,0.964424,2.06607,1.92957,428.936
1386,100,0.1,0.2,100,1,500,32,3,0,0.1,2.5,1,3,1,0,-207.037,0.961377,346.296,2.0574,7937.22
1386,100,0.1,0.2,100,1,500,32,3,0,0.1,2.5,1,3,2,0,-20.0325,0.970154,35.0105,1.58988,6327.19
1386,100,0.1,0.2,100,1,500,32,3,0,0.1,2.5,1,3,3,0,-0.0683576,0.96829,1.77838,1.68914,399.696
1387,100,0.1,0.2,100,1,500,32,3,0,0.1,2.5,1,0,1,0,-875.133,0.965653,1683.38,1.89436,15074.4
1387,100,0.1,0.2,100,1,500,32,3,0,0.1,2.5,1,0,2,0,-33.599,0.969352,66.4777,1.69035,16567.8
1387,100,0.1,0.2,100,1,500,32,3,0,0.1,2.5,1,0,3,0,-0.0418954,0.965074,2.00187,1.92631,436.047
1388,100,0.1,0.2,100,1,500,32,3,0,0.1,2.5,1,2,1,0,-10326.3,0.974804,15932.4,1.37223,15861.2
1388,100,0.1,0.2,100,1,500,32,3,0,0.1,2.5,1,2,2,0,-1157.48,0.9658,1787.23,1.86259,17237.5
1388,100,0.1,0.2,100,1,500,32,3,0,0.1,2.5,1,2,3,0,-0.18867,0.97079,1.83381,1.59086,637.169
1389,100,0.1,0.2,100,1,500,32,3,0,0.1,2.5,0,1,1,0,-11352.8,0.971813,7184.65,0.599301,5555.09
1389,100,0.1,0.2,100,1,500,32,3,0,0.1,2.5,0,1,2,0,-663.315,0.970549,420.375,0.626175,5330.33
1389,100,0.1,0.2,100,1,500,32,3,0,0.1,2.5,0,1,3,0,0.0276192,0.972507,0.615318,0.58454,433.944
1390,100,0.1,0.2,100,1,500,32,3,0,0.1,2.5,0,3,1,0,-522.648,0.973171,297.51,0.524577,5356.13
1390,100,0.1,0.2,100,1,500,32,3,0,0.1,2.5,0,3,2,0,-15386,0.943551,8742.11,1.10372,5304.47
1390,100,0.1,0.2,100,1,500,32,3,0,0.1,2.5,0,3,3,0,0.00897783,0.972295,0.563048,0.541715,426.386
1391,100,0.1,0.2,100,1,500,32,3,0,0.1,2.5,0,0,1,0,-1600.44,0.972798,1021.75,0.535784,13259.9
1391,100,0.1,0.2,100,1,500,32,3,0,0.1,2.5,0,0,2,0,-14.3336,0.96276,9.7832,0.733483,12039.8
1391,100,0.1,0.2,100,1,500,32,3,0,0.1,2.5,0,0,3,0,-0.0222889,0.96951,0.652243,0.600535,532.115
1392,100,0.1,0.2,100,1,500,32,3,0,0.1,2.5,0,2,1,0,-67.9072,0.970229,45.7535,0.633386,13279.8
1392,100,0.1,0.2,100,1,500,32,3,0,0.1,2.5,0,2,2,0,-639.224,0.971002,425.101,0.616945,11943.3
1392,100,0.1,0.2,100,1,500,32,3,0,0.1,2.5,0,2,3,0,-0.0460842,0.971857,0.694586,0.598743,618.44
1393,100,0.1,0.2,100,1,500,32,3,0,0.3,2.5,1,1,1,0,-60.6352,0.960444,344.465,6.5963,8084.97
1393,100,0.1,0.2,100,1,500,32,3,0,0.3,2.5,1,1,2,0,-12.0336,0.961708,72.8418,6.38538,8276.7
1393,100,0.1,0.2,100,1,500,32,3,0,0.3,2.5,1,1,3,0,0.101069,0.972953,5.02391,4.5103,642.729
1394,100,0.1,0.2,100,1,500,32,3,0,0.3,2.5,1,3,1,0,-87.3538,0.96067,375.734,6.01231,9877.24
1394,100,0.1,0.2,100,1,500,32,3,0,0.3,2.5,1,3,2,0,-143.495,0.942505,614.482,8.78914,8341.52
1394,100,0.1,0.2,100,1,500,32,3,0,0.3,2.5,1,3,3,0,0.106382,0.978544,3.8002,3.27991,837.923
1395,100,0.1,0.2,100,1,500,32,3,0,0.3,2.5,1,0,1,0,-95.834,0.95598,528.963,6.85275,21124.6
1395,100,0.1,0.2,100,1,500,32,3,0,0.3,2.5,1,0,2,0,-15602.3,0.972739,85234.2,4.24383,20084.5
1395,100,0.1,0.2,100,1,500,32,3,0,0.3,2.5,1,0,3,0,0.0570067,0.968828,5.15118,4.85261,630.897
1396,100,0.1,0.2,100,1,500,32,3,0,0.3,2.5,1,2,1,0,-4757.83,0.962347,19537.8,4.78383,21016.1
1396,100,0.1,0.2,100,1,500,32,3,0,0.3,2.5,1,2,2,0,-956.862,0.965548,3932.6,4.37721,21041.3
1396,100,0.1,0.2,100,1,500,32,3,0,0.3,2.5,1,2,3,0,0.167921,0.98174,3.41618,2.31995,2142.52
1397,100,0.1,0.2,100,1,500,32,3,0,0.3,2.5,0,1,1,0,-379.43,0.965171,460.847,1.55982,7499.25
1397,100,0.1,0.2,100,1,500,32,3,0,0.3,2.5,0,1,2,0,-14036.7,0.961446,17005.1,1.72668,7104.66
1397,100,0.1,0.2,100,1,500,32,3,0,0.3,2.5,0,1,3,0,-0.0111613,0.974174,1.22491,1.15665,826.074
1398,100,0.1,0.2,100,1,500,32,3,0,0.3,2.5,0,3,1,0,-40919.1,0.973549,79965.1,1.37499,6879.51
1398,100,0.1,0.2,100,1,500,32,3,0,0.3,2.5,0,3,2,0,-45.7549,0.957183,91.3673,2.22571,8863.49
1398,100,0.1,0.2,100,1,500,32,3,0,0.3,2.5,0,3,3,0,0.0514641,0.966228,1.85361,1.75553,646.714
1399,100,0.1,0.2,100,1,500,32,3,0,0.3,2.5,0,0,1,0,-35.1562,0.965092,59.1361,1.86942,19052.3
1399,100,0.1,0.2,100,1,500,32,3,0,0.3,2.5,0,0,2,0,-690107,0.970031,1.12872e+06,1.60489,21001.1
1399,100,0.1,0.2,100,1,500,32,3,0,0.3,2.5,0,0,3,0,0.0205855,0.97121,1.6019,1.54176,555.61
1400,100,0.1,0.2,100,1,500,32,3,0,0.3,2.5,0,2,1,0,-52.3548,0.970547,91.6376,1.59108,17491.9
1400,100,0.1,0.2,100,1,500,32,3,0,0.3,2.5,0,2,2,0,-406.775,0.969358,700.359,1.65531,18142.2
1400,100,0.1,0.2,100,1,500,32,3,0,0.3,2.5,0,2,3,0,0.00560704,0.970193,1.70788,1.61024,621.041
1401,100,0.1,0.2,100,1,500,32,3,0,0.5,2.5,1,1,1,0,-16.1861,0.973303,117.535,5.97379,8427.45
1401,100,0.1,0.2,100,1,500,32,3,0,0.5,2.5,1,1,2,0,-285.156,0.965718,1957.02,7.67084,8435.47
1401,100,0.1,0.2,100,1,500,32,3,0,0.5,2.5,1,1,3,0,0.364016,0.992606,4.34948,1.65439,1358.48
1402,100,0.1,0.2,100,1,500,32,3,0,0.5,2.5,1,3,1,0,-277.269,0.964926,1996.89,8.23495,8499.94
1402,100,0.1,0.2,100,1,500,32,3,0,0.5,2.5,1,3,2,0,-1014.66,0.943514,7288.47,13.2623,8993.18
1402,100,0.1,0.2,100,1,500,32,3,0,0.5,2.5,1,3,3,0,0.390363,0.993597,4.37482,1.50338,3550.58
1403,100,0.1,0.2,100,1,500,32,3,0,0.5,2.5,1,0,1,0,-11.1441,0.966866,107.889,8.96696,21191.7
1403,100,0.1,0.2,100,1,500,32,3,0,0.5,2.5,1,0,2,0,-171.581,0.961142,1533.21,10.5159,22324.3
1403,100,0.1,0.2,100,1,500,32,3,0,0.5,2.5,1,0,3,0,0.343935,0.992838,5.82848,1.93827,1318.89
1404,100,0.1,0.2,100,1,500,32,3,0,0.5,2.5,1,2,1,0,-2004.61,0.97224,14142.2,5.63536,22436.7
1404,100,0.1,0.2,100,1,500,32,3,0,0.5,2.5,1,2,2,0,-2004.06,0.965466,14138.3,7.01053,20457.5
1404,100,0.1,0.2,100,1,500,32,3,0,0.5,2.5,1,2,3,0,0.158621,0.985718,5.93283,2.89931,1527.46
1405,100,0.1,0.2,100,1,500,32,3,0,0.5,2.5,0,1,1,0,-33.6523,0.966223,102.809,3.20666,7548.08
1405,100,0.1,0.2,100,1,500,32,3,0,0.5,2.5,0,1,2,0,-457.279,0.972562,1359.66,2.60486,8920.05
1405,100,0.1,0.2,100,1,500,32,3,0,0.5,2.5,0,1,3,0,0.162959,0.978527,2.4834,2.03859,1124.95
1406,100,0.1,0.2,100,1,500,32,3,0,0.5,2.5,0,3,1,0,-302.73,0.952628,552.79,2.84705,7154.39
1406,100,0.1,0.2,100,1,500,32,3,0,0.5,2.5,0,3,2,0,-431.778,0.963953,787.657,2.16647,7113.93
1406,100,0.1,0.2,100,1,500,32,3,0,0.5,2.5,0,3,3,0,0.037376,0.973463,1.75198,1.5949,1016.53
1407,100,0.1,0.2,100,1,500,32,3,0,0.5,2.5,0,0,1,0,-2255.7,0.971486,5825.42,2.00722,19034.7
1407,100,0.1,0.2,100,1,500,32,3,0,0.5,2.5,0,0,2,0,-2204.4,0.967884,5693,2.26078,17532.3
1407,100,0.1,0.2,100,1,500,32,3,0,0.5,2.5,0,0,3,0,0.0650197,0.969391,2.41355,2.15468,818.284
1408,100,0.1,0.2,100,1,500,32,3,0,0.5,2.5,0,2,1,0,-98.7356,0.966784,268.83,3.02538,19525.3
1408,100,0.1,0.2,100,1,500,32,3,0,0.5,2.5,0,2,2,0,-1701.34,0.96117,4588.54,3.53667,17979.3
1408,100,0.1,0.2,100,1,500,32,3,0,0.5,2.5,0,2,3,0,0.159764,0.980442,2.26479,1.78141,1134.86
1409,100,0.1,0.2,100,1,500,32,3,0.1,0,2.5,1,1,1,0,-40.1481,0.955004,5.36439,0.174106,4999.95
1409,100,0.1,0.2,100,1,500,32,3,0.1,0,2.5,1,1,2,0,-498.391,0.990929,65.1046,0.0350996,3483.82
1409,100,0.1,0.2,100,1,500,32,3,0.1,0,2.5,1,1,3,0,0.767788,0.993248,0.030273,0.0261258,304.689
1410,100,0.1,0.2,100,1,500,32,3,0.1,0,2.5,1,3,1,0,-186.987,0.950003,10.1669,0.188161,3353.04
1410,100,0.1,0.2,100,1,500,32,3,0.1,0,2.5,1,3,2,0,-21.7086,0.989062,1.22815,0.0411635,3595.64
1410,100,0.1,0.2,100,1,500,32,3,0.1,0,2.5,1,3,3,0,0.495809,0.993336,0.0272683,0.0250797,297.612
1411,100,0.1,0.2,100,1,500,32,3,0.1,0,2.5,1,0,1,0,-43.4729,0.986003,9.60832,0.0525,6882.82
1411,100,0.1,0.2,100,1,500,32,3,0.1,0,2.5,1,0,2,0,-14.2033,0.982596,3.28465,0.0652794,6998.24
1411,100,0.1,0.2,100,1,500,32,3,0.1,0,2.5,1,0,3,0,0.834636,0.992734,0.0357266,0.0272535,315.891
1412,100,0.1,0.2,100,1,500,32,3,0.1,0,2.5,1,2,1,0,-14.1484,0.988408,2.16587,0.0426963,8951.75
1412,100,0.1,0.2,100,1,500,32,3,0.1,0,2.5,1,2,2,0,-71.8207,0.989345,10.4117,0.0392454,6982.04
1412,100,0.1,0.2,100,1,500,32,3,0.1,0,2.5,1,2,3,0,0.748228,0.991818,0.0359975,0.030137,294.18
1413,100,0.1,0.2,100,1,500,32,3,0.1,0,2.5,0,1,1,0,-55.5126,0.965779,3.93031,0.132196,2928.96
1413,100,0.1,0.2,100,1,500,32,3,0.1,0,2.5,0,1,2,0,-70.9955,0.946561,5.0071,0.206434,3030.41
1413,100,0.1,0.2,100,1,500,32,3,0.1,0,2.5,0,1,3,0,0.575827,0.993164,0.0295002,0.0264075,302.502
1414,100,0.1,0.2,100,1,500,32,3,0.1,0,2.5,0,3,1,0,-1.80577,0.972055,0.601987,0.108915,3156.76
1414,100,0.1,0.2,100,1,500,32,3,0.1,0,2.5,0,3,2,0,-1105.13,0.986754,237.324,0.0516257,3252.92
1414,100,0.1,0.2,100,1,500,32,3,0.1,0,2.5,0,3,3,0,0.844441,0.993435,0.0333756,0.0255854,304.09
1415,100,0.1,0.2,100,1,500,32,3,0.1,0,2.5,0,0,1,0,-73.5401,0.988442,13.4669,0.0444072,6965.52
1415,100,0.1,0.2,100,1,500,32,3,0.1,0,2.5,0,0,2,0,-28.7261,0.987647,5.37051,0.0474592,8704.76
1415,100,0.1,0.2,100,1,500,32,3,0.1,0,2.5,0,0,3,0,0.804563,0.992463,0.0353089,0.0289583,306.168
1416,100,0.1,0.2,100,1,500,32,3,0.1,0,2.5,0,2,1,0,-32.2571,0.990337,5.31193,0.036638,6866.56
1416,100,0.1,0.2,100,1,500,32,3,0.1,0,2.5,0,2,2,0,-116.587,0.989036,18.7814,0.0415715,6654.57
1416,100,0.1,0.2,100,1,500,32,3,0.1,0,2.5,0,2,3,0,0.781293,0.992454,0.0349327,0.0286121,300.82
1417,100,0.1,0.2,100,1,500,32,3,0.1,0.1,2.5,1,1,1,0,-870.931,0.96305,1496.98,2.13838,6534.74
1417,100,0.1,0.2,100,1,500,32,3,0.1,0.1,2.5,1,1,2,0,-603.741,0.966367,1038.25,1.94646,6996.73
1417,100,0.1,0.2,100,1,500,32,3,0.1,0.1,2.5,1,1,3,0,-0.00800903,0.971109,1.7306,1.67199,2261.88
1418,100,0.1,0.2,100,1,500,32,3,0.1,0.1,2.5,1,3,1,0,-1756.28,0.970029,2706.79,1.70464,6705.66
1418,100,0.1,0.2,100,1,500,32,3,0.1,0.1,2.5,1,3,2,0,-242.841,0.967055,375.595,1.87382,6659.67
1418,100,0.1,0.2,100,1,500,32,3,0.1,0.1,2.5,1,3,3,0,-0.051194,0.972729,1.61918,1.5511,381.802
1419,100,0.1,0.2,100,1,500,32,3,0.1,0.1,2.5,1,0,1,0,-118.265,0.966863,200.179,1.96553,15244.9
1419,100,0.1,0.2,100,1,500,32,3,0.1,0.1,2.5,1,0,2,0,-42.8021,0.972744,73.5192,1.61668,16712.3
1419,100,0.1,0.2,100,1,500,32,3,0.1,0.1,2.5,1,0,3,0,-0.0433756,0.971421,1.75124,1.69513,556.702
1420,100,0.1,0.2,100,1,500,32,3,0.1,0.1,2.5,1,2,1,0,-51.301,0.964713,101.365,2.07966,16865.9
1420,100,0.1,0.2,100,1,500,32,3,0.1,0.1,2.5,1,2,2,0,-1636.63,0.967352,3173.89,1.92418,14656
1420,100,0.1,0.2,100,1,500,32,3,0.1,0.1,2.5,1,2,3,0,-0.0642306,0.967125,2.06259,1.9375,519.33
1421,100,0.1,0.2,100,1,500,32,3,0.1,0.1,2.5,0,1,1,0,-229.985,0.967201,188.251,0.717229,7538.81
1421,100,0.1,0.2,100,1,500,32,3,0.1,0.1,2.5,0,1,2,0,-235.538,0.967943,192.777,0.701024,5887.56
1421,100,0.1,0.2,100,1,500,32,3,0.1,0.1,2.5,0,1,3,0,-0.0661258,0.963318,0.868883,0.802151,420.861
1422,100,0.1,0.2,100,1,500,32,3,0.1,0.1,2.5,0,3,1,0,-2006.54,0.944893,1365.15,1.19415,5090.88
1422,100,0.1,0.2,100,1,500,32,3,0.1,0.1,2.5,0,3,2,0,-96.2647,0.974362,66.1412,0.55557,5401.84
1422,100,0.1,0.2,100,1,500,32,3,0.1,0.1,2.5,0,3,3,0,0.0411011,0.972202,0.652063,0.602373,380.077
1423,100,0.1,0.2,100,1,500,32,3,0.1,0.1,2.5,0,0,1,0,-1677,0.969863,1018.23,0.629807,11366.9
1423,100,0.1,0.2,100,1,500,32,3,0.1,0.1,2.5,0,0,2,0,-96.1803,0.972471,58.9699,0.575316,13534.7
1423,100,0.1,0.2,100,1,500,32,3,0.1,0.1,2.5,0,0,3,0,0.0122367,0.974132,0.599384,0.540598,479.561
1424,100,0.1,0.2,100,1,500,32,3,0.1,0.1,2.5,0,2,1,0,-81514,0.966022,46018.7,0.734761,11789.3
1424,100,0.1,0.2,100,1,500,32,3,0.1,0.1,2.5,0,2,2,0,-559.729,0.965342,316.555,0.749457,14442.3
1424,100,0.1,0.2,100,1,500,32,3,0.1,0.1,2.5,0,2,3,0,0.0178387,0.976788,0.554471,0.501941,603.895
1425,100,0.1,0.2,100,1,500,32,3,0.1,0.3,2.5,1,1,1,0,-7.63408,0.968167,41.4474,4.78398,7956.12
1425,100,0.1,0.2,100,1,500,32,3,0.1,0.3,2.5,1,1,2,0,-378.595,0.962558,1822.22,5.62687,7404.54
1425,100,0.1,0.2,100,1,500,32,3,0.1,0.3,2.5,1,1,3,0,0.261581,0.986376,3.54474,2.04741,1873.35
1426,100,0.1,0.2,100,1,500,32,3,0.1,0.3,2.5,1,3,1,0,-149465,0.965425,712193,4.56793,7488.47
1426,100,0.1,0.2,100,1,500,32,3,0.1,0.3,2.5,1,3,2,0,-1082.17,0.965932,5161.24,4.50098,10147.2
1426,100,0.1,0.2,100,1,500,32,3,0.1,0.3,2.5,1,3,3,0,-0.0834038,0.961439,5.16234,5.09454,518.972
1427,100,0.1,0.2,100,1,500,32,3,0.1,0.3,2.5,1,0,1,0,-62.3881,0.966164,378.579,5.47384,18769.2
1427,100,0.1,0.2,100,1,500,32,3,0.1,0.3,2.5,1,0,2,0,-8301.91,0.963743,49588.3,5.86559,21137.7
1427,100,0.1,0.2,100,1,500,32,3,0.1,0.3,2.5,1,0,3,0,0.17314,0.975948,4.93834,3.89108,1643.86
1428,100,0.1,0.2,100,1,500,32,3,0.1,0.3,2.5,1,2,1,0,-23642.3,0.943963,130279,9.22519,18874.2
1428,100,0.1,0.2,100,1,500,32,3,0.1,0.3,2.5,1,2,2,0,-51.1374,0.971367,287.285,4.71367,18804.2
1428,100,0.1,0.2,100,1,500,32,3,0.1,0.3,2.5,1,2,3,0,0.0681315,0.970804,5.13474,4.80642,711.643
1429,100,0.1,0.2,100,1,500,32,3,0.1,0.3,2.5,0,1,1,0,-176.231,0.945376,333.686,3.06671,6696.12
1429,100,0.1,0.2,100,1,500,32,3,0.1,0.3,2.5,0,1,2,0,-50.1794,0.968727,96.3592,1.75572,8509.71
1429,100,0.1,0.2,100,1,500,32,3,0.1,0.3,2.5,0,1,3,0,0.0261788,0.968216,1.83348,1.78441,517.74
1430,100,0.1,0.2,100,1,500,32,3,0.1,0.3,2.5,0,3,1,0,-494.573,0.969641,975.364,1.80036,6956.92
1430,100,0.1,0.2,100,1,500,32,3,0.1,0.3,2.5,0,3,2,0,-390.9,0.951856,771.32,2.85506,6807.66
1430,100,0.1,0.2,100,1,500,32,3,0.1,0.3,2.5,0,3,3,0,0.0100054,0.968518,1.94846,1.86695,519.785
1431,100,0.1,0.2,100,1,500,32,3,0.1,0.3,2.5,0,0,1,0,-128.167,0.968702,241.237,1.79105,16286.2
1431,100,0.1,0.2,100,1,500,32,3,0.1,0.3,2.5,0,0,2,0,-236.637,0.964553,443.819,2.02844,17744.1
1431,100,0.1,0.2,100,1,500,32,3,0.1,0.3,2.5,0,0,3,0,0.00802409,0.968398,1.85265,1.80846,508.071
1432,100,0.1,0.2,100,1,500,32,3,0.1,0.3,2.5,0,2,1,0,-990.544,0.965728,1699.79,1.96039,18101.1
1432,100,0.1,0.2,100,1,500,32,3,0.1,0.3,2.5,0,2,2,0,-285.499,0.969814,491.141,1.7267,16066.1
1432,100,0.1,0.2,100,1,500,32,3,0.1,0.3,2.5,0,2,3,0,0.0316946,0.972112,1.65995,1.59526,498.45
1433,100,0.1,0.2,100,1,500,32,3,0.1,0.5,2.5,1,1,1,0,-25.2001,0.969351,197.695,7.86853,8380.37
1433,100,0.1,0.2,100,1,500,32,3,0.1,0.5,2.5,1,1,2,0,-344.557,0.969519,2607.44,7.82527,10251.4
1433,100,0.1,0.2,100,1,500,32,3,0.1,0.5,2.5,1,1,3,0,0.373963,0.993774,4.72382,1.59839,1491.02
1434,100,0.1,0.2,100,1,500,32,3,0.1,0.5,2.5,1,3,1,0,-9.92961,0.966081,50.789,5.25539,7800.35
1434,100,0.1,0.2,100,1,500,32,3,0.1,0.5,2.5,1,3,2,0,-37665.2,0.973898,175031,4.04434,8190.75
1434,100,0.1,0.2,100,1,500,32,3,0.1,0.5,2.5,1,3,3,0,0.364543,0.991046,2.95291,1.38741,1210.75
1435,100,0.1,0.2,100,1,500,32,3,0.1,0.5,2.5,1,0,1,0,-440.57,0.965927,3341.62,7.51482,22278.2
1435,100,0.1,0.2,100,1,500,32,3,0.1,0.5,2.5,1,0,2,0,-169.025,0.965774,1286.68,7.54867,20072.8
1435,100,0.1,0.2,100,1,500,32,3,0.1,0.5,2.5,1,0,3,0,0.320291,0.991466,5.14376,1.88219,1320.32
1436,100,0.1,0.2,100,1,500,32,3,0.1,0.5,2.5,1,2,1,0,-559.402,0.968713,4956.04,8.46035,23380.5
1436,100,0.1,0.2,100,1,500,32,3,0.1,0.5,2.5,1,2,2,0,-1.21462e+07,0.966459,1.07418e+08,9.06984,22821.5
1436,100,0.1,0.2,100,1,500,32,3,0.1,0.5,2.5,1,2,3,0,0.433565,0.993569,5.00938,1.7389,1251.12
1437,100,0.1,0.2,100,1,500,32,3,0.1,0.5,2.5,0,1,1,0,-23.3237,0.95827,55.4084,3.36269,6918.6
1437,100,0.1,0.2,100,1,500,32,3,0.1,0.5,2.5,0,1,2,0,-4155.94,0.963667,9469.35,2.92776,7059.42
1437,100,0.1,0.2,100,1,500,32,3,0.1,0.5,2.5,0,1,3,0,0.234232,0.98381,1.74439,1.30459,934.663
1438,100,0.1,0.2,100,1,500,32,3,0.1,0.5,2.5,0,3,1,0,-1822.34,0.965601,5326.99,2.96458,7193.57
1438,100,0.1,0.2,100,1,500,32,3,0.1,0.5,2.5,0,3,2,0,-12460.1,0.967062,36405.6,2.83864,9504.07
1438,100,0.1,0.2,100,1,500,32,3,0.1,0.5,2.5,0,3,3,0,0.160684,0.977315,2.45211,1.95502,864.048
1439,100,0.1,0.2,100,1,500,32,3,0.1,0.5,2.5,0,0,1,0,-994.62,0.969255,1995.94,1.97824,16321.5
1439,100,0.1,0.2,100,1,500,32,3,0.1,0.5,2.5,0,0,2,0,-7471.26,0.967417,14979.8,2.0965,18789.4
1439,100,0.1,0.2,100,1,500,32,3,0.1,0.5,2.5,0,0,3,0,0.121461,0.976909,1.76122,1.48574,818.029
1440,100,0.1,0.2,100,1,500,32,3,0.1,0.5,2.5,0,2,1,0,-207.777,0.967346,449.445,2.25915,17564.4
1440,100,0.1,0.2,100,1,500,32,3,0.1,0.5,2.5,0,2,2,0,-668.967,0.963663,1442.27,2.51395,19077.2
1440,100,0.1,0.2,100,1,500,32,3,0.1,0.5,2.5,0,2,3,0,0.161634,0.980123,1.80479,1.37518,1031.81
1441,100,0.1,0.2,100,1,500,32,3,0.3,0,2.5,1,1,1,0,-66.1861,0.971474,20.0567,0.314171,5117.99
1441,100,0.1,0.2,100,1,500,32,3,0.3,0,2.5,1,1,2,0,-151.001,0.976045,45.376,0.263833,5131.42
1441,100,0.1,0.2,100,1,500,32,3,0.3,0,2.5,1,1,3,0,0.175006,0.979614,0.246282,0.22452,500.702
1442,100,0.1,0.2,100,1,500,32,3,0.3,0,2.5,1,3,1,0,-39.798,0.968409,18.2357,0.340046,5345.42
1442,100,0.1,0.2,100,1,500,32,3,0.3,0,2.5,1,3,2,0,-18.7067,0.970742,8.80842,0.314936,6854.32
1442,100,0.1,0.2,100,1,500,32,3,0.3,0,2.5,1,3,3,0,0.336751,0.977608,0.296456,0.241032,404.183
1443,100,0.1,0.2,100,1,500,32,3,0.3,0,2.5,1,0,1,0,-26.4127,0.963255,9.69964,0.399706,12155.2
1443,100,0.1,0.2,100,1,500,32,3,0.3,0,2.5,1,0,2,0,-782.017,0.96739,277.061,0.354722,12293.2
1443,100,0.1,0.2,100,1,500,32,3,0.3,0,2.5,1,0,3,0,0.219947,0.977397,0.276012,0.245874,409.037
1444,100,0.1,0.2,100,1,500,32,3,0.3,0,2.5,1,2,1,0,-3610.6,0.926409,1464.01,0.801937,13917.8
1444,100,0.1,0.2,100,1,500,32,3,0.3,0,2.5,1,2,2,0,-60960.3,0.947179,24711.5,0.575606,12202.2
1444,100,0.1,0.2,100,1,500,32,3,0.3,0,2.5,1,2,3,0,0.259804,0.976418,0.300049,0.25698,507.349
1445,100,0.1,0.2,100,1,500,32,3,0.3,0,2.5,0,1,1,0,-198.462,0.957444,57.3738,0.450143,5131.19
1445,100,0.1,0.2,100,1,500,32,3,0.3,0,2.5,0,1,2,0,-76.5118,0.967917,22.2957,0.339363,5338.14
1445,100,0.1,0.2,100,1,500,32,3,0.3,0,2.5,0,1,3,0,0.176087,0.979909,0.236992,0.21252,2029.88
1446,100,0.1,0.2,100,1,500,32,3,0.3,0,2.5,0,3,1,0,-39.3525,0.973836,15.4172,0.284741,5203.95
1446,100,0.1,0.2,100,1,500,32,3,0.3,0,2.5,0,3,2,0,-19.6644,0.968302,7.89508,0.344964,5152.17
1446,100,0.1,0.2,100,1,500,32,3,0.3,0,2.5,0,3,3,0,0.283597,0.978576,0.273711,0.23316,414.526
1447,100,0.1,0.2,100,1,500,32,3,0.3,0,2.5,0,0,1,0,-582.607,0.970498,161.36,0.31726,12405.6
1447,100,0.1,0.2,100,1,500,32,3,0.3,0,2.5,0,0,2,0,-1334.91,0.97176,369.363,0.303694,13777.9
1447,100,0.1,0.2,100,1,500,32,3,0.3,0,2.5,0,0,3,0,0.111403,0.97896,0.245686,0.226259,416.089
1448,100,0.1,0.2,100,1,500,32,3,0.3,0,2.5,0,2,1,0,-165.154,0.967826,71.3952,0.344972,12316.8
1448,100,0.1,0.2,100,1,500,32,3,0.3,0,2.5,0,2,2,0,-797.093,0.976371,342.935,0.253351,12179.4
1448,100,0.1,0.2,100,1,500,32,3,0.3,0,2.5,0,2,3,0,0.223928,0.972974,0.333472,0.28977,507.489
1449,100,0.1,0.2,100,1,500,32,3,0.3,0.1,2.5,1,1,1,0,-159.147,0.966862,281.943,2.02792,8301.59
1449,100,0.1,0.2,100,1,500,32,3,0.3,0.1,2.5,1,1,2,0,-108.96,0.948497,193.587,3.15177,6690.26
1449,100,0.1,0.2,100,1,500,32,3,0.3,0.1,2.5,1,1,3,0,-0.00435584,0.972168,1.76819,1.7032,814.788
1450,100,0.1,0.2,100,1,500,32,3,0.3,0.1,2.5,1,3,1,0,-566.577,0.966316,1218.36,2.03527,6670.67
1450,100,0.1,0.2,100,1,500,32,3,0.3,0.1,2.5,1,3,2,0,-654.292,0.957552,1406.65,2.56481,6884.91
1450,100,0.1,0.2,100,1,500,32,3,0.3,0.1,2.5,1,3,3,0,-0.00608977,0.965722,2.15967,2.07113,511.754
1451,100,0.1,0.2,100,1,500,32,3,0.3,0.1,2.5,1,0,1,0,-9753.12,0.970646,18567.4,1.82409,17772.7
1451,100,0.1,0.2,100,1,500,32,3,0.3,0.1,2.5,1,0,2,0,-6889.8,0.968616,13116.9,1.9502,16202.5
1451,100,0.1,0.2,100,1,500,32,3,0.3,0.1,2.5,1,0,3,0,-0.0249049,0.970179,1.95095,1.85311,503.836
1452,100,0.1,0.2,100,1,500,32,3,0.3,0.1,2.5,1,2,1,0,-136375,0.964518,243886,2.31878,17944
1452,100,0.1,0.2,100,1,500,32,3,0.3,0.1,2.5,1,2,2,0,-187.665,0.968471,337.395,2.06042,16251.5
1452,100,0.1,0.2,100,1,500,32,3,0.3,0.1,2.5,1,2,3,0,0.0099808,0.975159,1.77048,1.62338,701.071
1453,100,0.1,0.2,100,1,500,32,3,0.3,0.1,2.5,0,1,1,0,-162392,0.958613,134218,1.13366,7438.17
1453,100,0.1,0.2,100,1,500,32,3,0.3,0.1,2.5,0,1,2,0,-345.018,0.971021,285.985,0.793782,6344.69
1453,100,0.1,0.2,100,1,500,32,3,0.3,0.1,2.5,0,1,3,0,0.03493,0.972532,0.797633,0.75239,535.252
1454,100,0.1,0.2,100,1,500,32,3,0.3,0.1,2.5,0,3,1,0,-460.117,0.956721,417.797,1.21733,6350.62
1454,100,0.1,0.2,100,1,500,32,3,0.3,0.1,2.5,0,3,2,0,-70.5865,0.971059,64.8612,0.81404,6381.29
1454,100,0.1,0.2,100,1,500,32,3,0.3,0.1,2.5,0,3,3,0,0.0372683,0.971964,0.872287,0.788576,519.938
1455,100,0.1,0.2,100,1,500,32,3,0.3,0.1,2.5,0,0,1,0,-7137.83,0.9694,7123.1,0.926974,15903.2
1455,100,0.1,0.2,100,1,500,32,3,0.3,0.1,2.5,0,0,2,0,-87.683,0.96718,88.4875,0.994203,14254.7
1455,100,0.1,0.2,100,1,500,32,3,0.3,0.1,2.5,0,0,3,0,0.0084512,0.969059,0.989363,0.937288,619.219
1456,100,0.1,0.2,100,1,500,32,3,0.3,0.1,2.5,0,2,1,0,-65.6813,0.968579,69.9381,0.932469,14256.3
1456,100,0.1,0.2,100,1,500,32,3,0.3,0.1,2.5,0,2,2,0,-1334.83,0.96349,1401.08,1.08349,16061.5
1456,100,0.1,0.2,100,1,500,32,3,0.3,0.1,2.5,0,2,3,0,0.0285564,0.966966,1.01889,0.980345,515.514
1457,100,0.1,0.2,100,1,500,32,3,0.3,0.3,2.5,1,1,1,0,-648.827,0.964128,2691.93,5.0455,8053.67
1457,100,0.1,0.2,100,1,500,32,3,0.3,0.3,2.5,1,1,2,0,-1610.93,0.938777,6677.48,8.61136,7992.27
1457,100,0.1,0.2,100,1,500,32,3,0.3,0.3,2.5,1,1,3,0,0.227223,0.985797,3.20126,1.99773,1458.4
1458,100,0.1,0.2,100,1,500,32,3,0.3,0.3,2.5,1,3,1,0,-1648.05,0.964727,8176.6,5.50393,9935.55
1458,100,0.1,0.2,100,1,500,32,3,0.3,0.3,2.5,1,3,2,0,-9532.26,0.949907,47269.3,7.81642,9308.27
1458,100,0.1,0.2,100,1,500,32,3,0.3,0.3,2.5,1,3,3,0,0.026188,0.970534,4.82851,4.59784,692.819
1459,100,0.1,0.2,100,1,500,32,3,0.3,0.3,2.5,1,0,1,0,-405.139,0.963999,1967.08,6.23464,26936.9
1459,100,0.1,0.2,100,1,500,32,3,0.3,0.3,2.5,1,0,2,0,-255.891,0.966923,1244.22,5.72829,23614.7
1459,100,0.1,0.2,100,1,500,32,3,0.3,0.3,2.5,1,0,3,0,0.400178,0.991138,2.90515,1.53465,1254.04
1460,100,0.1,0.2,100,1,500,32,3,0.3,0.3,2.5,1,2,1,0,-69203,0.971344,321647,4.91363,21424.7
1460,100,0.1,0.2,100,1,500,32,3,0.3,0.3,2.5,1,2,2,0,-111.105,0.968489,521.041,5.40312,21753.4
1460,100,0.1,0.2,100,1,500,32,3,0.3,0.3,2.5,1,2,3,0,0.38831,0.990895,2.84302,1.56123,1232.75
1461,100,0.1,0.2,100,1,500,32,3,0.3,0.3,2.5,0,1,1,0,-210.453,0.965617,452.504,2.11727,6963.66
1461,100,0.1,0.2,100,1,500,32,3,0.3,0.3,2.5,0,1,2,0,-1195.52,0.952045,2560.51,2.95302,6984.45
1461,100,0.1,0.2,100,1,500,32,3,0.3,0.3,2.5,0,1,3,0,0.0196675,0.966964,2.09788,2.03432,507.849
1462,100,0.1,0.2,100,1,500,32,3,0.3,0.3,2.5,0,3,1,0,-133.835,0.970449,254.782,1.91078,8429.88
1462,100,0.1,0.2,100,1,500,32,3,0.3,0.3,2.5,0,3,2,0,-145.216,0.961088,276.287,2.51612,7213.55
1462,100,0.1,0.2,100,1,500,32,3,0.3,0.3,2.5,0,3,3,0,0.0436765,0.973596,1.80705,1.70735,819.285
1463,100,0.1,0.2,100,1,500,32,3,0.3,0.3,2.5,0,0,1,0,-2885.61,0.973413,6362.21,1.80128,16906.4
1463,100,0.1,0.2,100,1,500,32,3,0.3,0.3,2.5,0,0,2,0,-64.8909,0.962909,145.226,2.51296,18724.2
1463,100,0.1,0.2,100,1,500,32,3,0.3,0.3,2.5,0,0,3,0,0.0811954,0.972008,2.02509,1.89648,722.242
1464,100,0.1,0.2,100,1,500,32,3,0.3,0.3,2.5,0,2,1,0,-79.9235,0.966767,141.463,2.04007,16259.7
1464,100,0.1,0.2,100,1,500,32,3,0.3,0.3,2.5,0,2,2,0,-25.4113,0.967938,46.1699,1.96817,17911.9
1464,100,0.1,0.2,100,1,500,32,3,0.3,0.3,2.5,0,2,3,0,0.0621151,0.975028,1.63953,1.53296,815.899
1465,100,0.1,0.2,100,1,500,32,3,0.3,0.5,2.5,1,1,1,0,-2391.83,0.965667,12593.6,5.88569,7997.26
1465,100,0.1,0.2,100,1,500,32,3,0.3,0.5,2.5,1,1,2,0,-73.46,0.972027,391.886,4.79541,8265.32
1465,100,0.1,0.2,100,1,500,32,3,0.3,0.5,2.5,1,1,3,0,0.325012,0.991107,3.5525,1.52442,1536.21
1466,100,0.1,0.2,100,1,500,32,3,0.3,0.5,2.5,1,3,1,0,-432.456,0.966046,3253.11,7.82981,10209
1466,100,0.1,0.2,100,1,500,32,3,0.3,0.5,2.5,1,3,2,0,-12710.2,0.967798,95398.1,7.42574,8489.19
1466,100,0.1,0.2,100,1,500,32,3,0.3,0.5,2.5,1,3,3,0,0.324241,0.99201,5.0716,1.84247,1336.71
1467,100,0.1,0.2,100,1,500,32,3,0.3,0.5,2.5,1,0,1,0,-1089.09,0.96836,7798.06,7.42926,21999.4
1467,100,0.1,0.2,100,1,500,32,3,0.3,0.5,2.5,1,0,2,0,-123638,0.957043,884467,10.0867,20254.5
1467,100,0.1,0.2,100,1,500,32,3,0.3,0.5,2.5,1,0,3,0,0.354563,0.992106,4.61721,1.85357,1325.48
1468,100,0.1,0.2,100,1,500,32,3,0.3,0.5,2.5,1,2,1,0,-1912.34,0.969596,14348.4,7.65377,22490.2
1468,100,0.1,0.2,100,1,500,32,3,0.3,0.5,2.5,1,2,2,0,-8.83479,0.966642,73.7525,8.39749,22903.7
1468,100,0.1,0.2,100,1,500,32,3,0.3,0.5,2.5,1,2,3,0,0.330659,0.992547,5.01949,1.8763,1238.62
1469,100,0.1,0.2,100,1,500,32,3,0.3,0.5,2.5,0,1,1,0,-27.5265,0.970157,66.436,2.21079,7140.94
1469,100,0.1,0.2,100,1,500,32,3,0.3,0.5,2.5,0,1,2,0,-882.738,0.96155,2058.15,2.84835,7062.77
1469,100,0.1,0.2,100,1,500,32,3,0.3,0.5,2.5,0,1,3,0,0.0465181,0.972174,2.22058,2.06138,903.235
1470,100,0.1,0.2,100,1,500,32,3,0.3,0.5,2.5,0,3,1,0,-26.3019,0.966738,70.3079,3.14265,7276.16
1470,100,0.1,0.2,100,1,500,32,3,0.3,0.5,2.5,0,3,2,0,-103.586,0.949465,269.331,4.77467,9752.94
1470,100,0.1,0.2,100,1,500,32,3,0.3,0.5,2.5,0,3,3,0,0.190467,0.982638,2.08471,1.64037,958.003
1471,100,0.1,0.2,100,1,500,32,3,0.3,0.5,2.5,0,0,1,0,-13.0814,0.963579,39.6448,3.74752,17831.8
1471,100,0.1,0.2,100,1,500,32,3,0.3,0.5,2.5,0,0,2,0,-3677.14,0.971528,10355.5,2.92964,22255.7
1471,100,0.1,0.2,100,1,500,32,3,0.3,0.5,2.5,0,0,3,0,0.189764,0.982418,2.28115,1.80907,1039.85
1472,100,0.1,0.2,100,1,500,32,3,0.3,0.5,2.5,0,2,1,0,-164.191,0.965798,461.451,3.30871,17991.7
1472,100,0.1,0.2,100,1,500,32,3,0.3,0.5,2.5,0,2,2,0,-76.695,0.955034,217.037,4.35002,19952
1472,100,0.1,0.2,100,1,500,32,3,0.3,0.5,2.5,0,2,3,0,0.190881,0.981473,2.26023,1.79227,973.619
1473,100,0.1,0.2,100,1,500,32,3,0.5,0,2.5,1,1,1,0,-9.87233,0.964609,8.63758,0.895403,5841.13
1473,100,0.1,0.2,100,1,500,32,3,0.5,0,2.5,1,1,2,0,-8746.77,0.966144,6949.71,0.85657,6212.31
1473,100,0.1,0.2,100,1,500,32,3,0.5,0,2.5,1,1,3,0,0.0706382,0.972894,0.738337,0.685795,611.038
1474,100,0.1,0.2,100,1,500,32,3,0.5,0,2.5,1,3,1,0,-14084.8,0.967227,10890.2,0.805167,8565.48
1474,100,0.1,0.2,100,1,500,32,3,0.5,0,2.5,1,3,2,0,-672.143,0.966273,520.429,0.828624,6419.92
1474,100,0.1,0.2,100,1,500,32,3,0.5,0,2.5,1,3,3,0,0.0782504,0.973294,0.712635,0.65611,482.327
1475,100,0.1,0.2,100,1,500,32,3,0.5,0,2.5,1,0,1,0,-150.975,0.963905,115.917,0.889336,13783.5
1475,100,0.1,0.2,100,1,500,32,3,0.5,0,2.5,1,0,2,0,-1253.34,0.965893,956.732,0.840354,17050.8
1475,100,0.1,0.2,100,1,500,32,3,0.5,0,2.5,1,0,3,0,0.0853519,0.974426,0.697636,0.630117,648.468
1476,100,0.1,0.2,100,1,500,32,3,0.5,0,2.5,1,2,1,0,-55.054,0.965526,45.8804,0.836735,13836.2
1476,100,0.1,0.2,100,1,500,32,3,0.5,0,2.5,1,2,2,0,-123.197,0.968702,101.655,0.759638,16797.9
1476,100,0.1,0.2,100,1,500,32,3,0.5,0,2.5,1,2,3,0,0.0653876,0.971687,0.764985,0.687194,801.092
1477,100,0.1,0.2,100,1,500,32,3,0.5,0,2.5,0,1,1,0,-11025,0.959702,9384.85,1.01748,5993.98
1477,100,0.1,0.2,100,1,500,32,3,0.5,0,2.5,0,1,2,0,-156.194,0.969369,133.796,0.77341,5894.19
1477,100,0.1,0.2,100,1,500,32,3,0.5,0,2.5,0,1,3,0,0.0509261,0.970044,0.807807,0.756356,581.107
1478,100,0.1,0.2,100,1,500,32,3,0.5,0,2.5,0,3,1,0,-466.517,0.965399,339.436,0.848749,6804.87
1478,100,0.1,0.2,100,1,500,32,3,0.5,0,2.5,0,3,2,0,-134.446,0.959588,98.3396,0.991271,6762.54
1478,100,0.1,0.2,100,1,500,32,3,0.5,0,2.5,0,3,3,0,0.052533,0.973563,0.6879,0.64849,630.317
1479,100,0.1,0.2,100,1,500,32,3,0.5,0,2.5,0,0,1,0,-2926.56,0.957102,2195.73,1.07223,17029.2
1479,100,0.1,0.2,100,1,500,32,3,0.5,0,2.5,0,0,2,0,-134.105,0.955101,101.331,1.12225,14352.6
1479,100,0.1,0.2,100,1,500,32,3,0.5,0,2.5,0,0,3,0,0.087111,0.975001,0.684685,0.624839,623.954
1480,100,0.1,0.2,100,1,500,32,3,0.5,0,2.5,0,2,1,0,-3117.04,0.962642,2217.18,0.917953,16720.3
1480,100,0.1,0.2,100,1,500,32,3,0.5,0,2.5,0,2,2,0,-1382.34,0.960603,983.668,0.968053,14631.6
1480,100,0.1,0.2,100,1,500,32,3,0.5,0,2.5,0,2,3,0,0.0245046,0.972556,0.693658,0.674343,518.171
1481,100,0.1,0.2,100,1,500,32,3,0.5,0.1,2.5,1,1,1,0,-46.4713,0.969254,116.954,2.38759,7276.93
1481,100,0.1,0.2,100,1,500,32,3,0.5,0.1,2.5,1,1,2,0,-618.907,0.948529,1527.26,3.99708,7644.69
1481,100,0.1,0.2,100,1,500,32,3,0.5,0.1,2.5,1,1,3,0,0.149139,0.976242,2.09625,1.84498,680.823
1482,100,0.1,0.2,100,1,500,32,3,0.5,0.1,2.5,1,3,1,0,-9875.24,0.948791,21090.9,3.90355,10017.9
1482,100,0.1,0.2,100,1,500,32,3,0.5,0.1,2.5,1,3,2,0,-88.2672,0.968449,190.632,2.40508,8213.8
1482,100,0.1,0.2,100,1,500,32,3,0.5,0.1,2.5,1,3,3,0,0.119027,0.977234,1.88134,1.73542,599.229
1483,100,0.1,0.2,100,1,500,32,3,0.5,0.1,2.5,1,0,1,0,-208.901,0.96794,501.21,2.49456,16454.3
1483,100,0.1,0.2,100,1,500,32,3,0.5,0.1,2.5,1,0,2,0,-50547.6,0.96695,120702,2.5716,18523.1
1483,100,0.1,0.2,100,1,500,32,3,0.5,0.1,2.5,1,0,3,0,0.104102,0.975228,2.13927,1.92746,737.168
1484,100,0.1,0.2,100,1,500,32,3,0.5,0.1,2.5,1,2,1,0,-625.879,0.966982,1342.8,2.57413,17194.4
1484,100,0.1,0.2,100,1,500,32,3,0.5,0.1,2.5,1,2,2,0,-19420.3,0.973083,41601.1,2.09845,18534.1
1484,100,0.1,0.2,100,1,500,32,3,0.5,0.1,2.5,1,2,3,0,0.094481,0.976727,1.93966,1.81435,846.262
1485,100,0.1,0.2,100,1,500,32,3,0.5,0.1,2.5,0,1,1,0,-348.691,0.96857,479.474,1.34034,6702.34
1485,100,0.1,0.2,100,1,500,32,3,0.5,0.1,2.5,0,1,2,0,-391.124,0.967909,537.656,1.36852,6662.45
1485,100,0.1,0.2,100,1,500,32,3,0.5,0.1,2.5,0,1,3,0,0.0481742,0.970865,1.30508,1.24246,721.802
1486,100,0.1,0.2,100,1,500,32,3,0.5,0.1,2.5,0,3,1,0,-25342.1,0.974698,32825.3,1.03572,7883.33
1486,100,0.1,0.2,100,1,500,32,3,0.5,0.1,2.5,0,3,2,0,-427918,0.965069,554256,1.42986,6776.36
1486,100,0.1,0.2,100,1,500,32,3,0.5,0.1,2.5,0,3,3,0,0.0806657,0.972796,1.19075,1.11356,626.928
1487,100,0.1,0.2,100,1,500,32,3,0.5,0.1,2.5,0,0,1,0,-1228.67,0.965575,1651.94,1.49996,16156.3
1487,100,0.1,0.2,100,1,500,32,3,0.5,0.1,2.5,0,0,2,0,-3430.06,0.967584,4609.28,1.4124,18832.6
1487,100,0.1,0.2,100,1,500,32,3,0.5,0.1,2.5,0,0,3,0,0.0700329,0.973354,1.24932,1.16099,607.054
1488,100,0.1,0.2,100,1,500,32,3,0.5,0.1,2.5,0,2,1,0,-276.657,0.951158,370.348,2.10458,16116.7
1488,100,0.1,0.2,100,1,500,32,3,0.5,0.1,2.5,0,2,2,0,-289.199,0.953153,387.078,2.01864,17453.5
1488,100,0.1,0.2,100,1,500,32,3,0.5,0.1,2.5,0,2,3,0,0.041961,0.971736,1.27787,1.21787,830.416
1489,100,0.1,0.2,100,1,500,32,3,0.5,0.3,2.5,1,1,1,0,-141.811,0.975194,700.571,3.8983,8637.64
1489,100,0.1,0.2,100,1,500,32,3,0.5,0.3,2.5,1,1,2,0,-3.38021e+07,0.960108,1.65819e+08,6.26905,9628.26
1489,100,0.1,0.2,100,1,500,32,3,0.5,0.3,2.5,1,1,3,0,0.238717,0.98775,3.73454,1.92502,1510.26
1490,100,0.1,0.2,100,1,500,32,3,0.5,0.3,2.5,1,3,1,0,-48.7597,0.969913,288.193,5.43215,8337.43
1490,100,0.1,0.2,100,1,500,32,3,0.5,0.3,2.5,1,3,2,0,-6901.57,0.960651,39977.6,7.10431,8309.79
1490,100,0.1,0.2,100,1,500,32,3,0.5,0.3,2.5,1,3,3,0,0.256461,0.986653,4.30635,2.40975,1576.4
1491,100,0.1,0.2,100,1,500,32,3,0.5,0.3,2.5,1,0,1,0,-510.563,0.969718,2983.11,5.55677,22031.4
1491,100,0.1,0.2,100,1,500,32,3,0.5,0.3,2.5,1,0,2,0,-1403.72,0.95541,8191.41,8.18236,20392.3
1491,100,0.1,0.2,100,1,500,32,3,0.5,0.3,2.5,1,0,3,0,0.371104,0.991942,3.66732,1.47875,1422.18
1492,100,0.1,0.2,100,1,500,32,3,0.5,0.3,2.5,1,2,1,0,-307.722,0.957896,1713.67,7.44669,21500
1492,100,0.1,0.2,100,1,500,32,3,0.5,0.3,2.5,1,2,2,0,-297.456,0.968731,1656.69,5.53045,22080.2
1492,100,0.1,0.2,100,1,500,32,3,0.5,0.3,2.5,1,2,3,0,0.269682,0.986579,4.05389,2.37374,1396.23
1493,100,0.1,0.2,100,1,500,32,3,0.5,0.3,2.5,0,1,1,0,-56792.5,0.961893,133620,2.80589,7213.98
1493,100,0.1,0.2,100,1,500,32,3,0.5,0.3,2.5,0,1,2,0,-35.7061,0.966728,86.3596,2.44987,7338.66
1493,100,0.1,0.2,100,1,500,32,3,0.5,0.3,2.5,0,1,3,0,0.14416,0.977194,2.01356,1.67927,925.251
1494,100,0.1,0.2,100,1,500,32,3,0.5,0.3,2.5,0,3,1,0,-115.92,0.976166,270.786,1.73066,7428.58
1494,100,0.1,0.2,100,1,500,32,3,0.5,0.3,2.5,0,3,2,0,-35.5139,0.960177,84.5661,2.8917,9278.69
1494,100,0.1,0.2,100,1,500,32,3,0.5,0.3,2.5,0,3,3,0,0.0779314,0.973091,2.13551,1.95399,807.589
1495,100,0.1,0.2,100,1,500,32,3,0.5,0.3,2.5,0,0,1,0,-1182.49,0.967658,2874.82,2.55721,17669.4
1495,100,0.1,0.2,100,1,500,32,3,0.5,0.3,2.5,0,0,2,0,-1989.25,0.95122,4834.52,3.85686,19391.7
1495,100,0.1,0.2,100,1,500,32,3,0.5,0.3,2.5,0,0,3,0,0.144001,0.977178,2.07931,1.80444,812.454
1496,100,0.1,0.2,100,1,500,32,3,0.5,0.3,2.5,0,2,1,0,-90.8093,0.959747,253.184,3.06672,18211.5
1496,100,0.1,0.2,100,1,500,32,3,0.5,0.3,2.5,0,2,2,0,-36.3912,0.965951,103.114,2.59403,19403.6
1496,100,0.1,0.2,100,1,500,32,3,0.5,0.3,2.5,0,2,3,0,0.0646462,0.968614,2.57944,2.39115,698.961
1497,100,0.1,0.2,100,1,500,32,3,0.5,0.5,2.5,1,1,1,0,-16698.1,0.969089,129336,9.06529,8711.48
1497,100,0.1,0.2,100,1,500,32,3,0.5,0.5,2.5,1,1,2,0,-4761.17,0.971843,36883.3,8.25788,10373.6
1497,100,0.1,0.2,100,1,500,32,3,0.5,0.5,2.5,1,1,3,0,0.555754,0.995938,3.44072,1.1912,1300.69
1498,100,0.1,0.2,100,1,500,32,3,0.5,0.5,2.5,1,3,1,0,-15.9877,0.959767,160.01,11.9843,8746.48
1498,100,0.1,0.2,100,1,500,32,3,0.5,0.5,2.5,1,3,2,0,-8963.06,0.971629,84434.1,8.45096,8956.89
1498,100,0.1,0.2,100,1,500,32,3,0.5,0.5,2.5,1,3,3,0,0.308698,0.992028,6.51149,2.37475,1356.14
1499,100,0.1,0.2,100,1,500,32,3,0.5,0.5,2.5,1,0,1,0,-749.47,0.971992,4144.6,5.45952,21858.2
1499,100,0.1,0.2,100,1,500,32,3,0.5,0.5,2.5,1,0,2,0,-205.495,0.969832,1140.4,5.88044,20309.8
1499,100,0.1,0.2,100,1,500,32,3,0.5,0.5,2.5,1,0,3,0,0.470673,0.993089,2.9233,1.34714,2456.74
1500,100,0.1,0.2,100,1,500,32,3,0.5,0.5,2.5,1,2,1,0,-65.2203,0.977082,398.494,4.88948,21174.1
1500,100,0.1,0.2,100,1,500,32,3,0.5,0.5,2.5,1,2,2,0,-653.625,0.943392,3939.34,12.0771,22440.8
1500,100,0.1,0.2,100,1,500,32,3,0.5,0.5,2.5,1,2,3,0,0.332327,0.992179,4.01786,1.66852,1219.03
1501,100,0.1,0.2,100,1,500,32,3,0.5,0.5,2.5,0,1,1,0,-1135.82,0.957587,3634.69,4.11592,7566.08
1501,100,0.1,0.2,100,1,500,32,3,0.5,0.5,2.5,0,1,2,0,-49.212,0.965361,160.54,3.36155,7910.83
1501,100,0.1,0.2,100,1,500,32,3,0.5,0.5,2.5,0,1,3,0,0.136991,0.975861,2.75924,2.34256,1053.75
1502,100,0.1,0.2,100,1,500,32,3,0.5,0.5,2.5,0,3,1,0,-7.61987,0.961563,24.122,3.59348,8886.81
1502,100,0.1,0.2,100,1,500,32,3,0.5,0.5,2.5,0,3,2,0,-1746.24,0.967772,4889.5,3.01301,7595.39
1502,100,0.1,0.2,100,1,500,32,3,0.5,0.5,2.5,0,3,3,0,0.0954999,0.976902,2.53117,2.15944,725.463
1503,100,0.1,0.2,100,1,500,32,3,0.5,0.5,2.5,0,0,1,0,-75691.9,0.965824,267200,3.96055,19225.7
1503,100,0.1,0.2,100,1,500,32,3,0.5,0.5,2.5,0,0,2,0,-4725.39,0.971696,16684.4,3.28,20992.2
1503,100,0.1,0.2,100,1,500,32,3,0.5,0.5,2.5,0,0,3,0,0.155104,0.981749,2.98253,2.11509,1042.77
1504,100,0.1,0.2,100,1,500,32,3,0.5,0.5,2.5,0,2,1,0,-2872.79,0.9422,10184.7,6.15901,19802.6
1504,100,0.1,0.2,100,1,500,32,3,0.5,0.5,2.5,0,2,2,0,-55.9789,0.963835,201.933,3.85359,18461.1
1504,100,0.1,0.2,100,1,500,32,3,0.5,0.5,2.5,0,2,3,0,0.161183,0.979232,2.97276,2.21302,1038.25
1505,100,0.1,0.2,100,1,500,32,7,0,0,2.5,1,1,1,0,1,1,1.27055e-27,-1.71452e-15,625.255
1505,100,0.1,0.2,100,1,500,32,7,0,0,2.5,1,1,2,0,1,1,1.27055e-27,-1.71452e-15,616.32
1505,100,0.1,0.2,100,1,500,32,7,0,0,2.5,1,1,3,0,1,1,7.15247e-20,-4.48629e-16,321.027
1506,100,0.1,0.2,100,1,500,32,7,0,0,2.5,1,3,1,0,1,1,8.55237e-27,-4.88098e-15,545.465
1506,100,0.1,0.2,100,1,500,32,7,0,0,2.5,1,3,2,0,1,1,8.55237e-27,-4.88098e-15,586.706
1506,100,0.1,0.2,100,1,500,32,7,0,0,2.5,1,3,3,0,1,1,1.72288e-19,-1.2636e-16,312.604
1507,100,0.1,0.2,100,1,500,32,7,0,0,2.5,1,0,1,0,1,1,7.39893e-27,-2.27275e-15,1339.77
1507,100,0.1,0.2,100,1,500,32,7,0,0,2.5,1,0,2,0,1,1,1.53779e-28,-1.56666e-15,1324.63
1507,100,0.1,0.2,100,1,500,32,7,0,0,2.5,1,0,3,0,1,1,7.30385e-20,-1.70423e-15,307.871
1508,100,0.1,0.2,100,1,500,32,7,0,0,2.5,1,2,1,0,1,1,1.15333e-28,-3.8215e-15,2563.24
1508,100,0.1,0.2,100,1,500,32,7,0,0,2.5,1,2,2,0,1,1,6.08305e-27,-3.60615e-15,1242.69
1508,100,0.1,0.2,100,1,500,32,7,0,0,2.5,1,2,3,0,1,1,2.9352e-19,1.47514e-16,329.078
1509,100,0.1,0.2,100,1,500,32,7,0,0,2.5,0,1,1,0,1,1,1.08655e-29,-3.32256e-15,618.694
1509,100,0.1,0.2,100,1,500,32,7,0,0,2.5,0,1,2,0,1,1,1.08655e-29,-3.32256e-15,626.297
1509,100,0.1,0.2,100,1,500,32,7,0,0,2.5,0,1,3,0,1,1,1.78081e-19,2.70877e-15,306.633
1510,100,0.1,0.2,100,1,500,32,7,0,0,2.5,0,3,1,0,1,1,7.82738e-27,-1.76381e-15,561.856
1510,100,0.1,0.2,100,1,500,32,7,0,0,2.5,0,3,2,0,1,1,7.82738e-27,-1.76381e-15,554.418
1510,100,0.1,0.2,100,1,500,32,7,0,0,2.5,0,3,3,0,1,1,4.97621e-19,4.58939e-16,323.596
1511,100,0.1,0.2,100,1,500,32,7,0,0,2.5,0,0,1,0,1,1,2.61554e-25,-3.04867e-15,1329.65
1511,100,0.1,0.2,100,1,500,32,7,0,0,2.5,0,0,2,0,1,1,1.24227e-28,-3.0802e-15,1344.36
1511,100,0.1,0.2,100,1,500,32,7,0,0,2.5,0,0,3,0,1,1,4.69426e-19,7.85174e-16,319.049
1512,100,0.1,0.2,100,1,500,32,7,0,0,2.5,0,2,1,0,1,1,2.59316e-28,-5.31197e-15,1239.5
1512,100,0.1,0.2,100,1,500,32,7,0,0,2.5,0,2,2,0,1,1,6.50442e-27,-3.69949e-15,1262.65
1512,100,0.1,0.2,100,1,500,32,7,0,0,2.5,0,2,3,0,1,1,9.31837e-20,-1.37182e-15,316.38
1513,100,0.1,0.2,100,1,500,32,7,0,0.1,2.5,1,1,1,0,-8.97732,0.97157,39.2244,3.31119,8670.06
1513,100,0.1,0.2,100,1,500,32,7,0,0.1,2.5,1,1,2,0,-1647.8,0.969818,6482.03,3.51526,8777.46
1513,100,0.1,0.2,100,1,500,32,7,0,0.1,2.5,1,1,3,0,-0.0982452,0.965869,4.31759,3.97516,851.551
1514,100,0.1,0.2,100,1,500,32,7,0,0.1,2.5,1,3,1,0,-30.7968,0.964756,117.391,4.08892,10200.4
1514,100,0.1,0.2,100,1,500,32,7,0,0.1,2.5,1,3,2,0,-3332.72,0.968225,12307.8,3.68643,9015.03
1514,100,0.1,0.2,100,1,500,32,7,0,0.1,2.5,1,3,3,0,-0.0631217,0.968191,3.92496,3.69041,613.295
1515,100,0.1,0.2,100,1,500,32,7,0,0.1,2.5,1,0,1,0,-88.9233,0.971735,303.753,3.13272,18681.6
1515,100,0.1,0.2,100,1,500,32,7,0,0.1,2.5,1,0,2,0,-119.079,0.972988,405.616,2.9939,17568.1
1515,100,0.1,0.2,100,1,500,32,7,0,0.1,2.5,1,0,3,0,-0.117011,0.968412,3.77316,3.50101,640.648
1516,100,0.1,0.2,100,1,500,32,7,0,0.1,2.5,1,2,1,0,-22.9173,0.97289,90.3695,3.17287,19374.4
1516,100,0.1,0.2,100,1,500,32,7,0,0.1,2.5,1,2,2,0,-21.0476,0.972917,83.305,3.16967,18037.5
1516,100,0.1,0.2,100,1,500,32,7,0,0.1,2.5,1,2,3,0,0.0723118,0.971107,3.50519,3.38158,930.533
1517,100,0.1,0.2,100,1,500,32,7,0,0.1,2.5,0,1,1,0,-375.325,0.964717,528.69,1.56704,7329.98
1517,100,0.1,0.2,100,1,500,32,7,0,0.1,2.5,0,1,2,0,-12.9988,0.965633,19.6666,1.52636,8766.69
1517,100,0.1,0.2,100,1,500,32,7,0,0.1,2.5,0,1,3,0,-0.234998,0.967159,1.73502,1.45856,633.632
1518,100,0.1,0.2,100,1,500,32,7,0,0.1,2.5,0,3,1,0,-116.132,0.968659,126.257,1.33652,6902.02
1518,100,0.1,0.2,100,1,500,32,7,0,0.1,2.5,0,3,2,0,-21744.6,0.96246,23439.6,1.60087,7335.96
1518,100,0.1,0.2,100,1,500,32,7,0,0.1,2.5,0,3,3,0,-0.158899,0.97839,1.24918,0.921523,549.322
1519,100,0.1,0.2,100,1,500,32,7,0,0.1,2.5,0,0,1,0,-223.41,0.966521,260.963,1.4375,14356.7
1519,100,0.1,0.2,100,1,500,32,7,0,0.1,2.5,0,0,2,0,-12780.9,0.967826,14863.9,1.38145,13007.8
1519,100,0.1,0.2,100,1,500,32,7,0,0.1,2.5,0,0,3,0,-0.319509,0.976493,1.53444,1.00932,619.687
1520,100,0.1,0.2,100,1,500,32,7,0,0.1,2.5,0,2,1,0,-70.5104,0.96524,93.9534,1.44368,14160.7
1520,100,0.1,0.2,100,1,500,32,7,0,0.1,2.5,0,2,2,0,-406.348,0.964786,535.192,1.46253,14576.3
1520,100,0.1,0.2,100,1,500,32,7,0,0.1,2.5,0,2,3,0,-0.173493,0.967708,1.54179,1.34116,515.341
1521,100,0.1,0.2,100,1,500,32,7,0,0.3,2.5,1,1,1,0,-111.971,0.961212,868.165,10.2853,10393.1
1521,100,0.1,0.2,100,1,500,32,7,0,0.3,2.5,1,1,2,0,-70.2055,0.972056,547.205,7.40994,11541.8
1521,100,0.1,0.2,100,1,500,32,7,0,0.3,2.5,1,1,3,0,0.58979,0.995854,3.15241,1.09948,1248.65
1522,100,0.1,0.2,100,1,500,32,7,0,0.3,2.5,1,3,1,0,-72.6973,0.967114,564.07,11.0592,10300.5
1522,100,0.1,0.2,100,1,500,32,7,0,0.3,2.5,1,3,2,0,-12.7223,0.980645,105.029,6.50884,10613.6
1522,100,0.1,0.2,100,1,500,32,7,0,0.3,2.5,1,3,3,0,0.75189,0.997122,1.89901,0.967746,1032.25
1523,100,0.1,0.2,100,1,500,32,7,0,0.3,2.5,1,0,1,0,-157.018,0.963763,1284.51,11.2869,23086.8
1523,100,0.1,0.2,100,1,500,32,7,0,0.3,2.5,1,0,2,0,-91.7981,0.977479,754.342,7.01482,22839
1523,100,0.1,0.2,100,1,500,32,7,0,0.3,2.5,1,0,3,0,0.69757,0.99631,2.45841,1.14924,1049.71
1524,100,0.1,0.2,100,1,500,32,7,0,0.3,2.5,1,2,1,0,-14.0492,0.967797,122.626,7.78595,20443
1524,100,0.1,0.2,100,1,500,32,7,0,0.3,2.5,1,2,2,0,-5098.65,0.973236,41553.5,6.47089,22373.3
1524,100,0.1,0.2,100,1,500,32,7,0,0.3,2.5,1,2,3,0,0.36211,0.993103,5.19773,1.66748,1742.5
1525,100,0.1,0.2,100,1,500,32,7,0,0.3,2.5,0,1,1,0,-8.19032,0.96766,31.3384,3.56089,8833.62
1525,100,0.1,0.2,100,1,500,32,7,0,0.3,2.5,0,1,2,0,-13.65,0.969066,49.9555,3.40605,10241.1
1525,100,0.1,0.2,100,1,500,32,7,0,0.3,2.5,0,1,3,0,0.198037,0.979202,2.73464,2.29006,1226.55
1526,100,0.1,0.2,100,1,500,32,7,0,0.3,2.5,0,3,1,0,-6430.79,0.960669,17409.7,4.23134,8871.25
1526,100,0.1,0.2,100,1,500,32,7,0,0.3,2.5,0,3,2,0,-33.2024,0.961057,92.5799,4.18957,9110.94
1526,100,0.1,0.2,100,1,500,32,7,0,0.3,2.5,0,3,3,0,0.395706,0.989487,1.63572,1.13105,1025.76
1527,100,0.1,0.2,100,1,500,32,7,0,0.3,2.5,0,0,1,0,-5263.96,0.9722,17150.8,3.18449,18967.1
1527,100,0.1,0.2,100,1,500,32,7,0,0.3,2.5,0,0,2,0,-125.518,0.966455,412.139,3.8426,18281.8
1527,100,0.1,0.2,100,1,500,32,7,0,0.3,2.5,0,0,3,0,0.483556,0.990897,1.68234,1.04273,1014.09
1528,100,0.1,0.2,100,1,500,32,7,0,0.3,2.5,0,2,1,0,-60.8872,0.969225,245.408,3.41036,18851
1528,100,0.1,0.2,100,1,500,32,7,0,0.3,2.5,0,2,2,0,-45.6513,0.974421,184.992,2.83451,17163.7
1528,100,0.1,0.2,100,1,500,32,7,0,0.3,2.5,0,2,3,0,0.304562,0.982701,2.7577,1.91695,1330.28
1529,100,0.1,0.2,100,1,500,32,7,0,0.5,2.5,1,1,1,0,-7.18221,0.970032,117.883,16.1546,12550.1
1529,100,0.1,0.2,100,1,500,32,7,0,0.5,2.5,1,1,2,0,-92.2835,0.969762,1343.95,16.3004,10687
1529,100,0.1,0.2,100,1,500,32,7,0,0.5,2.5,1,1,3,0,0.823113,0.998105,2.54845,1.02156,1003.93
1530,100,0.1,0.2,100,1,500,32,7,0,0.5,2.5,1,3,1,0,-8.2745,0.976698,135.593,11.0827,10625.7
1530,100,0.1,0.2,100,1,500,32,7,0,0.5,2.5,1,3,2,0,-133.168,0.970324,1961.53,14.1138,12390.7
1530,100,0.1,0.2,100,1,500,32,7,0,0.5,2.5,1,3,3,0,0.7178,0.997575,4.12574,1.15329,1282.4
1531,100,0.1,0.2,100,1,500,32,7,0,0.5,2.5,1,0,1,0,-394.556,0.961863,6497.57,19.9782,21852.2
1531,100,0.1,0.2,100,1,500,32,7,0,0.5,2.5,1,0,2,0,-180.073,0.969393,2974.38,16.0339,24266.6
1531,100,0.1,0.2,100,1,500,32,7,0,0.5,2.5,1,0,3,0,0.77887,0.997888,3.63237,1.10636,1052.72
1532,100,0.1,0.2,100,1,500,32,7,0,0.5,2.5,1,2,1,0,-26.9017,0.971196,417.45,14.7762,24471.9
1532,100,0.1,0.2,100,1,500,32,7,0,0.5,2.5,1,2,2,0,-4073.85,0.965921,60965.7,17.4826,21896.2
1532,100,0.1,0.2,100,1,500,32,7,0,0.5,2.5,1,2,3,0,0.772355,0.997845,3.40591,1.10567,1502.48
1533,100,0.1,0.2,100,1,500,32,7,0,0.5,2.5,0,1,1,0,-70.8194,0.971514,329.489,4.98083,9987.17
1533,100,0.1,0.2,100,1,500,32,7,0,0.5,2.5,0,1,2,0,-63.7153,0.974944,296.898,4.3811,11743.9
1533,100,0.1,0.2,100,1,500,32,7,0,0.5,2.5,0,1,3,0,0.537219,0.993577,2.12312,1.12307,1025.25
1534,100,0.1,0.2,100,1,500,32,7,0,0.5,2.5,0,3,1,0,-38.5711,0.962149,162.788,6.79622,9568.28
1534,100,0.1,0.2,100,1,500,32,7,0,0.5,2.5,0,3,2,0,-45.8733,0.971503,192.828,5.11672,10734.4
1534,100,0.1,0.2,100,1,500,32,7,0,0.5,2.5,0,3,3,0,0.549998,0.993812,1.85123,1.11107,1045.68
1535,100,0.1,0.2,100,1,500,32,7,0,0.5,2.5,0,0,1,0,-103.606,0.971625,677.268,5.18072,21766.1
1535,100,0.1,0.2,100,1,500,32,7,0,0.5,2.5,0,0,2,0,-210.536,0.967657,1369.59,5.90517,23534.2
1535,100,0.1,0.2,100,1,500,32,7,0,0.5,2.5,0,0,3,0,0.436856,0.991691,3.64607,1.517,1275.39
1536,100,0.1,0.2,100,1,500,32,7,0,0.5,2.5,0,2,1,0,-1724.53,0.971405,10990.4,5.16226,18871.3
1536,100,0.1,0.2,100,1,500,32,7,0,0.5,2.5,0,2,2,0,-191.323,0.971078,1224.95,5.22129,21336.2
1536,100,0.1,0.2,100,1,500,32,7,0,0.5,2.5,0,2,3,0,0.479702,0.992425,3.31392,1.36748,1152.81
1537,100,0.1,0.2,100,1,500,32,7,0.1,0,2.5,1,1,1,0,-110.867,0.975812,28.8596,0.212135,5126.73
1537,100,0.1,0.2,100,1,500,32,7,0.1,0,2.5,1,1,2,0,-33.2012,0.981199,8.8233,0.164891,5464.03
1537,100,0.1,0.2,100,1,500,32,7,0.1,0,2.5,1,1,3,0,0.679753,0.992732,0.0826181,0.0637426,309.564
1538,100,0.1,0.2,100,1,500,32,7,0.1,0,2.5,1,3,1,0,-200.256,0.987354,62.0187,0.10925,7542.74
1538,100,0.1,0.2,100,1,500,32,7,0.1,0,2.5,1,3,2,0,-412.89,0.971158,127.544,0.249175,5478.49
1538,100,0.1,0.2,100,1,500,32,7,0.1,0,2.5,1,3,3,0,0.706651,0.992212,0.0903981,0.0672821,318.702
1539,100,0.1,0.2,100,1,500,32,7,0.1,0,2.5,1,0,1,0,-43.6626,0.979532,12.7446,0.180431,9136.83
1539,100,0.1,0.2,100,1,500,32,7,0.1,0,2.5,1,0,2,0,-159.966,0.98945,45.932,0.0930012,9494.88
1539,100,0.1,0.2,100,1,500,32,7,0.1,0,2.5,1,0,3,0,0.6925,0.992319,0.0877458,0.0677119,310.495
1540,100,0.1,0.2,100,1,500,32,7,0.1,0,2.5,1,2,1,0,-10.6927,0.967905,3.18876,0.278675,11773.2
1540,100,0.1,0.2,100,1,500,32,7,0.1,0,2.5,1,2,2,0,-41.5215,0.976431,11.5962,0.204648,9441.67
1540,100,0.1,0.2,100,1,500,32,7,0.1,0,2.5,1,2,3,0,0.690481,0.992344,0.08441,0.0664801,285.101
1541,100,0.1,0.2,100,1,500,32,7,0.1,0,2.5,0,1,1,0,-5986.04,0.981553,1113.17,0.166415,4988.11
1541,100,0.1,0.2,100,1,500,32,7,0.1,0,2.5,0,1,2,0,-103.047,0.986677,19.3455,0.120194,5490.82
1541,100,0.1,0.2,100,1,500,32,7,0.1,0,2.5,0,1,3,0,0.583258,0.992946,0.0774851,0.063637,309.385
1542,100,0.1,0.2,100,1,500,32,7,0.1,0,2.5,0,3,1,0,-3634.7,0.981393,752.673,0.15924,5461.97
1542,100,0.1,0.2,100,1,500,32,7,0.1,0,2.5,0,3,2,0,-27.9366,0.973796,5.99052,0.224252,7624.17
1542,100,0.1,0.2,100,1,500,32,7,0.1,0,2.5,0,3,3,0,0.659984,0.99326,0.070391,0.0576802,314.929
1543,100,0.1,0.2,100,1,500,32,7,0.1,0,2.5,0,0,1,0,-41.5695,0.97607,7.65022,0.210001,9416.88
1543,100,0.1,0.2,100,1,500,32,7,0.1,0,2.5,0,0,2,0,-563.313,0.978859,101.413,0.185527,9380.38
1543,100,0.1,0.2,100,1,500,32,7,0.1,0,2.5,0,0,3,0,0.564424,0.992252,0.078278,0.0679961,297.684
1544,100,0.1,0.2,100,1,500,32,7,0.1,0,2.5,0,2,1,0,-14516.8,0.982119,3528.33,0.154509,11741.1
1544,100,0.1,0.2,100,1,500,32,7,0.1,0,2.5,0,2,2,0,-87.1645,0.981167,21.427,0.162733,9916.77
1544,100,0.1,0.2,100,1,500,32,7,0.1,0,2.5,0,2,3,0,0.657675,0.992351,0.0831967,0.0660968,299.127
1545,100,0.1,0.2,100,1,500,32,7,0.1,0.1,2.5,1,1,1,0,-14.8676,0.971565,48.3682,3.02085,8315.73
1545,100,0.1,0.2,100,1,500,32,7,0.1,0.1,2.5,1,1,2,0,-56.8321,0.968908,176.285,3.30305,8056.78
1545,100,0.1,0.2,100,1,500,32,7,0.1,0.1,2.5,1,1,3,0,0.0979474,0.977493,2.74966,2.39099,907.678
1546,100,0.1,0.2,100,1,500,32,7,0.1,0.1,2.5,1,3,1,0,-3570.94,0.966936,11921.1,3.86086,10457.7
1546,100,0.1,0.2,100,1,500,32,7,0.1,0.1,2.5,1,3,2,0,-46.195,0.969626,157.51,3.54672,8711.56
1546,100,0.1,0.2,100,1,500,32,7,0.1,0.1,2.5,1,3,3,0,-0.0512375,0.972181,3.50842,3.24837,763.729
1547,100,0.1,0.2,100,1,500,32,7,0.1,0.1,2.5,1,0,1,0,-41.2984,0.977766,185.245,2.52593,16475.1
1547,100,0.1,0.2,100,1,500,32,7,0.1,0.1,2.5,1,0,2,0,-394.291,0.963699,1731.17,4.12396,18886.3
1547,100,0.1,0.2,100,1,500,32,7,0.1,0.1,2.5,1,0,3,0,0.0246782,0.965021,4.27139,3.97384,802.82
1548,100,0.1,0.2,100,1,500,32,7,0.1,0.1,2.5,1,2,1,0,-19.023,0.972452,70.3485,3.19807,18664.1
1548,100,0.1,0.2,100,1,500,32,7,0.1,0.1,2.5,1,2,2,0,-1218.21,0.959536,4283.54,4.69752,16690.7
1548,100,0.1,0.2,100,1,500,32,7,0.1,0.1,2.5,1,2,3,0,0.112556,0.976722,3.11793,2.70235,1393.27
1549,100,0.1,0.2,100,1,500,32,7,0.1,0.1,2.5,0,1,1,0,-145357,0.966629,165853,1.5712,7316.9
1549,100,0.1,0.2,100,1,500,32,7,0.1,0.1,2.5,0,1,2,0,-47.025,0.969335,54.7965,1.44379,9122.9
1549,100,0.1,0.2,100,1,500,32,7,0.1,0.1,2.5,0,1,3,0,-0.242145,0.976152,1.41729,1.12282,834.376
1550,100,0.1,0.2,100,1,500,32,7,0.1,0.1,2.5,0,3,1,0,-21.3498,0.968038,36.4721,1.28728,6953.29
1550,100,0.1,0.2,100,1,500,32,7,0.1,0.1,2.5,0,3,2,0,-1507.65,0.965981,2461.94,1.37011,7004.38
1550,100,0.1,0.2,100,1,500,32,7,0.1,0.1,2.5,0,3,3,0,-0.123256,0.957993,1.83302,1.69181,594.489
1551,100,0.1,0.2,100,1,500,32,7,0.1,0.1,2.5,0,0,1,0,-37.2239,0.969377,56.878,1.24494,13041.4
1551,100,0.1,0.2,100,1,500,32,7,0.1,0.1,2.5,0,0,2,0,-2000.45,0.971621,2978.2,1.15374,15023.5
1551,100,0.1,0.2,100,1,500,32,7,0.1,0.1,2.5,0,0,3,0,-0.276277,0.960018,1.89913,1.62542,879.061
1552,100,0.1,0.2,100,1,500,32,7,0.1,0.1,2.5,0,2,1,0,-29.6961,0.963277,51.9635,1.68326,13629.4
1552,100,0.1,0.2,100,1,500,32,7,0.1,0.1,2.5,0,2,2,0,-59.9796,0.965001,103.228,1.60425,15781.3
1552,100,0.1,0.2,100,1,500,32,7,0.1,0.1,2.5,0,2,3,0,-0.0956551,0.96216,1.85476,1.73447,482.639
1553,100,0.1,0.2,100,1,500,32,7,0.1,0.3,2.5,1,1,1,0,-36.4045,0.973166,362.999,7.26812,9725.05
1553,100,0.1,0.2,100,1,500,32,7,0.1,0.3,2.5,1,1,2,0,-43.8022,0.967649,434.791,8.76249,9510.44
1553,100,0.1,0.2,100,1,500,32,7,0.1,0.3,2.5,1,1,3,0,0.593986,0.994883,3.94024,1.38598,1227.37
1554,100,0.1,0.2,100,1,500,32,7,0.1,0.3,2.5,1,3,1,0,-231.204,0.966677,2139.28,10.4216,12063.9
1554,100,0.1,0.2,100,1,500,32,7,0.1,0.3,2.5,1,3,2,0,-5561.78,0.968122,51249.4,9.96982,9995.25
1554,100,0.1,0.2,100,1,500,32,7,0.1,0.3,2.5,1,3,3,0,0.620105,0.995994,3.49994,1.25286,1208.49
1555,100,0.1,0.2,100,1,500,32,7,0.1,0.3,2.5,1,0,1,0,-47.9784,0.969409,534.142,9.82191,23188.6
1555,100,0.1,0.2,100,1,500,32,7,0.1,0.3,2.5,1,0,2,0,-10587.8,0.95818,115478,13.4271,21027.4
1555,100,0.1,0.2,100,1,500,32,7,0.1,0.3,2.5,1,0,3,0,0.624604,0.995866,4.09395,1.32721,1429.58
1556,100,0.1,0.2,100,1,500,32,7,0.1,0.3,2.5,1,2,1,0,-186.751,0.967521,2155.83,9.32915,21928.5
1556,100,0.1,0.2,100,1,500,32,7,0.1,0.3,2.5,1,2,2,0,-80.5084,0.96747,935.91,9.34367,22084.7
1556,100,0.1,0.2,100,1,500,32,7,0.1,0.3,2.5,1,2,3,0,0.32065,0.99081,7.80056,2.63972,1918.37
1557,100,0.1,0.2,100,1,500,32,7,0.1,0.3,2.5,0,1,1,0,-122.501,0.972804,498.582,3.07728,8720.81
1557,100,0.1,0.2,100,1,500,32,7,0.1,0.3,2.5,0,1,2,0,-147.187,0.964354,598.242,4.03349,9013.68
1557,100,0.1,0.2,100,1,500,32,7,0.1,0.3,2.5,0,1,3,0,0.112352,0.971744,3.58349,3.19722,895.756
1558,100,0.1,0.2,100,1,500,32,7,0.1,0.3,2.5,0,3,1,0,-127.045,0.961515,406.528,4.53495,10523.3
1558,100,0.1,0.2,100,1,500,32,7,0.1,0.3,2.5,0,3,2,0,-28.7374,0.961067,94.4131,4.58765,8940.44
1558,100,0.1,0.2,100,1,500,32,7,0.1,0.3,2.5,0,3,3,0,0.384099,0.988695,1.95542,1.33211,1113.91
1559,100,0.1,0.2,100,1,500,32,7,0.1,0.3,2.5,0,0,1,0,-122.233,0.969702,453.816,3.46908,18210.3
1559,100,0.1,0.2,100,1,500,32,7,0.1,0.3,2.5,0,0,2,0,-13546.2,0.966467,49888.5,3.83945,19865.2
1559,100,0.1,0.2,100,1,500,32,7,0.1,0.3,2.5,0,0,3,0,0.392429,0.988191,2.23743,1.35214,1199.64
1560,100,0.1,0.2,100,1,500,32,7,0.1,0.3,2.5,0,2,1,0,-9.81884,0.96737,38.3879,3.58939,19045.1
1560,100,0.1,0.2,100,1,500,32,7,0.1,0.3,2.5,0,2,2,0,-1636.32,0.967948,5809.62,3.52572,17135.4
1560,100,0.1,0.2,100,1,500,32,7,0.1,0.3,2.5,0,2,3,0,0.397335,0.988489,2.1384,1.26617,1306.49
1561,100,0.1,0.2,100,1,500,32,7,0.1,0.5,2.5,1,1,1,0,-42.2394,0.974539,495.301,8.93146,10191.2
1561,100,0.1,0.2,100,1,500,32,7,0.1,0.5,2.5,1,1,2,0,-671.062,0.967671,7698.39,11.3405,12333.2
1561,100,0.1,0.2,100,1,500,32,7,0.1,0.5,2.5,1,1,3,0,0.624996,0.996436,4.29563,1.25008,1304.49
1562,100,0.1,0.2,100,1,500,32,7,0.1,0.5,2.5,1,3,1,0,-87.4431,0.973033,1666.08,14.9085,10643.7
1562,100,0.1,0.2,100,1,500,32,7,0.1,0.5,2.5,1,3,2,0,-29.6886,0.969194,578.106,17.0305,12891.6
1562,100,0.1,0.2,100,1,500,32,7,0.1,0.5,2.5,1,3,3,0,0.704368,0.997712,5.56906,1.26491,1203.05
1563,100,0.1,0.2,100,1,500,32,7,0.1,0.5,2.5,1,0,1,0,-11.6638,0.968835,159.701,13.8736,21354.1
1563,100,0.1,0.2,100,1,500,32,7,0.1,0.5,2.5,1,0,2,0,-153.951,0.971164,1954.05,12.8368,24124.1
1563,100,0.1,0.2,100,1,500,32,7,0.1,0.5,2.5,1,0,3,0,0.76287,0.99761,2.99041,1.06401,1205.81
1564,100,0.1,0.2,100,1,500,32,7,0.1,0.5,2.5,1,2,1,0,-70.0344,0.969976,1423.19,16.4931,24732.5
1564,100,0.1,0.2,100,1,500,32,7,0.1,0.5,2.5,1,2,2,0,-118.665,0.939875,2397.52,33.0282,22630.8
1564,100,0.1,0.2,100,1,500,32,7,0.1,0.5,2.5,1,2,3,0,0.76132,0.997762,4.78201,1.22933,1227.52
1565,100,0.1,0.2,100,1,500,32,7,0.1,0.5,2.5,0,1,1,0,-38.7406,0.963991,228.429,6.80259,9604.7
1565,100,0.1,0.2,100,1,500,32,7,0.1,0.5,2.5,0,1,2,0,-4.55741,0.966869,31.9441,6.25896,12248.4
1565,100,0.1,0.2,100,1,500,32,7,0.1,0.5,2.5,0,1,3,0,0.558133,0.993763,2.53986,1.17825,1002.03
1566,100,0.1,0.2,100,1,500,32,7,0.1,0.5,2.5,0,3,1,0,-17.3376,0.968426,90.7807,4.81947,10102
1566,100,0.1,0.2,100,1,500,32,7,0.1,0.5,2.5,0,3,2,0,-1844.79,0.967774,9137.63,4.91907,9409.53
1566,100,0.1,0.2,100,1,500,32,7,0.1,0.5,2.5,0,3,3,0,0.461884,0.991564,2.66396,1.28774,1164.65
1567,100,0.1,0.2,100,1,500,32,7,0.1,0.5,2.5,0,0,1,0,-105.303,0.970167,726.335,5.6783,19678.4
1567,100,0.1,0.2,100,1,500,32,7,0.1,0.5,2.5,0,0,2,0,-344.136,0.978102,2358.2,4.16797,19791.4
1567,100,0.1,0.2,100,1,500,32,7,0.1,0.5,2.5,0,0,3,0,0.434798,0.992435,3.86184,1.43979,1308.57
1568,100,0.1,0.2,100,1,500,32,7,0.1,0.5,2.5,0,2,1,0,-1465.69,0.959967,7174.15,5.97322,21118.9
1568,100,0.1,0.2,100,1,500,32,7,0.1,0.5,2.5,0,2,2,0,-359.749,0.966099,1764.56,5.0582,20424
1568,100,0.1,0.2,100,1,500,32,7,0.1,0.5,2.5,0,2,3,0,0.310463,0.988101,3.3728,1.77546,1331.82
1569,100,0.1,0.2,100,1,500,32,7,0.3,0,2.5,1,1,1,0,-101.415,0.97021,76.1619,0.674143,7258.07
1569,100,0.1,0.2,100,1,500,32,7,0.3,0,2.5,1,1,2,0,-10.2077,0.967453,8.33475,0.736535,7003.14
1569,100,0.1,0.2,100,1,500,32,7,0.3,0,2.5,1,1,3,0,0.0630958,0.971676,0.696738,0.640974,693.398
1570,100,0.1,0.2,100,1,500,32,7,0.3,0,2.5,1,3,1,0,-17.6626,0.968867,13.6452,0.71199,7151.66
1570,100,0.1,0.2,100,1,500,32,7,0.3,0,2.5,1,3,2,0,-10.5519,0.960588,8.4462,0.901315,8808.73
1570,100,0.1,0.2,100,1,500,32,7,0.3,0,2.5,1,3,3,0,0.114879,0.974972,0.647157,0.572367,615.531
1571,100,0.1,0.2,100,1,500,32,7,0.3,0,2.5,1,0,1,0,-169.031,0.972412,116.464,0.615265,13696.5
1571,100,0.1,0.2,100,1,500,32,7,0.3,0,2.5,1,0,2,0,-156.315,0.971323,107.754,0.639544,13718.8
1571,100,0.1,0.2,100,1,500,32,7,0.3,0,2.5,1,0,3,0,0.106505,0.975239,0.612008,0.552214,608.683
1572,100,0.1,0.2,100,1,500,32,7,0.3,0,2.5,1,2,1,0,-74.8843,0.963877,53.1037,0.821835,16287.4
1572,100,0.1,0.2,100,1,500,32,7,0.3,0,2.5,1,2,2,0,-99.7971,0.966783,70.5377,0.755716,14475.5
1572,100,0.1,0.2,100,1,500,32,7,0.3,0,2.5,1,2,3,0,0.0976804,0.974594,0.631442,0.578016,614.637
1573,100,0.1,0.2,100,1,500,32,7,0.3,0,2.5,0,1,1,0,-150.546,0.970238,107.106,0.672913,8979.41
1573,100,0.1,0.2,100,1,500,32,7,0.3,0,2.5,0,1,2,0,-51.2672,0.965216,36.9402,0.786448,7206.38
1573,100,0.1,0.2,100,1,500,32,7,0.3,0,2.5,0,1,3,0,0.0766941,0.973038,0.652552,0.609595,605.23
1574,100,0.1,0.2,100,1,500,32,7,0.3,0,2.5,0,3,1,0,-12.1913,0.971188,9.31712,0.650467,6869.56
1574,100,0.1,0.2,100,1,500,32,7,0.3,0,2.5,0,3,2,0,-1.70492e+06,0.967271,1.2042e+06,0.738899,7443.36
1574,100,0.1,0.2,100,1,500,32,7,0.3,0,2.5,0,3,3,0,0.117434,0.975769,0.623362,0.547042,703.629
1575,100,0.1,0.2,100,1,500,32,7,0.3,0,2.5,0,0,1,0,-32.1005,0.960494,25.1817,0.914893,16288.4
1575,100,0.1,0.2,100,1,500,32,7,0.3,0,2.5,0,0,2,0,-2364.46,0.966361,1799.55,0.779019,14492.6
1575,100,0.1,0.2,100,1,500,32,7,0.3,0,2.5,0,0,3,0,0.111299,0.974739,0.676091,0.585002,608.078
1576,100,0.1,0.2,100,1,500,32,7,0.3,0,2.5,0,2,1,0,-54.0944,0.966369,37.4367,0.767923,15613.8
1576,100,0.1,0.2,100,1,500,32,7,0.3,0,2.5,0,2,2,0,-122036,0.962644,82924,0.852974,14379.7
1576,100,0.1,0.2,100,1,500,32,7,0.3,0,2.5,0,2,3,0,0.0604666,0.973948,0.638414,0.594867,612.361
1577,100,0.1,0.2,100,1,500,32,7,0.3,0.1,2.5,1,1,1,0,-10.5719,0.962033,50.8146,5.26914,9022.77
1577,100,0.1,0.2,100,1,500,32,7,0.3,0.1,2.5,1,1,2,0,-41.1253,0.964618,184.981,4.91031,10465.4
1577,100,0.1,0.2,100,1,500,32,7,0.3,0.1,2.5,1,1,3,0,0.412928,0.988709,2.57796,1.56702,1712.57
1578,100,0.1,0.2,100,1,500,32,7,0.3,0.1,2.5,1,3,1,0,-148.595,0.970983,632.675,3.64982,8908.08
1578,100,0.1,0.2,100,1,500,32,7,0.3,0.1,2.5,1,3,2,0,-1265.39,0.979316,5355.91,2.60167,8967.89
1578,100,0.1,0.2,100,1,500,32,7,0.3,0.1,2.5,1,3,3,0,0.378119,0.98715,2.6301,1.6163,1518.54
1579,100,0.1,0.2,100,1,500,32,7,0.3,0.1,2.5,1,0,1,0,-26.2741,0.967474,113.585,4.10624,19068.3
1579,100,0.1,0.2,100,1,500,32,7,0.3,0.1,2.5,1,0,2,0,-213.196,0.969344,892.039,3.87015,17267
1579,100,0.1,0.2,100,1,500,32,7,0.3,0.1,2.5,1,0,3,0,0.315966,0.98288,2.84872,2.1613,1105.91
1580,100,0.1,0.2,100,1,500,32,7,0.3,0.1,2.5,1,2,1,0,-260.791,0.961642,983.413,5.07599,19725.5
1580,100,0.1,0.2,100,1,500,32,7,0.3,0.1,2.5,1,2,2,0,-3504.08,0.971317,13166.8,3.79566,18986.1
1580,100,0.1,0.2,100,1,500,32,7,0.3,0.1,2.5,1,2,3,0,0.289904,0.983032,2.66746,2.24543,907.355
1581,100,0.1,0.2,100,1,500,32,7,0.3,0.1,2.5,0,1,1,0,-14209.4,0.963943,25913.8,2.08597,7971.57
1581,100,0.1,0.2,100,1,500,32,7,0.3,0.1,2.5,0,1,2,0,-209.189,0.965199,383.296,2.01331,7627.38
1581,100,0.1,0.2,100,1,500,32,7,0.3,0.1,2.5,0,1,3,0,0.0557263,0.972813,1.72196,1.5728,607.387
1582,100,0.1,0.2,100,1,500,32,7,0.3,0.1,2.5,0,3,1,0,-10.6168,0.972682,19.4495,1.6194,7949.14
1582,100,0.1,0.2,100,1,500,32,7,0.3,0.1,2.5,0,3,2,0,-52.1679,0.969984,89.0165,1.77939,9859.81
1582,100,0.1,0.2,100,1,500,32,7,0.3,0.1,2.5,0,3,3,0,0.0386085,0.974755,1.60961,1.49656,708.163
1583,100,0.1,0.2,100,1,500,32,7,0.3,0.1,2.5,0,0,1,0,-64.9829,0.968971,109.322,1.74714,15491.8
1583,100,0.1,0.2,100,1,500,32,7,0.3,0.1,2.5,0,0,2,0,-708.348,0.970379,1175.26,1.66785,17483.7
1583,100,0.1,0.2,100,1,500,32,7,0.3,0.1,2.5,0,0,3,0,0.0197269,0.972023,1.62414,1.57531,612.776
1584,100,0.1,0.2,100,1,500,32,7,0.3,0.1,2.5,0,2,1,0,-232.592,0.969912,420.233,1.72768,15648.1
1584,100,0.1,0.2,100,1,500,32,7,0.3,0.1,2.5,0,2,2,0,-28.8692,0.96551,53.7349,1.98046,18199
1584,100,0.1,0.2,100,1,500,32,7,0.3,0.1,2.5,0,2,3,0,0.019195,0.970257,1.76447,1.70789,629.419
1585,100,0.1,0.2,100,1,500,32,7,0.3,0.3,2.5,1,1,1,0,-162.685,0.957761,1150.2,10.7421,9688.07
1585,100,0.1,0.2,100,1,500,32,7,0.3,0.3,2.5,1,1,2,0,-237.28,0.96952,1674.37,7.75137,9731.32
1585,100,0.1,0.2,100,1,500,32,7,0.3,0.3,2.5,1,1,3,0,0.679108,0.995938,2.25488,1.0329,1017.63
1586,100,0.1,0.2,100,1,500,32,7,0.3,0.3,2.5,1,3,1,0,-78.7638,0.961571,782.944,12.8205,12018.8
1586,100,0.1,0.2,100,1,500,32,7,0.3,0.3,2.5,1,3,2,0,-2288.38,0.957027,22472.1,14.3362,10497.4
1586,100,0.1,0.2,100,1,500,32,7,0.3,0.3,2.5,1,3,3,0,0.638202,0.996495,3.55132,1.16917,1206.29
1587,100,0.1,0.2,100,1,500,32,7,0.3,0.3,2.5,1,0,1,0,-101.661,0.974853,831.991,7.3603,22861.2
1587,100,0.1,0.2,100,1,500,32,7,0.3,0.3,2.5,1,0,2,0,-113.573,0.975309,928.525,7.22683,21020.2
1587,100,0.1,0.2,100,1,500,32,7,0.3,0.3,2.5,1,0,3,0,0.66004,0.995891,2.75511,1.20268,1234.7
1588,100,0.1,0.2,100,1,500,32,7,0.3,0.3,2.5,1,2,1,0,-50.5267,0.970509,515.806,8.77235,22651.2
1588,100,0.1,0.2,100,1,500,32,7,0.3,0.3,2.5,1,2,2,0,-185.671,0.967197,1868.66,9.75752,22944
1588,100,0.1,0.2,100,1,500,32,7,0.3,0.3,2.5,1,2,3,0,0.566485,0.995251,4.33968,1.41266,1351.65
1589,100,0.1,0.2,100,1,500,32,7,0.3,0.3,2.5,0,1,1,0,-75.7741,0.96151,259.121,4.49076,9022.91
1589,100,0.1,0.2,100,1,500,32,7,0.3,0.3,2.5,0,1,2,0,-490.56,0.959334,1659.07,4.74465,8532.95
1589,100,0.1,0.2,100,1,500,32,7,0.3,0.3,2.5,0,1,3,0,0.35732,0.987915,2.16912,1.40994,1009.42
1590,100,0.1,0.2,100,1,500,32,7,0.3,0.3,2.5,0,3,1,0,-27.8719,0.972377,121.181,3.27346,11011.4
1590,100,0.1,0.2,100,1,500,32,7,0.3,0.3,2.5,0,3,2,0,-21.6606,0.965249,95.1107,4.11814,9066.81
1590,100,0.1,0.2,100,1,500,32,7,0.3,0.3,2.5,0,3,3,0,0.221912,0.980143,3.26578,2.35309,1216.51
1591,100,0.1,0.2,100,1,500,32,7,0.3,0.3,2.5,0,0,1,0,-536.726,0.967222,2001.44,4.26608,17706.9
1591,100,0.1,0.2,100,1,500,32,7,0.3,0.3,2.5,0,0,2,0,-909.876,0.962409,3390.33,4.89239,19722.5
1591,100,0.1,0.2,100,1,500,32,7,0.3,0.3,2.5,0,0,3,0,0.431226,0.990239,2.11701,1.27032,1092.87
1592,100,0.1,0.2,100,1,500,32,7,0.3,0.3,2.5,0,2,1,0,-527.124,0.972734,2411.3,3.4671,19508.2
1592,100,0.1,0.2,100,1,500,32,7,0.3,0.3,2.5,0,2,2,0,-109.275,0.971994,503.492,3.56132,17927.8
1592,100,0.1,0.2,100,1,500,32,7,0.3,0.3,2.5,0,2,3,0,0.289797,0.983202,3.24264,2.1361,1006.33
1593,100,0.1,0.2,100,1,500,32,7,0.3,0.5,2.5,1,1,1,0,-415.347,0.969447,6035.37,17.2403,10826.9
1593,100,0.1,0.2,100,1,500,32,7,0.3,0.5,2.5,1,1,2,0,-742.517,0.965705,10778,19.3517,12573.6
1593,100,0.1,0.2,100,1,500,32,7,0.3,0.5,2.5,1,1,3,0,0.856638,0.998446,2.07818,0.877062,919.192
1594,100,0.1,0.2,100,1,500,32,7,0.3,0.5,2.5,1,3,1,0,-9018.06,0.965765,169499,18.7095,12638.6
1594,100,0.1,0.2,100,1,500,32,7,0.3,0.5,2.5,1,3,2,0,-1844.37,0.977784,34680.8,12.1413,11086.7
1594,100,0.1,0.2,100,1,500,32,7,0.3,0.5,2.5,1,3,3,0,0.747285,0.997947,4.74938,1.12205,1304.23
1595,100,0.1,0.2,100,1,500,32,7,0.3,0.5,2.5,1,0,1,0,-57.8919,0.961163,994.298,22.1634,26270.9
1595,100,0.1,0.2,100,1,500,32,7,0.3,0.5,2.5,1,0,2,0,-414.688,0.976212,7018.24,13.5751,23748.2
1595,100,0.1,0.2,100,1,500,32,7,0.3,0.5,2.5,1,0,3,0,0.804665,0.998155,3.29793,1.05292,1218.64
1596,100,0.1,0.2,100,1,500,32,7,0.3,0.5,2.5,1,2,1,0,-20.3113,0.978685,319.62,9.60621,22523.5
1596,100,0.1,0.2,100,1,500,32,7,0.3,0.5,2.5,1,2,2,0,-1669.34,0.967606,25051.3,14.5994,24395.7
1596,100,0.1,0.2,100,1,500,32,7,0.3,0.5,2.5,1,2,3,0,0.736818,0.997599,3.94712,1.08194,1243.55
1597,100,0.1,0.2,100,1,500,32,7,0.3,0.5,2.5,0,1,1,0,-46.4289,0.958297,247.043,6.72731,9391.8
1597,100,0.1,0.2,100,1,500,32,7,0.3,0.5,2.5,0,1,2,0,-44272.2,0.969302,230606,4.95209,9402.6
1597,100,0.1,0.2,100,1,500,32,7,0.3,0.5,2.5,0,1,3,0,0.429274,0.991404,2.97275,1.38669,1232.19
1598,100,0.1,0.2,100,1,500,32,7,0.3,0.5,2.5,0,3,1,0,-70.7708,0.969713,424.658,5.45018,9390.45
1598,100,0.1,0.2,100,1,500,32,7,0.3,0.5,2.5,0,3,2,0,-177.261,0.970707,1054.74,5.27138,11037.7
1598,100,0.1,0.2,100,1,500,32,7,0.3,0.5,2.5,0,3,3,0,0.53536,0.993518,2.74921,1.16649,1098.8
1599,100,0.1,0.2,100,1,500,32,7,0.3,0.5,2.5,0,0,1,0,-2562.78,0.976028,17560.4,4.86994,19952.9
1599,100,0.1,0.2,100,1,500,32,7,0.3,0.5,2.5,0,0,2,0,-4492.91,0.967365,30780.7,6.62974,21295.8
1599,100,0.1,0.2,100,1,500,32,7,0.3,0.5,2.5,0,0,3,0,0.51963,0.993105,3.29026,1.40072,1125.12
1600,100,0.1,0.2,100,1,500,32,7,0.3,0.5,2.5,0,2,1,0,-449.341,0.970415,2392.26,6.12718,20220.2
1600,100,0.1,0.2,100,1,500,32,7,0.3,0.5,2.5,0,2,2,0,-464.1,0.9689,2470.67,6.44098,21877
1600,100,0.1,0.2,100,1,500,32,7,0.3,0.5,2.5,0,2,3,0,0.577794,0.994667,2.24281,1.10452,973.005
1601,100,0.1,0.2,100,1,500,32,7,0.5,0,2.5,1,1,1,0,-1805.58,0.969685,2911.03,1.51432,7947.86
1601,100,0.1,0.2,100,1,500,32,7,0.5,0,2.5,1,1,2,0,-40.9191,0.96486,67.5465,1.75535,8072.66
1601,100,0.1,0.2,100,1,500,32,7,0.5,0,2.5,1,1,3,0,0.120414,0.975475,1.41732,1.2251,808.794
1602,100,0.1,0.2,100,1,500,32,7,0.5,0,2.5,1,3,1,0,-200.498,0.965493,336.436,1.75635,9080.56
1602,100,0.1,0.2,100,1,500,32,7,0.5,0,2.5,1,3,2,0,-707.912,0.967146,1183.65,1.67225,8026.89
1602,100,0.1,0.2,100,1,500,32,7,0.5,0,2.5,1,3,3,0,0.0779658,0.972824,1.5395,1.38321,897.284
1603,100,0.1,0.2,100,1,500,32,7,0.5,0,2.5,1,0,1,0,-481.46,0.952554,787.775,2.3846,16496.7
1603,100,0.1,0.2,100,1,500,32,7,0.5,0,2.5,1,0,2,0,-186.37,0.967282,305.944,1.64439,17819
1603,100,0.1,0.2,100,1,500,32,7,0.5,0,2.5,1,0,3,0,0.0916392,0.974087,1.4832,1.30239,848.535
1604,100,0.1,0.2,100,1,500,32,7,0.5,0,2.5,1,2,1,0,-36.0881,0.970558,54.5739,1.51132,17607.8
1604,100,0.1,0.2,100,1,500,32,7,0.5,0,2.5,1,2,2,0,-28575.6,0.956221,42049.5,2.24726,16358
1604,100,0.1,0.2,100,1,500,32,7,0.5,0,2.5,1,2,3,0,0.0914279,0.977422,1.33693,1.15898,701.777
1605,100,0.1,0.2,100,1,500,32,7,0.5,0,2.5,0,1,1,0,-1106.02,0.96243,2005.42,1.89006,8052.46
1605,100,0.1,0.2,100,1,500,32,7,0.5,0,2.5,0,1,2,0,-38.5759,0.967953,71.6935,1.61219,9380.08
1605,100,0.1,0.2,100,1,500,32,7,0.5,0,2.5,0,1,3,0,0.0805512,0.971102,1.66562,1.45379,1015.97
1606,100,0.1,0.2,100,1,500,32,7,0.5,0,2.5,0,3,1,0,-82.4665,0.968764,142.442,1.60251,8042.07
1606,100,0.1,0.2,100,1,500,32,7,0.5,0,2.5,0,3,2,0,-2272.9,0.963971,3880.59,1.84839,8198.97
1606,100,0.1,0.2,100,1,500,32,7,0.5,0,2.5,0,3,3,0,0.0847454,0.972643,1.56195,1.40351,810.618
1607,100,0.1,0.2,100,1,500,32,7,0.5,0,2.5,0,0,1,0,-9548.08,0.968561,16283.6,1.6108,17581
1607,100,0.1,0.2,100,1,500,32,7,0.5,0,2.5,0,0,2,0,-34.1569,0.957752,59.9514,2.16463,16325.8
1607,100,0.1,0.2,100,1,500,32,7,0.5,0,2.5,0,0,3,0,0.0898875,0.974597,1.55197,1.30157,702.493
1608,100,0.1,0.2,100,1,500,32,7,0.5,0,2.5,0,2,1,0,-524.875,0.969099,919.961,1.57464,17628.9
1608,100,0.1,0.2,100,1,500,32,7,0.5,0,2.5,0,2,2,0,-1391.85,0.965709,2436.64,1.74739,17676.3
1608,100,0.1,0.2,100,1,500,32,7,0.5,0,2.5,0,2,3,0,0.0922447,0.972597,1.58802,1.3964,831.594
1609,100,0.1,0.2,100,1,500,32,7,0.5,0.1,2.5,1,1,1,0,-34.1137,0.961327,171.979,6.10392,10617.5
1609,100,0.1,0.2,100,1,500,32,7,0.5,0.1,2.5,1,1,2,0,-329.578,0.96919,1619.09,4.86291,9332.45
1609,100,0.1,0.2,100,1,500,32,7,0.5,0.1,2.5,1,1,3,0,0.411979,0.989877,2.87999,1.59769,1216.6
1610,100,0.1,0.2,100,1,500,32,7,0.5,0.1,2.5,1,3,1,0,-368.704,0.963969,1978.98,5.74456,9293.69
1610,100,0.1,0.2,100,1,500,32,7,0.5,0.1,2.5,1,3,2,0,-88.4114,0.968872,478.609,4.96296,9669.54
1610,100,0.1,0.2,100,1,500,32,7,0.5,0.1,2.5,1,3,3,0,0.447374,0.990535,2.95814,1.50906,1020.15
1611,100,0.1,0.2,100,1,500,32,7,0.5,0.1,2.5,1,0,1,0,-94.7836,0.969006,410.845,4.66718,20174.3
1611,100,0.1,0.2,100,1,500,32,7,0.5,0.1,2.5,1,0,2,0,-337.201,0.972871,1450.65,4.08515,20060.4
1611,100,0.1,0.2,100,1,500,32,7,0.5,0.1,2.5,1,0,3,0,0.487975,0.992115,2.19624,1.18733,1123.67
1612,100,0.1,0.2,100,1,500,32,7,0.5,0.1,2.5,1,2,1,0,-69.4069,0.957993,291.318,6.23248,19547.6
1612,100,0.1,0.2,100,1,500,32,7,0.5,0.1,2.5,1,2,2,0,-65441.1,0.967394,270776,4.83763,18952.7
1612,100,0.1,0.2,100,1,500,32,7,0.5,0.1,2.5,1,2,3,0,0.40126,0.990876,2.47737,1.35367,1142.5
1613,100,0.1,0.2,100,1,500,32,7,0.5,0.1,2.5,0,1,1,0,-699.188,0.969423,1702.43,2.61308,10223.3
1613,100,0.1,0.2,100,1,500,32,7,0.5,0.1,2.5,0,1,2,0,-3385.17,0.962745,8233.12,3.1838,8948.28
1613,100,0.1,0.2,100,1,500,32,7,0.5,0.1,2.5,0,1,3,0,0.244825,0.983881,1.83613,1.3775,802.883
1614,100,0.1,0.2,100,1,500,32,7,0.5,0.1,2.5,0,3,1,0,-772.802,0.96907,2309.76,2.6767,8425.5
1614,100,0.1,0.2,100,1,500,32,7,0.5,0.1,2.5,0,3,2,0,-28.7864,0.967001,88.911,2.85576,10176.5
1614,100,0.1,0.2,100,1,500,32,7,0.5,0.1,2.5,0,3,3,0,0.203943,0.979103,2.37619,1.80842,829.417
1615,100,0.1,0.2,100,1,500,32,7,0.5,0.1,2.5,0,0,1,0,-78.2787,0.96736,209.5,2.74017,17457.7
1615,100,0.1,0.2,100,1,500,32,7,0.5,0.1,2.5,0,0,2,0,-14.5148,0.967802,40.9991,2.70309,19268.6
1615,100,0.1,0.2,100,1,500,32,7,0.5,0.1,2.5,0,0,3,0,0.186791,0.979851,2.14897,1.69158,953.529
1616,100,0.1,0.2,100,1,500,32,7,0.5,0.1,2.5,0,2,1,0,-121.214,0.968996,447.607,2.70281,17587.5
1616,100,0.1,0.2,100,1,500,32,7,0.5,0.1,2.5,0,2,2,0,-215.544,0.965298,793.089,3.02519,19021.6
1616,100,0.1,0.2,100,1,500,32,7,0.5,0.1,2.5,0,2,3,0,0.139368,0.970327,3.15205,2.58673,880.481
1617,100,0.1,0.2,100,1,500,32,7,0.5,0.3,2.5,1,1,1,0,-12.7832,0.973285,167.972,9.86207,10124.7
1617,100,0.1,0.2,100,1,500,32,7,0.5,0.3,2.5,1,1,2,0,-24.1322,0.966455,306.28,12.3831,10596.4
1617,100,0.1,0.2,100,1,500,32,7,0.5,0.3,2.5,1,1,3,0,0.655872,0.996526,4.1938,1.28262,2830.44
1618,100,0.1,0.2,100,1,500,32,7,0.5,0.3,2.5,1,3,1,0,-388.048,0.971239,4805.39,10.8283,10168.3
1618,100,0.1,0.2,100,1,500,32,7,0.5,0.3,2.5,1,3,2,0,-15.9559,0.973978,209.434,9.79728,10696
1618,100,0.1,0.2,100,1,500,32,7,0.5,0.3,2.5,1,3,3,0,0.687371,0.996808,3.86149,1.20162,1220.97
1619,100,0.1,0.2,100,1,500,32,7,0.5,0.3,2.5,1,0,1,0,-61.1342,0.980422,767.452,7.42639,24026
1619,100,0.1,0.2,100,1,500,32,7,0.5,0.3,2.5,1,0,2,0,-27.6039,0.971854,353.302,10.6766,23383.6
1619,100,0.1,0.2,100,1,500,32,7,0.5,0.3,2.5,1,0,3,0,0.62946,0.99662,4.57673,1.28207,1336.23
1620,100,0.1,0.2,100,1,500,32,7,0.5,0.3,2.5,1,2,1,0,-114.003,0.969153,982.614,8.48324,19826.7
1620,100,0.1,0.2,100,1,500,32,7,0.5,0.3,2.5,1,2,2,0,-286.638,0.970014,2457.65,8.24644,22426.5
1620,100,0.1,0.2,100,1,500,32,7,0.5,0.3,2.5,1,2,3,0,0.525235,0.994906,4.05651,1.40085,1362.95
1621,100,0.1,0.2,100,1,500,32,7,0.5,0.3,2.5,0,1,1,0,-186.121,0.961775,1082.74,6.01657,9007.27
1621,100,0.1,0.2,100,1,500,32,7,0.5,0.3,2.5,0,1,2,0,-36.2498,0.970149,215.54,4.69856,9354.28
1621,100,0.1,0.2,100,1,500,32,7,0.5,0.3,2.5,0,1,3,0,0.430112,0.990312,3.29756,1.52496,2859.31
1622,100,0.1,0.2,100,1,500,32,7,0.5,0.3,2.5,0,3,1,0,-55.448,0.964617,252.016,5.42125,9428.17
1622,100,0.1,0.2,100,1,500,32,7,0.5,0.3,2.5,0,3,2,0,-300217,0.961845,1.34034e+06,5.84591,9406.63
1622,100,0.1,0.2,100,1,500,32,7,0.5,0.3,2.5,0,3,3,0,0.460731,0.992016,2.4076,1.22326,1085.97
1623,100,0.1,0.2,100,1,500,32,7,0.5,0.3,2.5,0,0,1,0,-50391.6,0.967988,221268,4.58893,20026.7
1623,100,0.1,0.2,100,1,500,32,7,0.5,0.3,2.5,0,0,2,0,-41.8794,0.968122,188.278,4.56969,18635.8
1623,100,0.1,0.2,100,1,500,32,7,0.5,0.3,2.5,0,0,3,0,0.359015,0.9893,2.81449,1.53389,1102.83
1624,100,0.1,0.2,100,1,500,32,7,0.5,0.3,2.5,0,2,1,0,-60.8098,0.966642,251.955,4.71456,20106.3
1624,100,0.1,0.2,100,1,500,32,7,0.5,0.3,2.5,0,2,2,0,-142237,0.972648,579804,3.86565,18524.3
1624,100,0.1,0.2,100,1,500,32,7,0.5,0.3,2.5,0,2,3,0,0.492162,0.991923,2.0701,1.14159,1003.46
1625,100,0.1,0.2,100,1,500,32,7,0.5,0.5,2.5,1,1,1,0,-124.208,0.962077,1716,18.0938,12155.7
1625,100,0.1,0.2,100,1,500,32,7,0.5,0.5,2.5,1,1,2,0,-22.9227,0.976345,327.865,11.2864,10819.5
1625,100,0.1,0.2,100,1,500,32,7,0.5,0.5,2.5,1,1,3,0,0.805265,0.997926,2.66889,0.989736,1112
1626,100,0.1,0.2,100,1,500,32,7,0.5,0.5,2.5,1,3,1,0,-41.2792,0.951185,553.517,19.0787,11829.6
1626,100,0.1,0.2,100,1,500,32,7,0.5,0.5,2.5,1,3,2,0,-1125.99,0.971487,14754.5,11.1441,10606.5
1626,100,0.1,0.2,100,1,500,32,7,0.5,0.5,2.5,1,3,3,0,0.66204,0.996885,4.42456,1.21742,1211.31
1627,100,0.1,0.2,100,1,500,32,7,0.5,0.5,2.5,1,0,1,0,-163.077,0.964445,2771.92,21.114,25132.3
1627,100,0.1,0.2,100,1,500,32,7,0.5,0.5,2.5,1,0,2,0,-58.3966,0.966507,1003.45,19.8894,23551.8
1627,100,0.1,0.2,100,1,500,32,7,0.5,0.5,2.5,1,0,3,0,0.800323,0.998421,3.37335,0.93759,1233.45
1628,100,0.1,0.2,100,1,500,32,7,0.5,0.5,2.5,1,2,1,0,-125.257,0.973525,2690.12,15.8134,26022.7
1628,100,0.1,0.2,100,1,500,32,7,0.5,0.5,2.5,1,2,2,0,-404.941,0.951976,8649.27,28.6843,24642
1628,100,0.1,0.2,100,1,500,32,7,0.5,0.5,2.5,1,2,3,0,0.565001,0.997695,9.26841,1.37691,1838.74
1629,100,0.1,0.2,100,1,500,32,7,0.5,0.5,2.5,0,1,1,0,-288.417,0.958563,1507.99,8.26772,9507.14
1629,100,0.1,0.2,100,1,500,32,7,0.5,0.5,2.5,0,1,2,0,-14.0908,0.972759,78.6292,5.43523,11266.1
1629,100,0.1,0.2,100,1,500,32,7,0.5,0.5,2.5,0,1,3,0,0.597671,0.994583,2.0963,1.08079,900.86
1630,100,0.1,0.2,100,1,500,32,7,0.5,0.5,2.5,0,3,1,0,-2198.16,0.961661,15836.3,8.86927,9683.94
1630,100,0.1,0.2,100,1,500,32,7,0.5,0.5,2.5,0,3,2,0,-1582.48,0.971654,11402.7,6.55753,9927.02
1630,100,0.1,0.2,100,1,500,32,7,0.5,0.5,2.5,0,3,3,0,0.575569,0.994617,3.05634,1.24537,1088.14
1631,100,0.1,0.2,100,1,500,32,7,0.5,0.5,2.5,0,0,1,0,-247.662,0.962242,1415.25,6.86683,20348.6
1631,100,0.1,0.2,100,1,500,32,7,0.5,0.5,2.5,0,0,2,0,-168.027,0.970406,962.015,5.3821,18725.6
1631,100,0.1,0.2,100,1,500,32,7,0.5,0.5,2.5,0,0,3,0,0.567832,0.993822,2.45967,1.12361,1085.35
1632,100,0.1,0.2,100,1,500,32,7,0.5,0.5,2.5,0,2,1,0,-131.571,0.966323,763.302,5.9983,20316.9
1632,100,0.1,0.2,100,1,500,32,7,0.5,0.5,2.5,0,2,2,0,-424.515,0.977484,2449.98,4.01029,20852.7
1632,100,0.1,0.2,100,1,500,32,7,0.5,0.5,2.5,0,2,3,0,0.409294,0.991317,3.40109,1.5466,1362.94
1633,100,0.1,0.2,100,1,500,32,15,0,0,2.5,1,1,1,0,1,1,1.13638e-28,-1.94011e-15,850.69
1633,100,0.1,0.2,100,1,500,32,15,0,0,2.5,1,1,2,0,1,1,1.13638e-28,-1.94011e-15,709.589
1633,100,0.1,0.2,100,1,500,32,15,0,0,2.5,1,1,3,0,1,1,9.99758e-18,1.83445e-15,366.413
1634,100,0.1,0.2,100,1,500,32,15,0,0,2.5,1,3,1,0,1,1,1.44694e-27,-4.99401e-15,710.806
1634,100,0.1,0.2,100,1,500,32,15,0,0,2.5,1,3,2,0,1,1,1.44694e-27,-4.99401e-15,692.573
1634,100,0.1,0.2,100,1,500,32,15,0,0,2.5,1,3,3,0,1,1,1.84577e-17,-4.37005e-16,327.1
1635,100,0.1,0.2,100,1,500,32,15,0,0,2.5,1,0,1,0,1,1,1.24698e-28,-7.53531e-15,1519.9
1635,100,0.1,0.2,100,1,500,32,15,0,0,2.5,1,0,2,0,1,1,1.84933e-27,-2.96765e-15,1573.38
1635,100,0.1,0.2,100,1,500,32,15,0,0,2.5,1,0,3,0,1,1,2.31219e-17,-1.5318e-15,331.235
1636,100,0.1,0.2,100,1,500,32,15,0,0,2.5,1,2,1,0,1,1,7.98802e-28,-4.09961e-15,1460.05
1636,100,0.1,0.2,100,1,500,32,15,0,0,2.5,1,2,2,0,1,1,1.07679e-26,-1.25189e-15,1341.33
1636,100,0.1,0.2,100,1,500,32,15,0,0,2.5,1,2,3,0,1,1,1.49926e-17,-5.92838e-16,299.385
1637,100,0.1,0.2,100,1,500,32,15,0,0,2.5,0,1,1,0,1,1,7.72846e-29,-5.15423e-15,659.278
1637,100,0.1,0.2,100,1,500,32,15,0,0,2.5,0,1,2,0,1,1,7.72846e-29,-5.15423e-15,664.971
1637,100,0.1,0.2,100,1,500,32,15,0,0,2.5,0,1,3,0,1,1,5.51076e-18,5.46966e-16,303.052
1638,100,0.1,0.2,100,1,500,32,15,0,0,2.5,0,3,1,0,1,1,5.68004e-27,-2.568e-15,611.515
1638,100,0.1,0.2,100,1,500,32,15,0,0,2.5,0,3,2,0,1,1,5.68004e-27,-2.568e-15,641.003
1638,100,0.1,0.2,100,1,500,32,15,0,0,2.5,0,3,3,0,1,1,5.61682e-18,1.60912e-16,298.383
1639,100,0.1,0.2,100,1,500,32,15,0,0,2.5,0,0,1,0,1,1,2.11776e-28,-2.75457e-15,1374.59
1639,100,0.1,0.2,100,1,500,32,15,0,0,2.5,0,0,2,0,1,1,7.68885e-29,-1.17314e-15,1403.27
1639,100,0.1,0.2,100,1,500,32,15,0,0,2.5,0,0,3,0,1,1,1.5277e-17,1.2259e-15,295.983
1640,100,0.1,0.2,100,1,500,32,15,0,0,2.5,0,2,1,0,1,1,4.78432e-26,-3.07447e-15,1310.65
1640,100,0.1,0.2,100,1,500,32,15,0,0,2.5,0,2,2,0,1,1,1.79047e-26,-2.87102e-15,1294.26
1640,100,0.1,0.2,100,1,500,32,15,0,0,2.5,0,2,3,0,1,1,2.84102e-17,1.38924e-15,297.889
1641,100,0.1,0.2,100,1,500,32,15,0,0.1,2.5,1,1,1,0,-157.099,0.957805,1176.46,7.43674,11415.5
1641,100,0.1,0.2,100,1,500,32,15,0,0.1,2.5,1,1,2,0,-850.76,0.952067,6338.17,8.44795,9206.89
1641,100,0.1,0.2,100,1,500,32,15,0,0.1,2.5,1,1,3,0,0.591109,0.992507,3.04266,1.3207,1477.01
1642,100,0.1,0.2,100,1,500,32,15,0,0.1,2.5,1,3,1,0,-17.8292,0.969149,106.742,5.32119,9431.68
1642,100,0.1,0.2,100,1,500,32,15,0,0.1,2.5,1,3,2,0,-477.598,0.957757,2713.15,7.286,9590.51
1642,100,0.1,0.2,100,1,500,32,15,0,0.1,2.5,1,3,3,0,0.686123,0.994233,1.77936,0.994663,1002.26
1643,100,0.1,0.2,100,1,500,32,15,0,0.1,2.5,1,0,1,0,-55069.2,0.972749,230014,4.44951,16905
1643,100,0.1,0.2,100,1,500,32,15,0,0.1,2.5,1,0,2,0,-25.7138,0.968478,111.576,5.14672,15150.8
1643,100,0.1,0.2,100,1,500,32,15,0,0.1,2.5,1,0,3,0,0.630081,0.993791,1.54505,1.01377,989.285
1644,100,0.1,0.2,100,1,500,32,15,0,0.1,2.5,1,2,1,0,-32.19,0.962684,178.689,6.22355,16162.3
1644,100,0.1,0.2,100,1,500,32,15,0,0.1,2.5,1,2,2,0,-137.386,0.969606,745.043,5.06907,15261.1
1644,100,0.1,0.2,100,1,500,32,15,0,0.1,2.5,1,2,3,0,0.606233,0.993444,2.11997,1.09349,1807.2
1645,100,0.1,0.2,100,1,500,32,15,0,0.1,2.5,0,1,1,0,-40.0102,0.970705,101.731,2.00721,10812.8
1645,100,0.1,0.2,100,1,500,32,15,0,0.1,2.5,0,1,2,0,-169.178,0.955179,422.146,3.07096,8823.62
1645,100,0.1,0.2,100,1,500,32,15,0,0.1,2.5,0,1,3,0,0.273784,0.977963,1.80146,1.50992,1980.96
1646,100,0.1,0.2,100,1,500,32,15,0,0.1,2.5,0,3,1,0,-724.192,0.96074,1951.52,2.5192,8183.26
1646,100,0.1,0.2,100,1,500,32,15,0,0.1,2.5,0,3,2,0,-43.0969,0.96378,118.667,2.32414,10603.1
1646,100,0.1,0.2,100,1,500,32,15,0,0.1,2.5,0,3,3,0,-0.15602,0.955727,3.1109,2.84089,889.505
1647,100,0.1,0.2,100,1,500,32,15,0,0.1,2.5,0,0,1,0,-76.3772,0.96737,177.34,2.1773,13131.1
1647,100,0.1,0.2,100,1,500,32,15,0,0.1,2.5,0,0,2,0,-69.5061,0.969807,161.592,2.01466,13204.2
1647,100,0.1,0.2,100,1,500,32,15,0,0.1,2.5,0,0,3,0,-0.0444188,0.966787,2.39369,2.21619,1898.6
1648,100,0.1,0.2,100,1,500,32,15,0,0.1,2.5,0,2,1,0,-228.122,0.960968,538.883,2.67088,15071.6
1648,100,0.1,0.2,100,1,500,32,15,0,0.1,2.5,0,2,2,0,-892.773,0.961214,2102.1,2.65403,14154
1648,100,0.1,0.2,100,1,500,32,15,0,0.1,2.5,0,2,3,0,0.355768,0.983506,1.5152,1.12864,2568.48
1649,100,0.1,0.2,100,1,500,32,15,0,0.3,2.5,1,1,1,0,-22.9387,0.994312,334.537,2.76984,13395.3
1649,100,0.1,0.2,100,1,500,32,15,0,0.3,2.5,1,1,2,0,-3.85715,0.991008,67.8773,4.37886,11535.7
1649,100,0.1,0.2,100,1,500,32,15,0,0.3,2.5,1,1,3,0,0.857956,0.997995,1.98503,0.976117,992.921
1650,100,0.1,0.2,100,1,500,32,15,0,0.3,2.5,1,3,1,0,-6.5966,0.982257,87.0396,8.5463,12882.6
1650,100,0.1,0.2,100,1,500,32,15,0,0.3,2.5,1,3,2,0,-65.9698,0.987346,767.32,6.09522,11660
1650,100,0.1,0.2,100,1,500,32,15,0,0.3,2.5,1,3,3,0,0.868716,0.997999,1.50421,0.963736,796.957
1651,100,0.1,0.2,100,1,500,32,15,0,0.3,2.5,1,0,1,0,-4.35535,0.991455,46.0604,3.42313,20727.5
1651,100,0.1,0.2,100,1,500,32,15,0,0.3,2.5,1,0,2,0,-735.24,0.99096,6332.27,3.62125,19089.4
1651,100,0.1,0.2,100,1,500,32,15,0,0.3,2.5,1,0,3,0,0.820402,0.997456,1.54469,1.01917,888.184
1652,100,0.1,0.2,100,1,500,32,15,0,0.3,2.5,1,2,1,0,-275.455,0.977903,3674.9,10.8521,21526.4
1652,100,0.1,0.2,100,1,500,32,15,0,0.3,2.5,1,2,2,0,-477.987,0.992963,6367.13,3.45604,19562.8
1652,100,0.1,0.2,100,1,500,32,15,0,0.3,2.5,1,2,3,0,0.883698,0.998189,1.54599,0.889179,895.525
1653,100,0.1,0.2,100,1,500,32,15,0,0.3,2.5,0,1,1,0,-22.7407,0.979599,154.348,3.05459,12388.4
1653,100,0.1,0.2,100,1,500,32,15,0,0.3,2.5,0,1,2,0,-46.3127,0.975142,307.599,3.72196,10122.9
1653,100,0.1,0.2,100,1,500,32,15,0,0.3,2.5,0,1,3,0,0.574274,0.992105,2.76781,1.18214,1379.11
1654,100,0.1,0.2,100,1,500,32,15,0,0.3,2.5,0,3,1,0,-1220.17,0.979819,5959.44,3.43471,10675.5
1654,100,0.1,0.2,100,1,500,32,15,0,0.3,2.5,0,3,2,0,-607.303,0.970902,2968.58,4.9524,12372.5
1654,100,0.1,0.2,100,1,500,32,15,0,0.3,2.5,0,3,3,0,0.674407,0.994776,1.58892,0.889092,912.153
1655,100,0.1,0.2,100,1,500,32,15,0,0.3,2.5,0,0,1,0,-104.55,0.984233,577.847,2.71644,16662.4
1655,100,0.1,0.2,100,1,500,32,15,0,0.3,2.5,0,0,2,0,-5.88981,0.983213,37.7191,2.89219,19308.2
1655,100,0.1,0.2,100,1,500,32,15,0,0.3,2.5,0,0,3,0,0.677151,0.993776,1.76747,1.0723,839.854
1656,100,0.1,0.2,100,1,500,32,15,0,0.3,2.5,0,2,1,0,-17.4201,0.976522,94.147,3.30496,16409.4
1656,100,0.1,0.2,100,1,500,32,15,0,0.3,2.5,0,2,2,0,-8.26617,0.972733,47.3603,3.83829,19336.2
1656,100,0.1,0.2,100,1,500,32,15,0,0.3,2.5,0,2,3,0,0.557904,0.991723,2.2596,1.16519,1026.64
1657,100,0.1,0.2,100,1,500,32,15,0,0.5,2.5,1,1,1,0,-21.1606,0.995718,516.977,3.4845,10972.8
1657,100,0.1,0.2,100,1,500,32,15,0,0.5,2.5,1,1,2,0,-73.5341,0.989911,1738.78,8.21061,13949.6
1657,100,0.1,0.2,100,1,500,32,15,0,0.5,2.5,1,1,3,0,0.918515,0.998915,1.90094,0.883299,950.39
1658,100,0.1,0.2,100,1,500,32,15,0,0.5,2.5,1,3,1,0,-54.9009,0.994511,1883.54,4.41943,11514.5
1658,100,0.1,0.2,100,1,500,32,15,0,0.5,2.5,1,3,2,0,-3.12808,0.99329,139.093,5.40269,11340.1
1658,100,0.1,0.2,100,1,500,32,15,0,0.5,2.5,1,3,3,0,0.916918,0.998708,2.79938,1.03994,1003.34
1659,100,0.1,0.2,100,1,500,32,15,0,0.5,2.5,1,0,1,0,-801.128,0.978823,19976.2,16.2076,22386
1659,100,0.1,0.2,100,1,500,32,15,0,0.5,2.5,1,0,2,0,-6.69761,0.972969,191.701,20.6881,22518
1659,100,0.1,0.2,100,1,500,32,15,0,0.5,2.5,1,0,3,0,0.916735,0.998757,2.07363,0.951282,1092.67
1660,100,0.1,0.2,100,1,500,32,15,0,0.5,2.5,1,2,1,0,-1.92573,0.991331,49.9511,4.00731,19464.9
1660,100,0.1,0.2,100,1,500,32,15,0,0.5,2.5,1,2,2,0,-566.96,0.991101,9696.81,4.1139,21285.2
1660,100,0.1,0.2,100,1,500,32,15,0,0.5,2.5,1,2,3,0,0.873222,0.998088,2.16449,0.883738,1044.78
1661,100,0.1,0.2,100,1,500,32,15,0,0.5,2.5,0,1,1,0,-91.487,0.968454,1076.96,8.87687,10394.7
1661,100,0.1,0.2,100,1,500,32,15,0,0.5,2.5,0,1,2,0,-113.392,0.985048,1332.03,4.20738,12688.3
1661,100,0.1,0.2,100,1,500,32,15,0,0.5,2.5,0,1,3,0,0.782236,0.996193,2.53574,1.07128,1204.87
1662,100,0.1,0.2,100,1,500,32,15,0,0.5,2.5,0,3,1,0,-26.2285,0.976369,152.024,4.74678,10300.3
1662,100,0.1,0.2,100,1,500,32,15,0,0.5,2.5,0,3,2,0,-77.0284,0.983252,435.652,3.36421,10327.7
1662,100,0.1,0.2,100,1,500,32,15,0,0.5,2.5,0,3,3,0,0.731202,0.995607,1.50076,0.88254,992.305
1663,100,0.1,0.2,100,1,500,32,15,0,0.5,2.5,0,0,1,0,-2.01836,0.9739,24.4975,7.47738,20659.1
1663,100,0.1,0.2,100,1,500,32,15,0,0.5,2.5,0,0,2,0,-37.2565,0.989939,310.496,2.88235,18231.9
1663,100,0.1,0.2,100,1,500,32,15,0,0.5,2.5,0,0,3,0,0.783988,0.99643,1.75319,1.02277,1031.01
1664,100,0.1,0.2,100,1,500,32,15,0,0.5,2.5,0,2,1,0,-57.7601,0.981234,423.431,5.01256,21588.5
1664,100,0.1,0.2,100,1,500,32,15,0,0.5,2.5,0,2,2,0,-54.5896,0.984381,400.583,4.17187,18314.8
1664,100,0.1,0.2,100,1,500,32,15,0,0.5,2.5,0,2,3,0,0.726003,0.995463,1.97444,1.21192,854.477
1665,100,0.1,0.2,100,1,500,32,15,0.1,0,2.5,1,1,1,0,-278.239,0.975135,133.921,0.434614,7111.42
1665,100,0.1,0.2,100,1,500,32,15,0.1,0,2.5,1,1,2,0,-20.3673,0.976416,10.2476,0.41222,9250.39
1665,100,0.1,0.2,100,1,500,32,15,0.1,0,2.5,1,1,3,0,0.560506,0.991536,0.210779,0.147942,410.708
1666,100,0.1,0.2,100,1,500,32,15,0.1,0,2.5,1,3,1,0,-3.48416,0.981395,3.11531,0.329193,7100.33
1666,100,0.1,0.2,100,1,500,32,15,0.1,0,2.5,1,3,2,0,-28.5626,0.974666,20.5382,0.448251,7426.57
1666,100,0.1,0.2,100,1,500,32,15,0.1,0,2.5,1,3,3,0,0.552779,0.990614,0.3107,0.16607,479.704
1667,100,0.1,0.2,100,1,500,32,15,0.1,0,2.5,1,0,1,0,-15.0125,0.975474,10.755,0.440339,13986
1667,100,0.1,0.2,100,1,500,32,15,0.1,0,2.5,1,0,2,0,-8.21788,0.979425,6.19128,0.369409,12057
1667,100,0.1,0.2,100,1,500,32,15,0.1,0,2.5,1,0,3,0,0.566299,0.990143,0.2913,0.176984,482.698
1668,100,0.1,0.2,100,1,500,32,15,0.1,0,2.5,1,2,1,0,-1765.9,0.975103,920.799,0.434767,11833.8
1668,100,0.1,0.2,100,1,500,32,15,0.1,0,2.5,1,2,2,0,-217.785,0.983486,114.017,0.288369,13931
1668,100,0.1,0.2,100,1,500,32,15,0.1,0,2.5,1,2,3,0,0.597487,0.99159,0.209765,0.146853,415.441
1669,100,0.1,0.2,100,1,500,32,15,0.1,0,2.5,0,1,1,0,-45.7746,0.981439,23.2697,0.320199,7126.62
1669,100,0.1,0.2,100,1,500,32,15,0.1,0,2.5,0,1,2,0,-350.572,0.981179,174.902,0.32468,6742.56
1669,100,0.1,0.2,100,1,500,32,15,0.1,0,2.5,0,1,3,0,0.547712,0.990819,0.225007,0.158378,387.487
1670,100,0.1,0.2,100,1,500,32,15,0.1,0,2.5,0,3,1,0,-66.2895,0.974332,40.2349,0.4393,7873.04
1670,100,0.1,0.2,100,1,500,32,15,0.1,0,2.5,0,3,2,0,-346.715,0.974873,207.912,0.430042,9493.25
1670,100,0.1,0.2,100,1,500,32,15,0.1,0,2.5,0,3,3,0,0.566586,0.990956,0.259154,0.154777,412.243
1671,100,0.1,0.2,100,1,500,32,15,0.1,0,2.5,0,0,1,0,-1332.43,0.969231,716.363,0.542373,11677.9
1671,100,0.1,0.2,100,1,500,32,15,0.1,0,2.5,0,0,2,0,-157.416,0.973939,85.1065,0.459393,12133
1671,100,0.1,0.2,100,1,500,32,15,0.1,0,2.5,0,0,3,0,0.56607,0.991837,0.233122,0.143899,408.459
1672,100,0.1,0.2,100,1,500,32,15,0.1,0,2.5,0,2,1,0,-3088.31,0.971868,1468.56,0.49115,13895.5
1672,100,0.1,0.2,100,1,500,32,15,0.1,0,2.5,0,2,2,0,-109.659,0.971328,52.6036,0.500578,11666.7
1672,100,0.1,0.2,100,1,500,32,15,0.1,0,2.5,0,2,3,0,0.572881,0.991736,0.203038,0.144276,419.549
1673,100,0.1,0.2,100,1,500,32,15,0.1,0.1,2.5,1,1,1,0,-216.768,0.960283,1172.07,7.06956,10080.3
1673,100,0.1,0.2,100,1,500,32,15,0.1,0.1,2.5,1,1,2,0,-15.824,0.959074,90.5499,7.28469,11247.4
1673,100,0.1,0.2,100,1,500,32,15,0.1,0.1,2.5,1,1,3,0,0.699746,0.994818,1.61602,0.922431,858.103
1674,100,0.1,0.2,100,1,500,32,15,0.1,0.1,2.5,1,3,1,0,-99.7635,0.959838,639.116,7.44003,9404.62
1674,100,0.1,0.2,100,1,500,32,15,0.1,0.1,2.5,1,3,2,0,-350.364,0.962706,2228.61,6.90883,10547.9
1674,100,0.1,0.2,100,1,500,32,15,0.1,0.1,2.5,1,3,3,0,0.674666,0.994554,2.06351,1.0089,1145.31
1675,100,0.1,0.2,100,1,500,32,15,0.1,0.1,2.5,1,0,1,0,-4.43766,0.979589,27.366,3.57765,17162.3
1675,100,0.1,0.2,100,1,500,32,15,0.1,0.1,2.5,1,0,2,0,-447.059,0.965372,2254.94,6.06953,16100.7
1675,100,0.1,0.2,100,1,500,32,15,0.1,0.1,2.5,1,0,3,0,0.631126,0.993679,1.85642,1.10799,2657.15
1676,100,0.1,0.2,100,1,500,32,15,0.1,0.1,2.5,1,2,1,0,-27.714,0.965783,188.453,5.35414,15024.9
1676,100,0.1,0.2,100,1,500,32,15,0.1,0.1,2.5,1,2,2,0,-39.0679,0.964557,262.97,5.54606,15470.5
1676,100,0.1,0.2,100,1,500,32,15,0.1,0.1,2.5,1,2,3,0,0.641369,0.992919,2.35374,1.10807,2698.96
1677,100,0.1,0.2,100,1,500,32,15,0.1,0.1,2.5,0,1,1,0,-173.757,0.964246,435.408,2.40008,9493.19
1677,100,0.1,0.2,100,1,500,32,15,0.1,0.1,2.5,0,1,2,0,-1521.39,0.966835,3793.04,2.22629,9465.3
1677,100,0.1,0.2,100,1,500,32,15,0.1,0.1,2.5,0,1,3,0,0.362802,0.982918,1.58758,1.14668,1514.18
1678,100,0.1,0.2,100,1,500,32,15,0.1,0.1,2.5,0,3,1,0,-55.3451,0.968123,110.111,2.05549,9355.25
1678,100,0.1,0.2,100,1,500,32,15,0.1,0.1,2.5,0,3,2,0,-85.3852,0.967855,168.816,2.07276,10002.9
1678,100,0.1,0.2,100,1,500,32,15,0.1,0.1,2.5,0,3,3,0,0.294876,0.982482,1.37797,1.1296,1144.72
1679,100,0.1,0.2,100,1,500,32,15,0.1,0.1,2.5,0,0,1,0,-10.295,0.959647,25.3053,2.58987,14289.6
1679,100,0.1,0.2,100,1,500,32,15,0.1,0.1,2.5,0,0,2,0,-447.523,0.960547,1004.87,2.53214,16750.9
1679,100,0.1,0.2,100,1,500,32,15,0.1,0.1,2.5,0,0,3,0,0.167212,0.974373,1.86578,1.64475,1193.15
1680,100,0.1,0.2,100,1,500,32,15,0.1,0.1,2.5,0,2,1,0,-351.753,0.974071,880.895,1.81696,14548.6
1680,100,0.1,0.2,100,1,500,32,15,0.1,0.1,2.5,0,2,2,0,-57.3346,0.969471,145.673,2.1393,15769.9
1680,100,0.1,0.2,100,1,500,32,15,0.1,0.1,2.5,0,2,3,0,0.355263,0.983408,1.61004,1.16272,1109.97
1681,100,0.1,0.2,100,1,500,32,15,0.1,0.3,2.5,1,1,1,0,-29.5834,0.972897,498.981,13.0438,11291.1
1681,100,0.1,0.2,100,1,500,32,15,0.1,0.3,2.5,1,1,2,0,-37.2253,0.99256,623.662,3.58076,11128.1
1681,100,0.1,0.2,100,1,500,32,15,0.1,0.3,2.5,1,1,3,0,0.849496,0.99801,2.45554,0.957645,1108.95
1682,100,0.1,0.2,100,1,500,32,15,0.1,0.3,2.5,1,3,1,0,-34.1952,0.971696,503.062,13.4601,12922.1
1682,100,0.1,0.2,100,1,500,32,15,0.1,0.3,2.5,1,3,2,0,-10.8626,0.978426,169.558,10.2596,11802.3
1682,100,0.1,0.2,100,1,500,32,15,0.1,0.3,2.5,1,3,3,0,0.873059,0.997976,1.81444,0.962611,916.536
1683,100,0.1,0.2,100,1,500,32,15,0.1,0.3,2.5,1,0,1,0,-2605.63,0.987329,25162.4,5.56665,20505.3
1683,100,0.1,0.2,100,1,500,32,15,0.1,0.3,2.5,1,0,2,0,-414.29,0.974529,4008.89,11.1904,19281.4
1683,100,0.1,0.2,100,1,500,32,15,0.1,0.3,2.5,1,0,3,0,0.843624,0.997862,1.50953,0.939485,901.331
1684,100,0.1,0.2,100,1,500,32,15,0.1,0.3,2.5,1,2,1,0,-2.24545,0.996063,44.0313,1.76765,20434.9
1684,100,0.1,0.2,100,1,500,32,15,0.1,0.3,2.5,1,2,2,0,-33.4663,0.992041,467.607,3.57314,20542.1
1684,100,0.1,0.2,100,1,500,32,15,0.1,0.3,2.5,1,2,3,0,0.866887,0.998048,1.80596,0.876224,933.6
1685,100,0.1,0.2,100,1,500,32,15,0.1,0.3,2.5,0,1,1,0,-33.3617,0.969995,225.991,5.27035,10418.6
1685,100,0.1,0.2,100,1,500,32,15,0.1,0.3,2.5,0,1,2,0,-875.095,0.983558,5761.93,2.88802,11354.2
1685,100,0.1,0.2,100,1,500,32,15,0.1,0.3,2.5,0,1,3,0,0.672725,0.993563,2.15243,1.13075,931.614
1686,100,0.1,0.2,100,1,500,32,15,0.1,0.3,2.5,0,3,1,0,-17607.6,0.966222,81335.7,5.89358,11773.8
1686,100,0.1,0.2,100,1,500,32,15,0.1,0.3,2.5,0,3,2,0,-558.347,0.963461,2583.67,6.3754,10435.9
1686,100,0.1,0.2,100,1,500,32,15,0.1,0.3,2.5,0,3,3,0,0.667015,0.994782,1.53809,0.910443,1005.57
1687,100,0.1,0.2,100,1,500,32,15,0.1,0.3,2.5,0,0,1,0,-1580.45,0.973772,9188.04,4.43056,20916.6
1687,100,0.1,0.2,100,1,500,32,15,0.1,0.3,2.5,0,0,2,0,-3.70413,0.983334,27.3304,2.81524,17687.6
1687,100,0.1,0.2,100,1,500,32,15,0.1,0.3,2.5,0,0,3,0,0.659544,0.9941,1.97801,0.996655,1083.84
1688,100,0.1,0.2,100,1,500,32,15,0.1,0.3,2.5,0,2,1,0,-381.786,0.980262,2219.84,3.13877,19736.1
1688,100,0.1,0.2,100,1,500,32,15,0.1,0.3,2.5,0,2,2,0,-79.8465,0.972095,468.843,4.43747,18660.8
1688,100,0.1,0.2,100,1,500,32,15,0.1,0.3,2.5,0,2,3,0,0.6222,0.993396,2.19093,1.05017,1115.3
1689,100,0.1,0.2,100,1,500,32,15,0.1,0.5,2.5,1,1,1,0,-57.9153,0.990133,945.85,5.16882,13872.9
1689,100,0.1,0.2,100,1,500,32,15,0.1,0.5,2.5,1,1,2,0,-152.824,0.987778,2469.55,6.4027,12431.7
1689,100,0.1,0.2,100,1,500,32,15,0.1,0.5,2.5,1,1,3,0,0.87119,0.997821,2.06797,1.1415,954.534
1690,100,0.1,0.2,100,1,500,32,15,0.1,0.5,2.5,1,3,1,0,-26.7577,0.988075,576.775,6.11768,13633
1690,100,0.1,0.2,100,1,500,32,15,0.1,0.5,2.5,1,3,2,0,-8.62491,0.983344,199.995,8.54424,12689.9
1690,100,0.1,0.2,100,1,500,32,15,0.1,0.5,2.5,1,3,3,0,0.872973,0.998007,2.63947,1.0222,1122.83
1691,100,0.1,0.2,100,1,500,32,15,0.1,0.5,2.5,1,0,1,0,-3.55127,0.98934,85.9847,8.51938,22906.4
1691,100,0.1,0.2,100,1,500,32,15,0.1,0.5,2.5,1,0,2,0,-22.4098,0.982396,442.269,14.0689,21087.6
1691,100,0.1,0.2,100,1,500,32,15,0.1,0.5,2.5,1,0,3,0,0.919786,0.998901,1.51545,0.878209,930.425
1692,100,0.1,0.2,100,1,500,32,15,0.1,0.5,2.5,1,2,1,0,-22.0934,0.993211,556.042,5.48583,23589.3
1692,100,0.1,0.2,100,1,500,32,15,0.1,0.5,2.5,1,2,2,0,-13.3654,0.977963,345.889,17.8059,22101.8
1692,100,0.1,0.2,100,1,500,32,15,0.1,0.5,2.5,1,2,3,0,0.924645,0.998835,1.81439,0.941693,913.091
1693,100,0.1,0.2,100,1,500,32,15,0.1,0.5,2.5,0,1,1,0,-63.4976,0.977809,453.599,5.29035,11143.6
1693,100,0.1,0.2,100,1,500,32,15,0.1,0.5,2.5,0,1,2,0,-442.776,0.980575,3120.99,4.63098,10776.7
1693,100,0.1,0.2,100,1,500,32,15,0.1,0.5,2.5,0,1,3,0,0.765039,0.995927,1.65244,0.970935,1152.91
1694,100,0.1,0.2,100,1,500,32,15,0.1,0.5,2.5,0,3,1,0,-1.12956e+06,0.97568,1.0864e+07,6.56711,13375.4
1694,100,0.1,0.2,100,1,500,32,15,0.1,0.5,2.5,0,3,2,0,-5579.27,0.988638,53670.5,3.06801,11853.8
1694,100,0.1,0.2,100,1,500,32,15,0.1,0.5,2.5,0,3,3,0,0.786686,0.996187,2.05164,1.02962,1065.75
1695,100,0.1,0.2,100,1,500,32,15,0.1,0.5,2.5,0,0,1,0,-10.0095,0.985174,85.4279,3.89883,20803.2
1695,100,0.1,0.2,100,1,500,32,15,0.1,0.5,2.5,0,0,2,0,-64.6015,0.987611,509.033,3.25819,18494.2
1695,100,0.1,0.2,100,1,500,32,15,0.1,0.5,2.5,0,0,3,0,0.778674,0.996275,1.71737,0.979668,895.377
1696,100,0.1,0.2,100,1,500,32,15,0.1,0.5,2.5,0,2,1,0,-15.8479,0.976384,156.968,5.81819,20108.5
1696,100,0.1,0.2,100,1,500,32,15,0.1,0.5,2.5,0,2,2,0,-168.596,0.989024,1580.09,2.7041,18370.8
1696,100,0.1,0.2,100,1,500,32,15,0.1,0.5,2.5,0,2,3,0,0.755346,0.995835,2.27938,1.02619,2778.78
1697,100,0.1,0.2,100,1,500,32,15,0.3,0,2.5,1,1,1,0,-271.903,0.967765,326.336,1.24117,9469.92
1697,100,0.1,0.2,100,1,500,32,15,0.3,0,2.5,1,1,2,0,-17.8608,0.96924,22.5536,1.18435,9131.36
1697,100,0.1,0.2,100,1,500,32,15,0.3,0,2.5,1,1,3,0,0.102657,0.97537,1.07304,0.948351,712.691
1698,100,0.1,0.2,100,1,500,32,15,0.3,0,2.5,1,3,1,0,-50.4396,0.968525,58.8952,1.15915,9906.5
1698,100,0.1,0.2,100,1,500,32,15,0.3,0,2.5,1,3,2,0,-93.6534,0.966159,108.372,1.24627,11009
1698,100,0.1,0.2,100,1,500,32,15,0.3,0,2.5,1,3,3,0,0.0857869,0.974546,1.04672,0.937393,694.513
1699,100,0.1,0.2,100,1,500,32,15,0.3,0,2.5,1,0,1,0,-7.58084,0.966627,10.0373,1.25357,15984.4
1699,100,0.1,0.2,100,1,500,32,15,0.3,0,2.5,1,0,2,0,-96.352,0.968931,113.876,1.16703,17037.1
1699,100,0.1,0.2,100,1,500,32,15,0.3,0,2.5,1,0,3,0,0.079951,0.97383,1.07621,0.98302,603.688
1700,100,0.1,0.2,100,1,500,32,15,0.3,0,2.5,1,2,1,0,-7.36659,0.969716,10.2728,1.13641,15029.4
1700,100,0.1,0.2,100,1,500,32,15,0.3,0,2.5,1,2,2,0,-74.5288,0.965666,92.7372,1.28838,16964.8
1700,100,0.1,0.2,100,1,500,32,15,0.3,0,2.5,1,2,3,0,0.0588922,0.971703,1.15553,1.06185,706.007
1701,100,0.1,0.2,100,1,500,32,15,0.3,0,2.5,0,1,1,0,-64.1197,0.973285,83.3304,1.00349,9224.64
1701,100,0.1,0.2,100,1,500,32,15,0.3,0,2.5,0,1,2,0,-37.113,0.970586,48.7712,1.10487,9179.61
1701,100,0.1,0.2,100,1,500,32,15,0.3,0,2.5,0,1,3,0,0.0928398,0.972196,1.16085,1.04439,602.755
1702,100,0.1,0.2,100,1,500,32,15,0.3,0,2.5,0,3,1,0,-873.6,0.967849,1026.06,1.23002,10945.5
1702,100,0.1,0.2,100,1,500,32,15,0.3,0,2.5,0,3,2,0,-21635.9,0.972827,25383.9,1.03955,9475.94
1702,100,0.1,0.2,100,1,500,32,15,0.3,0,2.5,0,3,3,0,0.0882012,0.974998,1.0697,0.956521,652.644
1703,100,0.1,0.2,100,1,500,32,15,0.3,0,2.5,0,0,1,0,-22.543,0.975209,28.1064,0.932362,14978.1
1703,100,0.1,0.2,100,1,500,32,15,0.3,0,2.5,0,0,2,0,-212.389,0.967409,254.751,1.22572,17310.1
1703,100,0.1,0.2,100,1,500,32,15,0.3,0,2.5,0,0,3,0,0.0531933,0.972228,1.13033,1.04449,668.571
1704,100,0.1,0.2,100,1,500,32,15,0.3,0,2.5,0,2,1,0,-67.9827,0.973682,78.5064,1.00357,14693
1704,100,0.1,0.2,100,1,500,32,15,0.3,0,2.5,0,2,2,0,-10.9937,0.9693,13.6496,1.17068,17414.8
1704,100,0.1,0.2,100,1,500,32,15,0.3,0,2.5,0,2,3,0,0.09919,0.976537,1.02518,0.89471,661.245
1705,100,0.1,0.2,100,1,500,32,15,0.3,0.1,2.5,1,1,1,0,-17.794,0.974272,78.0112,4.84201,10335.7
1705,100,0.1,0.2,100,1,500,32,15,0.3,0.1,2.5,1,1,2,0,-206.943,0.97127,863.143,5.40696,10371.7
1705,100,0.1,0.2,100,1,500,32,15,0.3,0.1,2.5,1,1,3,0,0.702783,0.995635,1.2337,0.821423,918.241
1706,100,0.1,0.2,100,1,500,32,15,0.3,0.1,2.5,1,3,1,0,-133.986,0.956654,815.23,8.21766,12658.7
1706,100,0.1,0.2,100,1,500,32,15,0.3,0.1,2.5,1,3,2,0,-483.879,0.982656,2928.36,3.28813,9700.8
1706,100,0.1,0.2,100,1,500,32,15,0.3,0.1,2.5,1,3,3,0,0.680046,0.994574,1.93232,1.02876,1148.48
1707,100,0.1,0.2,100,1,500,32,15,0.3,0.1,2.5,1,0,1,0,-125.209,0.980874,796.685,3.69736,19578.3
1707,100,0.1,0.2,100,1,500,32,15,0.3,0.1,2.5,1,0,2,0,-274.604,0.983392,1739.72,3.21056,16494.4
1707,100,0.1,0.2,100,1,500,32,15,0.3,0.1,2.5,1,0,3,0,0.667489,0.994632,2.09894,1.03775,1319.66
1708,100,0.1,0.2,100,1,500,32,15,0.3,0.1,2.5,1,2,1,0,-7.63091,0.981694,60.9509,3.41627,19454.8
1708,100,0.1,0.2,100,1,500,32,15,0.3,0.1,2.5,1,2,2,0,-14.3635,0.973143,108.496,5.01208,16546
1708,100,0.1,0.2,100,1,500,32,15,0.3,0.1,2.5,1,2,3,0,0.687195,0.99447,2.209,1.03199,1096.75
1709,100,0.1,0.2,100,1,500,32,15,0.3,0.1,2.5,0,1,1,0,-3.40878,0.967666,9.7024,2.73389,11987.5
1709,100,0.1,0.2,100,1,500,32,15,0.3,0.1,2.5,0,1,2,0,-10.9226,0.979578,26.2379,1.72673,9438.45
1709,100,0.1,0.2,100,1,500,32,15,0.3,0.1,2.5,0,1,3,0,0.387479,0.988103,1.34797,1.0059,845.84
1710,100,0.1,0.2,100,1,500,32,15,0.3,0.1,2.5,0,3,1,0,-28.4277,0.977818,68.4438,2.13281,9796.44
1710,100,0.1,0.2,100,1,500,32,15,0.3,0.1,2.5,0,3,2,0,-14.5824,0.979451,36.2419,1.97581,12040.5
1710,100,0.1,0.2,100,1,500,32,15,0.3,0.1,2.5,0,3,3,0,0.44999,0.990089,1.27923,0.953006,817.764
1711,100,0.1,0.2,100,1,500,32,15,0.3,0.1,2.5,0,0,1,0,-665.084,0.980585,1681.74,1.79608,16599.1
1711,100,0.1,0.2,100,1,500,32,15,0.3,0.1,2.5,0,0,2,0,-10.8634,0.974328,29.9529,2.37487,18105.6
1711,100,0.1,0.2,100,1,500,32,15,0.3,0.1,2.5,0,0,3,0,0.417614,0.988163,1.47042,1.09505,939.202
1712,100,0.1,0.2,100,1,500,32,15,0.3,0.1,2.5,0,2,1,0,-793.19,0.978102,3398.93,2.19316,17576.6
1712,100,0.1,0.2,100,1,500,32,15,0.3,0.1,2.5,0,2,2,0,-67379.4,0.96953,288371,3.0517,20101.8
1712,100,0.1,0.2,100,1,500,32,15,0.3,0.1,2.5,0,2,3,0,0.523264,0.988386,2.04031,1.16316,1216.64
1713,100,0.1,0.2,100,1,500,32,15,0.3,0.3,2.5,1,1,1,0,-12.5783,0.986232,202.643,7.01616,12815.7
1713,100,0.1,0.2,100,1,500,32,15,0.3,0.3,2.5,1,1,2,0,-7.60342,0.985714,128.397,7.2804,14175
1713,100,0.1,0.2,100,1,500,32,15,0.3,0.3,2.5,1,1,3,0,0.890534,0.998336,1.63368,0.847892,916.469
1714,100,0.1,0.2,100,1,500,32,15,0.3,0.3,2.5,1,3,1,0,-50.3895,0.994644,731.552,2.71115,11567
1714,100,0.1,0.2,100,1,500,32,15,0.3,0.3,2.5,1,3,2,0,-260.512,0.980236,3722.74,10.0043,11305.4
1714,100,0.1,0.2,100,1,500,32,15,0.3,0.3,2.5,1,3,3,0,0.878519,0.998209,1.72934,0.9066,1009.28
1715,100,0.1,0.2,100,1,500,32,15,0.3,0.3,2.5,1,0,1,0,-3.06089,0.995241,53.7762,2.39962,22236.4
1715,100,0.1,0.2,100,1,500,32,15,0.3,0.3,2.5,1,0,2,0,-105.856,0.991418,1415.03,4.32764,22167.7
1715,100,0.1,0.2,100,1,500,32,15,0.3,0.3,2.5,1,0,3,0,0.863805,0.998014,1.80356,1.00167,1031
1716,100,0.1,0.2,100,1,500,32,15,0.3,0.3,2.5,1,2,1,0,-199.172,0.992421,2655.41,3.09532,18931.4
1716,100,0.1,0.2,100,1,500,32,15,0.3,0.3,2.5,1,2,2,0,-283.163,0.978649,3769.61,8.72012,21943
1716,100,0.1,0.2,100,1,500,32,15,0.3,0.3,2.5,1,2,3,0,0.833643,0.997249,2.20683,1.12347,913.743
1717,100,0.1,0.2,100,1,500,32,15,0.3,0.3,2.5,0,1,1,0,-311.304,0.967269,1980.1,5.83428,10609.7
1717,100,0.1,0.2,100,1,500,32,15,0.3,0.3,2.5,0,1,2,0,-57.8805,0.972503,373.32,4.90131,12252.5
1717,100,0.1,0.2,100,1,500,32,15,0.3,0.3,2.5,0,1,3,0,0.707732,0.994636,1.85307,0.956051,1014.34
1718,100,0.1,0.2,100,1,500,32,15,0.3,0.3,2.5,0,3,1,0,-1.82171,0.983105,15.9108,3.20406,11054.8
1718,100,0.1,0.2,100,1,500,32,15,0.3,0.3,2.5,0,3,2,0,-5.98142,0.975739,39.3662,4.60094,10722.2
1718,100,0.1,0.2,100,1,500,32,15,0.3,0.3,2.5,0,3,3,0,0.696246,0.994753,1.71278,0.995088,909.488
1719,100,0.1,0.2,100,1,500,32,15,0.3,0.3,2.5,0,0,1,0,-7.08792,0.981961,50.2158,3.52524,19430.8
1719,100,0.1,0.2,100,1,500,32,15,0.3,0.3,2.5,0,0,2,0,-79.0974,0.981861,497.305,3.54487,18026.1
1719,100,0.1,0.2,100,1,500,32,15,0.3,0.3,2.5,0,0,3,0,0.666054,0.994356,2.07339,1.10299,1115.18
1720,100,0.1,0.2,100,1,500,32,15,0.3,0.3,2.5,0,2,1,0,-174.899,0.97996,739.672,3.39923,20260.3
1720,100,0.1,0.2,100,1,500,32,15,0.3,0.3,2.5,0,2,2,0,-21.0927,0.973791,92.9017,4.44552,19999.7
1720,100,0.1,0.2,100,1,500,32,15,0.3,0.3,2.5,0,2,3,0,0.647955,0.994304,1.48038,0.96613,805.246
1721,100,0.1,0.2,100,1,500,32,15,0.3,0.5,2.5,1,1,1,0,-1.13373,0.994112,52.125,4.53762,12101.4
1721,100,0.1,0.2,100,1,500,32,15,0.3,0.5,2.5,1,1,2,0,-73.2083,0.987322,1812.84,9.76988,11724.8
1721,100,0.1,0.2,100,1,500,32,15,0.3,0.5,2.5,1,1,3,0,0.92306,0.998887,1.87958,0.857399,903.481
1722,100,0.1,0.2,100,1,500,32,15,0.3,0.5,2.5,1,3,1,0,-148.776,0.973738,3115.65,20.7204,12206.2
1722,100,0.1,0.2,100,1,500,32,15,0.3,0.5,2.5,1,3,2,0,-299.782,0.988207,6256.89,9.30473,14664.2
1722,100,0.1,0.2,100,1,500,32,15,0.3,0.5,2.5,1,3,3,0,0.90788,0.998725,1.91629,1.00607,920.084
1723,100,0.1,0.2,100,1,500,32,15,0.3,0.5,2.5,1,0,1,0,-26.057,0.987785,440.422,7.41629,20489.5
1723,100,0.1,0.2,100,1,500,32,15,0.3,0.5,2.5,1,0,2,0,-13.982,0.99551,243.87,2.72628,22627.1
1723,100,0.1,0.2,100,1,500,32,15,0.3,0.5,2.5,1,0,3,0,0.893434,0.998345,1.73464,1.00459,913.957
1724,100,0.1,0.2,100,1,500,32,15,0.3,0.5,2.5,1,2,1,0,-226.491,0.988861,5411.05,9.07198,23482.2
1724,100,0.1,0.2,100,1,500,32,15,0.3,0.5,2.5,1,2,2,0,-15.2323,0.982832,386.098,13.9824,20993.6
1724,100,0.1,0.2,100,1,500,32,15,0.3,0.5,2.5,1,2,3,0,0.913563,0.998716,2.05597,1.04599,931.344
1725,100,0.1,0.2,100,1,500,32,15,0.3,0.5,2.5,0,1,1,0,-310.738,0.987625,2916.88,3.50099,13297.9
1725,100,0.1,0.2,100,1,500,32,15,0.3,0.5,2.5,0,1,2,0,-20.1592,0.976811,197.983,6.56027,11845.1
1725,100,0.1,0.2,100,1,500,32,15,0.3,0.5,2.5,0,1,3,0,0.800629,0.996789,1.86548,0.908376,1055.27
1726,100,0.1,0.2,100,1,500,32,15,0.3,0.5,2.5,0,3,1,0,-17675.2,0.983661,135300,4.92538,13223.2
1726,100,0.1,0.2,100,1,500,32,15,0.3,0.5,2.5,0,3,2,0,-138.589,0.975711,1068.46,7.32197,11308.5
1726,100,0.1,0.2,100,1,500,32,15,0.3,0.5,2.5,0,3,3,0,0.771412,0.996546,1.7497,1.04126,907.074
1727,100,0.1,0.2,100,1,500,32,15,0.3,0.5,2.5,0,0,1,0,-670.269,0.977646,4763.09,6.41807,19650
1727,100,0.1,0.2,100,1,500,32,15,0.3,0.5,2.5,0,0,2,0,-14988.5,0.983562,106360,4.71948,20572.4
1727,100,0.1,0.2,100,1,500,32,15,0.3,0.5,2.5,0,0,3,0,0.779467,0.996891,1.56483,0.892728,988.991
1728,100,0.1,0.2,100,1,500,32,15,0.3,0.5,2.5,0,2,1,0,-18.8382,0.986829,100.668,2.71036,21247.5
1728,100,0.1,0.2,100,1,500,32,15,0.3,0.5,2.5,0,2,2,0,-50.8817,0.981569,263.272,3.79272,18741
1728,100,0.1,0.2,100,1,500,32,15,0.3,0.5,2.5,0,2,3,0,0.714211,0.995535,1.45023,0.918806,1059.62
1729,100,0.1,0.2,100,1,500,32,15,0.5,0,2.5,1,1,1,0,-3.80806e+06,0.970833,6.8405e+06,2.27725,12231.9
1729,100,0.1,0.2,100,1,500,32,15,0.5,0,2.5,1,1,2,0,-318.355,0.964083,573.664,2.80428,10436.6
1729,100,0.1,0.2,100,1,500,32,15,0.5,0,2.5,1,1,3,0,0.354319,0.988466,1.15985,0.900495,811.016
1730,100,0.1,0.2,100,1,500,32,15,0.5,0,2.5,1,3,1,0,-45.3107,0.9774,94.1701,1.77408,10809.2
1730,100,0.1,0.2,100,1,500,32,15,0.5,0,2.5,1,3,2,0,-379.323,0.967684,773.365,2.53674,11874.6
1730,100,0.1,0.2,100,1,500,32,15,0.5,0,2.5,1,3,3,0,0.361589,0.987133,1.29817,1.01002,826.422
1731,100,0.1,0.2,100,1,500,32,15,0.5,0,2.5,1,0,1,0,-19.9933,0.96966,38.7317,2.385,18094.8
1731,100,0.1,0.2,100,1,500,32,15,0.5,0,2.5,1,0,2,0,-6.92173,0.983066,14.6152,1.33119,19254.4
1731,100,0.1,0.2,100,1,500,32,15,0.5,0,2.5,1,0,3,0,0.359404,0.988078,1.18187,0.937155,792.015
1732,100,0.1,0.2,100,1,500,32,15,0.5,0,2.5,1,2,1,0,-5134.19,0.970764,13035.2,2.29957,17602.2
1732,100,0.1,0.2,100,1,500,32,15,0.5,0,2.5,1,2,2,0,-14.909,0.959106,40.3836,3.21652,19260.4
1732,100,0.1,0.2,100,1,500,32,15,0.5,0,2.5,1,2,3,0,0.385351,0.985836,1.56023,1.11408,796.645
1733,100,0.1,0.2,100,1,500,32,15,0.5,0,2.5,0,1,1,0,-304.232,0.974262,651.556,2.0188,10754.3
1733,100,0.1,0.2,100,1,500,32,15,0.5,0,2.5,0,1,2,0,-43.1211,0.982236,94.1819,1.39334,11971.8
1733,100,0.1,0.2,100,1,500,32,15,0.5,0,2.5,0,1,3,0,0.35125,0.987069,1.38483,1.01428,948.816
1734,100,0.1,0.2,100,1,500,32,15,0.5,0,2.5,0,3,1,0,-60.8655,0.972027,152.022,2.22411,10560.4
1734,100,0.1,0.2,100,1,500,32,15,0.5,0,2.5,0,3,2,0,-10.2303,0.9724,27.5963,2.19442,10259.7
1734,100,0.1,0.2,100,1,500,32,15,0.5,0,2.5,0,3,3,0,0.408351,0.987416,1.45386,1.00049,802.365
1735,100,0.1,0.2,100,1,500,32,15,0.5,0,2.5,0,0,1,0,-52.8693,0.971835,107.275,2.23819,19913.8
1735,100,0.1,0.2,100,1,500,32,15,0.5,0,2.5,0,0,2,0,-227.265,0.974444,454.567,2.03086,17749.8
1735,100,0.1,0.2,100,1,500,32,15,0.5,0,2.5,0,0,3,0,0.340328,0.987068,1.31367,1.02769,859.158
1736,100,0.1,0.2,100,1,500,32,15,0.5,0,2.5,0,2,1,0,-66.6272,0.967654,145.694,2.5855,19467.6
1736,100,0.1,0.2,100,1,500,32,15,0.5,0,2.5,0,2,2,0,-64.5958,0.963635,141.318,2.90676,19531.2
1736,100,0.1,0.2,100,1,500,32,15,0.5,0,2.5,0,2,3,0,0.387059,0.987592,1.3205,0.99182,802.918
1737,100,0.1,0.2,100,1,500,32,15,0.5,0.1,2.5,1,1,1,0,-16.0591,0.988471,145.619,2.81289,10821.3
1737,100,0.1,0.2,100,1,500,32,15,0.5,0.1,2.5,1,1,2,0,-61.3202,0.985646,531.975,3.50221,10881.6
1737,100,0.1,0.2,100,1,500,32,15,0.5,0.1,2.5,1,1,3,0,0.728253,0.99507,2.31968,1.20292,1242.95
1738,100,0.1,0.2,100,1,500,32,15,0.5,0.1,2.5,1,3,1,0,-1919.9,0.98306,12088,3.89129,12842.6
1738,100,0.1,0.2,100,1,500,32,15,0.5,0.1,2.5,1,3,2,0,-24.1839,0.976642,158.48,5.3656,11176.5
1738,100,0.1,0.2,100,1,500,32,15,0.5,0.1,2.5,1,3,3,0,0.718806,0.995698,1.76952,0.988207,992.635
1739,100,0.1,0.2,100,1,500,32,15,0.5,0.1,2.5,1,0,1,0,-40.1483,0.984947,459.695,3.63825,22152.2
1739,100,0.1,0.2,100,1,500,32,15,0.5,0.1,2.5,1,0,2,0,-7.13645,0.984051,90.8978,3.85477,18097.3
1739,100,0.1,0.2,100,1,500,32,15,0.5,0.1,2.5,1,0,3,0,0.757984,0.996073,2.70372,0.949188,1002.75
1740,100,0.1,0.2,100,1,500,32,15,0.5,0.1,2.5,1,2,1,0,-631.422,0.987237,4860.16,3.03452,20521.6
1740,100,0.1,0.2,100,1,500,32,15,0.5,0.1,2.5,1,2,2,0,-19.3308,0.975628,156.242,5.79484,18446.1
1740,100,0.1,0.2,100,1,500,32,15,0.5,0.1,2.5,1,2,3,0,0.769124,0.996063,1.77428,0.936063,793.843
1741,100,0.1,0.2,100,1,500,32,15,0.5,0.1,2.5,0,1,1,0,-2216.43,0.977608,5017.63,2.96477,12418
1741,100,0.1,0.2,100,1,500,32,15,0.5,0.1,2.5,0,1,2,0,-585.925,0.982798,1328.1,2.27758,10564.7
1741,100,0.1,0.2,100,1,500,32,15,0.5,0.1,2.5,0,1,3,0,0.487122,0.992939,1.16055,0.934926,795.767
1742,100,0.1,0.2,100,1,500,32,15,0.5,0.1,2.5,0,3,1,0,-54.3966,0.980782,254.219,2.56606,10261.8
1742,100,0.1,0.2,100,1,500,32,15,0.5,0.1,2.5,0,3,2,0,-57.5273,0.979502,268.585,2.73697,12273.8
1742,100,0.1,0.2,100,1,500,32,15,0.5,0.1,2.5,0,3,3,0,0.515265,0.9911,2.22448,1.18843,1094.67
1743,100,0.1,0.2,100,1,500,32,15,0.5,0.1,2.5,0,0,1,0,-848.685,0.979409,3893.23,2.72698,17014
1743,100,0.1,0.2,100,1,500,32,15,0.5,0.1,2.5,0,0,2,0,-46.5724,0.974326,217.975,3.4002,19013
1743,100,0.1,0.2,100,1,500,32,15,0.5,0.1,2.5,0,0,3,0,0.588744,0.99251,1.88436,0.991957,1077.38
1744,100,0.1,0.2,100,1,500,32,15,0.5,0.1,2.5,0,2,1,0,-111.194,0.979986,526.33,2.6532,17865.6
1744,100,0.1,0.2,100,1,500,32,15,0.5,0.1,2.5,0,2,2,0,-560.205,0.977918,2632.74,2.92741,21851.4
1744,100,0.1,0.2,100,1,500,32,15,0.5,0.1,2.5,0,2,3,0,0.56184,0.991293,2.05551,1.15428,1196.22
1745,100,0.1,0.2,100,1,500,32,15,0.5,0.3,2.5,1,1,1,0,-150.07,0.985797,2730.28,7.69073,13469.6
1745,100,0.1,0.2,100,1,500,32,15,0.5,0.3,2.5,1,1,2,0,-10.7205,0.984028,211.824,8.64877,13408.9
1745,100,0.1,0.2,100,1,500,32,15,0.5,0.3,2.5,1,1,3,0,0.875729,0.998195,2.24594,0.977167,1045.77
1746,100,0.1,0.2,100,1,500,32,15,0.5,0.3,2.5,1,3,1,0,-19.3201,0.971527,252.702,13.8158,10837.8
1746,100,0.1,0.2,100,1,500,32,15,0.5,0.3,2.5,1,3,2,0,-1114.03,0.991171,13866.5,4.28419,11452.5
1746,100,0.1,0.2,100,1,500,32,15,0.5,0.3,2.5,1,3,3,0,0.857278,0.998049,1.7749,0.946784,1166.91
1747,100,0.1,0.2,100,1,500,32,15,0.5,0.3,2.5,1,0,1,0,-35.0666,0.989836,708.381,5.5309,22227.3
1747,100,0.1,0.2,100,1,500,32,15,0.5,0.3,2.5,1,0,2,0,-3.3382,0.991719,85.2062,4.50616,20292
1747,100,0.1,0.2,100,1,500,32,15,0.5,0.3,2.5,1,0,3,0,0.890762,0.998364,2.14554,0.890523,941.55
1748,100,0.1,0.2,100,1,500,32,15,0.5,0.3,2.5,1,2,1,0,-2.3268,0.989056,63.4543,5.66066,20015
1748,100,0.1,0.2,100,1,500,32,15,0.5,0.3,2.5,1,2,2,0,-3295.36,0.986289,62873.6,7.09182,19110.7
1748,100,0.1,0.2,100,1,500,32,15,0.5,0.3,2.5,1,2,3,0,0.889503,0.99831,2.10758,0.874168,958.989
1749,100,0.1,0.2,100,1,500,32,15,0.5,0.3,2.5,0,1,1,0,-274.443,0.98224,1540.03,4.04439,11133.3
1749,100,0.1,0.2,100,1,500,32,15,0.5,0.3,2.5,0,1,2,0,-5.20023,0.97551,34.6662,5.57681,13048.4
1749,100,0.1,0.2,100,1,500,32,15,0.5,0.3,2.5,0,1,3,0,0.708274,0.995923,1.63107,0.928347,901.171
1750,100,0.1,0.2,100,1,500,32,15,0.5,0.3,2.5,0,3,1,0,-5.61891,0.984214,42.4075,3.78368,10856
1750,100,0.1,0.2,100,1,500,32,15,0.5,0.3,2.5,0,3,2,0,-3.79946,0.986688,30.7502,3.19082,12112.1
1750,100,0.1,0.2,100,1,500,32,15,0.5,0.3,2.5,0,3,3,0,0.765487,0.996209,1.50253,0.908683,789.754
1751,100,0.1,0.2,100,1,500,32,15,0.5,0.3,2.5,0,0,1,0,-27.7852,0.973597,202.24,5.79987,17982.5
1751,100,0.1,0.2,100,1,500,32,15,0.5,0.3,2.5,0,0,2,0,-8.89211,0.983565,69.5004,3.61031,18981.1
1751,100,0.1,0.2,100,1,500,32,15,0.5,0.3,2.5,0,0,3,0,0.73727,0.995576,1.8459,0.971752,1018.09
1752,100,0.1,0.2,100,1,500,32,15,0.5,0.3,2.5,0,2,1,0,-301.024,0.969892,1840.87,6.89905,21975.1
1752,100,0.1,0.2,100,1,500,32,15,0.5,0.3,2.5,0,2,2,0,-31.0653,0.976483,195.442,5.38885,18354.2
1752,100,0.1,0.2,100,1,500,32,15,0.5,0.3,2.5,0,2,3,0,0.737576,0.995774,1.59951,0.96828,769.082
1753,100,0.1,0.2,100,1,500,32,15,0.5,0.5,2.5,1,1,1,0,-20.0601,0.997152,596.935,2.38616,11890
1753,100,0.1,0.2,100,1,500,32,15,0.5,0.5,2.5,1,1,2,0,-30.5945,0.995351,895.526,3.89456,11958
1753,100,0.1,0.2,100,1,500,32,15,0.5,0.5,2.5,1,1,3,0,0.915122,0.998758,2.40581,1.04035,1146.56
1754,100,0.1,0.2,100,1,500,32,15,0.5,0.5,2.5,1,3,1,0,-102.58,0.967859,1590.85,16.2435,13615.3
1754,100,0.1,0.2,100,1,500,32,15,0.5,0.5,2.5,1,3,2,0,-6.96117,0.990488,122.272,4.80742,11483
1754,100,0.1,0.2,100,1,500,32,15,0.5,0.5,2.5,1,3,3,0,0.88182,0.998194,1.81508,0.912806,873.441
1755,100,0.1,0.2,100,1,500,32,15,0.5,0.5,2.5,1,0,1,0,-53.5861,0.994128,1940.85,4.95004,22035.4
1755,100,0.1,0.2,100,1,500,32,15,0.5,0.5,2.5,1,0,2,0,-9.08232,0.972833,358.484,22.9014,20542.6
1755,100,0.1,0.2,100,1,500,32,15,0.5,0.5,2.5,1,0,3,0,0.91869,0.998846,2.89102,0.973236,1134.1
1756,100,0.1,0.2,100,1,500,32,15,0.5,0.5,2.5,1,2,1,0,-24.8568,0.988495,875.14,9.83101,21677.9
1756,100,0.1,0.2,100,1,500,32,15,0.5,0.5,2.5,1,2,2,0,-3.29364,0.989055,145.321,9.35251,25372.1
1756,100,0.1,0.2,100,1,500,32,15,0.5,0.5,2.5,1,2,3,0,0.920551,0.998841,2.68899,0.99077,1131.22
1757,100,0.1,0.2,100,1,500,32,15,0.5,0.5,2.5,0,1,1,0,-16.2833,0.979777,198.236,6.64064,11608.8
1757,100,0.1,0.2,100,1,500,32,15,0.5,0.5,2.5,0,1,2,0,-6.47728,0.988398,85.7628,3.80956,11626
1757,100,0.1,0.2,100,1,500,32,15,0.5,0.5,2.5,0,1,3,0,0.810682,0.997118,2.17143,0.946469,1152.98
1758,100,0.1,0.2,100,1,500,32,15,0.5,0.5,2.5,0,3,1,0,-3429.07,0.981121,41660.5,6.19252,12917.5
1758,100,0.1,0.2,100,1,500,32,15,0.5,0.5,2.5,0,3,2,0,-87.6879,0.99061,1077.17,3.08002,11759.1
1758,100,0.1,0.2,100,1,500,32,15,0.5,0.5,2.5,0,3,3,0,0.795179,0.996851,2.48769,1.03292,1292.18
1759,100,0.1,0.2,100,1,500,32,15,0.5,0.5,2.5,0,0,1,0,-118.603,0.97424,1067.25,7.48213,21762.6
1759,100,0.1,0.2,100,1,500,32,15,0.5,0.5,2.5,0,0,2,0,-179.792,0.991298,1613.27,2.52751,21948.8
1759,100,0.1,0.2,100,1,500,32,15,0.5,0.5,2.5,0,0,3,0,0.796173,0.996547,1.81881,1.00283,1089.73
1760,100,0.1,0.2,100,1,500,32,15,0.5,0.5,2.5,0,2,1,0,-2.01946,0.987457,32.7837,4.27217,20361.8
1760,100,0.1,0.2,100,1,500,32,15,0.5,0.5,2.5,0,2,2,0,-28.3675,0.988368,318.856,3.96181,21973.5
1760,100,0.1,0.2,100,1,500,32,15,0.5,0.5,2.5,0,2,3,0,0.803284,0.997048,2.13584,1.00552,972.469
1761,100,0.1,0.2,100,1,500,32,31,0,0,2.5,1,1,1,0,1,1,1.37547e-26,-7.27959e-15,516.983
1761,100,0.1,0.2,100,1,500,32,31,0,0,2.5,1,1,2,0,1,1,1.37547e-26,-7.27959e-15,519.954
1761,100,0.1,0.2,100,1,500,32,31,0,0,2.5,1,1,3,0,1,1,3.3414e-19,-3.14762e-15,585.949
1762,100,0.1,0.2,100,1,500,32,31,0,0,2.5,1,3,1,0,1,1,3.68078e-28,-5.39924e-15,524.117
1762,100,0.1,0.2,100,1,500,32,31,0,0,2.5,1,3,2,0,1,1,3.68078e-28,-5.39924e-15,574.01
1762,100,0.1,0.2,100,1,500,32,31,0,0,2.5,1,3,3,0,1,1,9.65541e-20,2.01617e-16,529.058
1763,100,0.1,0.2,100,1,500,32,31,0,0,2.5,1,0,1,0,1,1,1.69491e-25,-5.54248e-15,1822.38
1763,100,0.1,0.2,100,1,500,32,31,0,0,2.5,1,0,2,0,1,1,3.18763e-26,-8.46886e-15,1749.65
1763,100,0.1,0.2,100,1,500,32,31,0,0,2.5,1,0,3,0,1,1,2.13632e-19,-3.78975e-16,681.136
1764,100,0.1,0.2,100,1,500,32,31,0,0,2.5,1,2,1,0,1,1,1.01953e-27,-6.78348e-15,1580.98
1764,100,0.1,0.2,100,1,500,32,31,0,0,2.5,1,2,2,0,1,1,2.65473e-29,-3.36653e-15,1653.79
1764,100,0.1,0.2,100,1,500,32,31,0,0,2.5,1,2,3,0,1,1,7.38792e-19,1.58627e-16,437.408
1765,100,0.1,0.2,100,1,500,32,31,0,0,2.5,0,1,1,0,1,1,3.25415e-28,-1.07814e-15,564.525
1765,100,0.1,0.2,100,1,500,32,31,0,0,2.5,0,1,2,0,1,1,3.25415e-28,-1.07814e-15,568.091
1765,100,0.1,0.2,100,1,500,32,31,0,0,2.5,0,1,3,0,1,1,1.60734e-18,-1.52101e-16,437.262
1766,100,0.1,0.2,100,1,500,32,31,0,0,2.5,0,3,1,0,1,1,6.22964e-28,-8.00449e-15,558.992
1766,100,0.1,0.2,100,1,500,32,31,0,0,2.5,0,3,2,0,1,1,6.22964e-28,-8.00449e-15,571.513
1766,100,0.1,0.2,100,1,500,32,31,0,0,2.5,0,3,3,0,1,1,5.17259e-17,-3.65197e-15,506.673
1767,100,0.1,0.2,100,1,500,32,31,0,0,2.5,0,0,1,0,1,1,5.51607e-29,-6.02325e-15,1658.27
1767,100,0.1,0.2,100,1,500,32,31,0,0,2.5,0,0,2,0,1,1,1.3472e-26,-5.52508e-15,1673.18
1767,100,0.1,0.2,100,1,500,32,31,0,0,2.5,0,0,3,0,1,1,9.69107e-19,-1.02351e-15,413.88
1768,100,0.1,0.2,100,1,500,32,31,0,0,2.5,0,2,1,0,1,1,4.52282e-27,-5.70244e-15,1728.16
1768,100,0.1,0.2,100,1,500,32,31,0,0,2.5,0,2,2,0,1,1,1.15882e-26,-4.84332e-15,3061.78
1768,100,0.1,0.2,100,1,500,32,31,0,0,2.5,0,2,3,0,1,1,5.5088e-17,-5.33878e-17,425.959
1769,100,0.1,0.2,100,1,500,32,31,0,0.1,2.5,1,1,1,0,-102.597,0.617062,229.625,18.2125,300.985
1769,100,0.1,0.2,100,1,500,32,31,0,0.1,2.5,1,1,2,0,-102.597,0.617062,229.625,18.2125,305.497
1769,100,0.1,0.2,100,1,500,32,31,0,0.1,2.5,1,1,3,0,0.566694,0.98287,0.960431,0.814711,787.433
1770,100,0.1,0.2,100,1,500,32,31,0,0.1,2.5,1,3,1,0,-1098.91,0.612157,1365.67,20.15,303.002
1770,100,0.1,0.2,100,1,500,32,31,0,0.1,2.5,1,3,2,0,-1098.91,0.612157,1365.67,20.15,307.721
1770,100,0.1,0.2,100,1,500,32,31,0,0.1,2.5,1,3,3,0,0.248468,0.983411,0.933113,0.861859,577.734
1771,100,0.1,0.2,100,1,500,32,31,0,0.1,2.5,1,0,1,0,-25295.4,0.628364,24001.4,18.6,1205.53
1771,100,0.1,0.2,100,1,500,32,31,0,0.1,2.5,1,0,2,0,-25295.4,0.628364,24001.4,18.6,1328.28
1771,100,0.1,0.2,100,1,500,32,31,0,0.1,2.5,1,0,3,0,0.0693856,0.98373,0.882976,0.814319,625.577
1772,100,0.1,0.2,100,1,500,32,31,0,0.1,2.5,1,2,1,0,-303.172,0.637522,485.869,17.05,1286.51
1772,100,0.1,0.2,100,1,500,32,31,0,0.1,2.5,1,2,2,0,-303.172,0.637522,485.869,17.05,1252.27
1772,100,0.1,0.2,100,1,500,32,31,0,0.1,2.5,1,2,3,0,0.36837,0.980457,1.00894,0.919248,779.688
1773,100,0.1,0.2,100,1,500,32,31,0,0.1,2.5,0,1,1,0,-202.538,0.833171,226.524,6.06444,302.569
1773,100,0.1,0.2,100,1,500,32,31,0,0.1,2.5,0,1,2,0,-202.538,0.833171,226.524,6.06444,594.654
1773,100,0.1,0.2,100,1,500,32,31,0,0.1,2.5,0,1,3,0,0.147222,0.976255,0.949084,0.863151,594.027
1774,100,0.1,0.2,100,1,500,32,31,0,0.1,2.5,0,3,1,0,-36408.8,0.843169,35441.4,5.69485,302.827
1774,100,0.1,0.2,100,1,500,32,31,0,0.1,2.5,0,3,2,0,-36408.8,0.843169,35441.4,5.69485,309.508
1774,100,0.1,0.2,100,1,500,32,31,0,0.1,2.5,0,3,3,0,0.0985579,0.978326,0.877464,0.787017,618.664
1775,100,0.1,0.2,100,1,500,32,31,0,0.1,2.5,0,0,1,0,-4256.68,0.823036,4078.84,6.39191,1318.64
1775,100,0.1,0.2,100,1,500,32,31,0,0.1,2.5,0,0,2,0,-4256.68,0.823036,4078.84,6.39191,1317.92
1775,100,0.1,0.2,100,1,500,32,31,0,0.1,2.5,0,0,3,0,0.0579756,0.97649,0.902457,0.849174,637.341
1776,100,0.1,0.2,100,1,500,32,31,0,0.1,2.5,0,2,1,0,-2888.83,0.839234,2819.4,5.7902,1209.49
1776,100,0.1,0.2,100,1,500,32,31,0,0.1,2.5,0,2,2,0,-2888.83,0.839234,2819.4,5.7902,1192.58
1776,100,0.1,0.2,100,1,500,32,31,0,0.1,2.5,0,2,3,0,0.0419731,0.975167,0.934678,0.894408,578.421
1777,100,0.1,0.2,100,1,500,32,31,0,0.3,2.5,1,1,1,0,-22.1685,0.988316,24.6618,0.879537,1196.01
1777,100,0.1,0.2,100,1,500,32,31,0,0.3,2.5,1,1,2,0,-99.1721,0.988241,106.628,0.885169,635.465
1777,100,0.1,0.2,100,1,500,32,31,0,0.3,2.5,1,1,3,0,0.12672,0.988441,0.929563,0.870155,627.952
1778,100,0.1,0.2,100,1,500,32,31,0,0.3,2.5,1,3,1,0,-11.1192,0.987878,13.8198,1.01526,1275.92
1778,100,0.1,0.2,100,1,500,32,31,0,0.3,2.5,1,3,2,0,-4.94353,0.988202,6.77753,0.98815,971.779
1778,100,0.1,0.2,100,1,500,32,31,0,0.3,2.5,1,3,3,0,0.154228,0.989051,0.964451,0.917052,721.159
1779,100,0.1,0.2,100,1,500,32,31,0,0.3,2.5,1,0,1,0,-99.1235,0.98807,347.717,1.03658,1219.73
1779,100,0.1,0.2,100,1,500,32,31,0,0.3,2.5,1,0,2,0,-1.70372,0.988389,9.38969,1.00884,1213.14
1779,100,0.1,0.2,100,1,500,32,31,0,0.3,2.5,1,0,3,0,0.705257,0.989488,1.02361,0.913323,691.225
1780,100,0.1,0.2,100,1,500,32,31,0,0.3,2.5,1,2,1,0,-34.2739,0.989807,112.045,0.873364,1242.74
1780,100,0.1,0.2,100,1,500,32,31,0,0.3,2.5,1,2,2,0,-221.123,0.987284,705.561,1.08956,1276.56
1780,100,0.1,0.2,100,1,500,32,31,0,0.3,2.5,1,2,3,0,0.67237,0.989192,1.0407,0.926114,2193.17
1781,100,0.1,0.2,100,1,500,32,31,0,0.3,2.5,0,1,1,0,-1.66399,0.97945,8.04336,1.02592,641.896
1781,100,0.1,0.2,100,1,500,32,31,0,0.3,2.5,0,1,2,0,-0.180549,0.981095,3.56442,0.943784,1199.12
1781,100,0.1,0.2,100,1,500,32,31,0,0.3,2.5,0,1,3,0,0.693606,0.984621,0.925092,0.767775,778.986
1782,100,0.1,0.2,100,1,500,32,31,0,0.3,2.5,0,3,1,0,-2.2421,0.979051,5.53068,1.02179,886.724
1782,100,0.1,0.2,100,1,500,32,31,0,0.3,2.5,0,3,2,0,-1.2978,0.981443,3.9198,0.905118,1492.69
1782,100,0.1,0.2,100,1,500,32,31,0,0.3,2.5,0,3,3,0,0.453465,0.982534,0.932332,0.851903,617.432
1783,100,0.1,0.2,100,1,500,32,31,0,0.3,2.5,0,0,1,0,-10.1576,0.981635,11.8966,0.927257,1306.92
1783,100,0.1,0.2,100,1,500,32,31,0,0.3,2.5,0,0,2,0,-37.6233,0.98022,41.1813,0.998684,1318.44
1783,100,0.1,0.2,100,1,500,32,31,0,0.3,2.5,0,0,3,0,0.190573,0.983848,0.863035,0.8155,731.471
1784,100,0.1,0.2,100,1,500,32,31,0,0.3,2.5,0,2,1,0,-56602.3,0.981408,59092.1,0.89406,1172.62
1784,100,0.1,0.2,100,1,500,32,31,0,0.3,2.5,0,2,2,0,-26.9394,0.974113,29.1679,1.24483,1170.41
1784,100,0.1,0.2,100,1,500,32,31,0,0.3,2.5,0,2,3,0,0.0526996,0.980714,0.988953,0.927421,579.458
1785,100,0.1,0.2,100,1,500,32,31,0,0.5,2.5,1,1,1,0,-4.73746,0.990277,5.84951,1.00583,893.829
1785,100,0.1,0.2,100,1,500,32,31,0,0.5,2.5,1,1,2,0,-6.94959,0.989461,8.10484,1.09022,1650.48
1785,100,0.1,0.2,100,1,500,32,31,0,0.5,2.5,1,1,3,0,0.0559939,0.99135,0.962443,0.894832,744.062
1786,100,0.1,0.2,100,1,500,32,31,0,0.5,2.5,1,3,1,0,-0.0826184,0.992178,4.00389,1.02379,642.092
1786,100,0.1,0.2,100,1,500,32,31,0,0.5,2.5,1,3,2,0,0.0438392,0.991598,3.53621,1.09967,1266.73
1786,100,0.1,0.2,100,1,500,32,31,0,0.5,2.5,1,3,3,0,0.688909,0.991958,1.15052,1.05254,774.418
1787,100,0.1,0.2,100,1,500,32,31,0,0.5,2.5,1,0,1,0,-14.6356,0.991844,20.0062,0.974329,1192.57
1787,100,0.1,0.2,100,1,500,32,31,0,0.5,2.5,1,0,2,0,-22.6583,0.991343,30.2715,1.03417,1199.49
1787,100,0.1,0.2,100,1,500,32,31,0,0.5,2.5,1,0,3,0,0.206085,0.992126,1.01584,0.940581,719.888
1788,100,0.1,0.2,100,1,500,32,31,0,0.5,2.5,1,2,1,0,-5.92035,0.991382,28.6918,1.12939,1285.24
1788,100,0.1,0.2,100,1,500,32,31,0,0.5,2.5,1,2,2,0,-268.734,0.992018,1118.32,1.04602,1292.89
1788,100,0.1,0.2,100,1,500,32,31,0,0.5,2.5,1,2,3,0,0.782388,0.993709,0.90222,0.824473,736.881
1789,100,0.1,0.2,100,1,500,32,31,0,0.5,2.5,0,1,1,0,-3.80967,0.985165,6.12563,0.976854,623.791
1789,100,0.1,0.2,100,1,500,32,31,0,0.5,2.5,0,1,2,0,-2.02659,0.98254,3.85469,1.14966,598.404
1789,100,0.1,0.2,100,1,500,32,31,0,0.5,2.5,0,1,3,0,0.246585,0.986644,0.959555,0.879473,684.041
1790,100,0.1,0.2,100,1,500,32,31,0,0.5,2.5,0,3,1,0,-5.1558,0.985522,9.16121,0.916375,881.818
1790,100,0.1,0.2,100,1,500,32,31,0,0.5,2.5,0,3,2,0,-20.2667,0.984931,31.6495,0.953827,1209
1790,100,0.1,0.2,100,1,500,32,31,0,0.5,2.5,0,3,3,0,0.352283,0.986035,0.963948,0.883949,728.111
1791,100,0.1,0.2,100,1,500,32,31,0,0.5,2.5,0,0,1,0,-34.0263,0.983056,50.2583,0.935606,1316.47
1791,100,0.1,0.2,100,1,500,32,31,0,0.5,2.5,0,0,2,0,-1183.02,0.982878,1698.91,0.945429,2681.15
1791,100,0.1,0.2,100,1,500,32,31,0,0.5,2.5,0,0,3,0,0.346859,0.984359,0.937173,0.863634,840.848
1792,100,0.1,0.2,100,1,500,32,31,0,0.5,2.5,0,2,1,0,-18.2816,0.978869,23.0097,1.0876,1186.08
1792,100,0.1,0.2,100,1,500,32,31,0,0.5,2.5,0,2,2,0,-17.1509,0.974461,21.6604,1.31451,1179.87
1792,100,0.1,0.2,100,1,500,32,31,0,0.5,2.5,0,2,3,0,0.164071,0.981959,0.997558,0.928589,676.904
1793,100,0.1,0.2,100,1,500,32,31,0.1,0,2.5,1,1,1,0,-4.91,0.969297,4.94155,0.951499,873.712
1793,100,0.1,0.2,100,1,500,32,31,0.1,0,2.5,1,1,2,0,-4.16903,0.969255,4.322,0.952793,648.74
1793,100,0.1,0.2,100,1,500,32,31,0.1,0,2.5,1,1,3,0,0.137406,0.981498,0.721243,0.573371,636.145
1794,100,0.1,0.2,100,1,500,32,31,0.1,0,2.5,1,3,1,0,-4.97323,0.969425,6.11403,0.93855,950.638
1794,100,0.1,0.2,100,1,500,32,31,0.1,0,2.5,1,3,2,0,-732.771,0.969028,751.068,0.950735,969.485
1794,100,0.1,0.2,100,1,500,32,31,0.1,0,2.5,1,3,3,0,0.0567619,0.9713,0.965473,0.881007,626.346
1795,100,0.1,0.2,100,1,500,32,31,0.1,0,2.5,1,0,1,0,-273.892,0.968373,241.774,0.976344,1212.28
1795,100,0.1,0.2,100,1,500,32,31,0.1,0,2.5,1,0,2,0,-9.5621,0.969801,9.28961,0.932244,1219.09
1795,100,0.1,0.2,100,1,500,32,31,0.1,0,2.5,1,0,3,0,0.061171,0.975187,0.825722,0.765996,571.856
1796,100,0.1,0.2,100,1,500,32,31,0.1,0,2.5,1,2,1,0,-44.396,0.971598,43.1302,0.87903,1276.28
1796,100,0.1,0.2,100,1,500,32,31,0.1,0,2.5,1,2,2,0,-61.0603,0.967525,58.9628,1.00509,1306.27
1796,100,0.1,0.2,100,1,500,32,31,0.1,0,2.5,1,2,3,0,0.0890915,0.976183,0.865443,0.737131,528.074
1797,100,0.1,0.2,100,1,500,32,31,0.1,0,2.5,0,1,1,0,-5.11837,0.974284,5.82188,0.797092,330.119
1797,100,0.1,0.2,100,1,500,32,31,0.1,0,2.5,0,1,2,0,-4.72905,0.972406,5.45143,0.855301,642.272
1797,100,0.1,0.2,100,1,500,32,31,0.1,0,2.5,0,1,3,0,0.0902381,0.976037,0.865676,0.742778,742.124
1798,100,0.1,0.2,100,1,500,32,31,0.1,0,2.5,0,3,1,0,-22.7576,0.972104,20.7704,0.865588,577.778
1798,100,0.1,0.2,100,1,500,32,31,0.1,0,2.5,0,3,2,0,-13467.1,0.976826,11774.6,0.719078,305.869
1798,100,0.1,0.2,100,1,500,32,31,0.1,0,2.5,0,3,3,0,0.129552,0.981001,0.760999,0.589538,677.382
1799,100,0.1,0.2,100,1,500,32,31,0.1,0,2.5,0,0,1,0,-4.40788,0.969907,5.86098,0.937948,1191.9
1799,100,0.1,0.2,100,1,500,32,31,0.1,0,2.5,0,0,2,0,-7.63731,0.96535,9.36098,1.07997,1224.24
1799,100,0.1,0.2,100,1,500,32,31,0.1,0,2.5,0,0,3,0,0.0897683,0.972468,0.986495,0.858123,621.985
1800,100,0.1,0.2,100,1,500,32,31,0.1,0,2.5,0,2,1,0,-134.032,0.972889,143.529,0.835791,1259.88
1800,100,0.1,0.2,100,1,500,32,31,0.1,0,2.5,0,2,2,0,-27.9572,0.97098,30.7793,0.894627,1262.97
1800,100,0.1,0.2,100,1,500,32,31,0.1,0,2.5,0,2,3,0,0.103294,0.975202,0.95313,0.764477,718.721
1801,100,0.1,0.2,100,1,500,32,31,0.1,0.1,2.5,1,1,1,0,-5.19334,0.979531,7.44361,1.08025,1163.14
1801,100,0.1,0.2,100,1,500,32,31,0.1,0.1,2.5,1,1,2,0,-7.95304,0.979875,10.7604,1.06207,584.835
1801,100,0.1,0.2,100,1,500,32,31,0.1,0.1,2.5,1,1,3,0,0.206186,0.982957,0.954064,0.899422,674.708
1802,100,0.1,0.2,100,1,500,32,31,0.1,0.1,2.5,1,3,1,0,-1.24006,0.979455,3.50452,1.01112,875.28
1802,100,0.1,0.2,100,1,500,32,31,0.1,0.1,2.5,1,3,2,0,-7.02702,0.976309,12.5581,1.16591,1548.3
1802,100,0.1,0.2,100,1,500,32,31,0.1,0.1,2.5,1,3,3,0,0.345881,0.981037,1.02335,0.933251,823.38
1803,100,0.1,0.2,100,1,500,32,31,0.1,0.1,2.5,1,0,1,0,-177.513,0.984066,828.287,0.875376,2623.8
1803,100,0.1,0.2,100,1,500,32,31,0.1,0.1,2.5,1,0,2,0,-35.9245,0.983196,171.327,0.923178,1266.06
1803,100,0.1,0.2,100,1,500,32,31,0.1,0.1,2.5,1,0,3,0,0.746467,0.983109,1.17637,0.92797,762.314
1804,100,0.1,0.2,100,1,500,32,31,0.1,0.1,2.5,1,2,1,0,-72.5498,0.979678,82.0298,0.947562,1154.59
1804,100,0.1,0.2,100,1,500,32,31,0.1,0.1,2.5,1,2,2,0,-1209.11,0.979823,1349.63,0.94079,1154.96
1804,100,0.1,0.2,100,1,500,32,31,0.1,0.1,2.5,1,2,3,0,0.185844,0.98192,0.908024,0.842998,583.922
1805,100,0.1,0.2,100,1,500,32,31,0.1,0.1,2.5,0,1,1,0,-3.88867,0.955841,4.68883,1.6172,316.8
1805,100,0.1,0.2,100,1,500,32,31,0.1,0.1,2.5,0,1,2,0,-4.12354,0.974817,4.9141,0.922261,630.157
1805,100,0.1,0.2,100,1,500,32,31,0.1,0.1,2.5,0,1,3,0,0.154901,0.979526,0.810553,0.74978,728.171
1806,100,0.1,0.2,100,1,500,32,31,0.1,0.1,2.5,0,3,1,0,-122.678,0.975909,121.175,0.939401,631.502
1806,100,0.1,0.2,100,1,500,32,31,0.1,0.1,2.5,0,3,2,0,-62.1991,0.975337,61.9203,0.961704,959.824
1806,100,0.1,0.2,100,1,500,32,31,0.1,0.1,2.5,0,3,3,0,0.138841,0.979831,0.843734,0.786481,605.058
1807,100,0.1,0.2,100,1,500,32,31,0.1,0.1,2.5,0,0,1,0,-29.5691,0.969046,32.6575,1.13991,1179.81
1807,100,0.1,0.2,100,1,500,32,31,0.1,0.1,2.5,0,0,2,0,-97.2997,0.973731,105.015,0.967352,1181.02
1807,100,0.1,0.2,100,1,500,32,31,0.1,0.1,2.5,0,0,3,0,0.141767,0.977242,0.916864,0.838069,574.124
1808,100,0.1,0.2,100,1,500,32,31,0.1,0.1,2.5,0,2,1,0,-60.5997,0.975748,55.5534,0.924945,1206.43
1808,100,0.1,0.2,100,1,500,32,31,0.1,0.1,2.5,0,2,2,0,-42.6725,0.976346,39.3858,0.90213,1260.79
1808,100,0.1,0.2,100,1,500,32,31,0.1,0.1,2.5,0,2,3,0,0.0826158,0.979655,0.827338,0.775934,623.258
1809,100,0.1,0.2,100,1,500,32,31,0.1,0.3,2.5,1,1,1,0,-4.72379,0.986339,7.81838,1.19966,943.532
1809,100,0.1,0.2,100,1,500,32,31,0.1,0.3,2.5,1,1,2,0,-7.69051,0.988177,11.8708,1.03829,1233.84
1809,100,0.1,0.2,100,1,500,32,31,0.1,0.3,2.5,1,1,3,0,0.341342,0.990613,0.89969,0.824375,674.377
1810,100,0.1,0.2,100,1,500,32,31,0.1,0.3,2.5,1,3,1,0,-720.534,0.990349,813.18,0.911784,873.459
1810,100,0.1,0.2,100,1,500,32,31,0.1,0.3,2.5,1,3,2,0,-0.998762,0.990201,2.25264,0.925786,871.795
1810,100,0.1,0.2,100,1,500,32,31,0.1,0.3,2.5,1,3,3,0,0.0824923,0.989768,1.03405,0.966722,669.452
1811,100,0.1,0.2,100,1,500,32,31,0.1,0.3,2.5,1,0,1,0,-65.7431,0.989051,161.54,1.00182,1285.66
1811,100,0.1,0.2,100,1,500,32,31,0.1,0.3,2.5,1,0,2,0,-1.44844,0.989974,5.92602,0.917317,1285.87
1811,100,0.1,0.2,100,1,500,32,31,0.1,0.3,2.5,1,0,3,0,0.639124,0.991096,0.873436,0.814672,724.558
1812,100,0.1,0.2,100,1,500,32,31,0.1,0.3,2.5,1,2,1,0,-44.2966,0.989848,48.8429,0.882514,1232.49
1812,100,0.1,0.2,100,1,500,32,31,0.1,0.3,2.5,1,2,2,0,-68.3681,0.988444,74.799,1.00449,1199.97
1812,100,0.1,0.2,100,1,500,32,31,0.1,0.3,2.5,1,2,3,0,0.101809,0.990224,0.968512,0.84983,577.064
1813,100,0.1,0.2,100,1,500,32,31,0.1,0.3,2.5,0,1,1,0,-16.2447,0.977144,19.3337,1.08154,871.849
1813,100,0.1,0.2,100,1,500,32,31,0.1,0.3,2.5,0,1,2,0,-2.44479,0.978662,3.86209,1.00969,880.101
1813,100,0.1,0.2,100,1,500,32,31,0.1,0.3,2.5,0,1,3,0,0.105243,0.980519,1.00315,0.921801,723.818
1814,100,0.1,0.2,100,1,500,32,31,0.1,0.3,2.5,0,3,1,0,-9.03519,0.976631,11.5493,1.21967,1562.79
1814,100,0.1,0.2,100,1,500,32,31,0.1,0.3,2.5,0,3,2,0,-3.44911,0.980153,5.12038,1.03585,2316.46
1814,100,0.1,0.2,100,1,500,32,31,0.1,0.3,2.5,0,3,3,0,0.122329,0.981801,1.01009,0.949848,720.815
1815,100,0.1,0.2,100,1,500,32,31,0.1,0.3,2.5,0,0,1,0,-27.0961,0.975198,36.3074,1.16677,1176.24
1815,100,0.1,0.2,100,1,500,32,31,0.1,0.3,2.5,0,0,2,0,-10322.9,0.978859,13341.2,0.994547,1178.05
1815,100,0.1,0.2,100,1,500,32,31,0.1,0.3,2.5,0,0,3,0,0.217236,0.979886,1.01153,0.946239,769.721
1816,100,0.1,0.2,100,1,500,32,31,0.1,0.3,2.5,0,2,1,0,-69.9982,0.980564,77.8683,0.984205,1188.46
1816,100,0.1,0.2,100,1,500,32,31,0.1,0.3,2.5,0,2,2,0,-72.7431,0.979022,80.8789,1.06226,1261.93
1816,100,0.1,0.2,100,1,500,32,31,0.1,0.3,2.5,0,2,3,0,0.0521932,0.980789,1.03952,0.972812,624.374
1817,100,0.1,0.2,100,1,500,32,31,0.1,0.5,2.5,1,1,1,0,-5.71138,0.991471,6.98238,1.09924,939.45
1817,100,0.1,0.2,100,1,500,32,31,0.1,0.5,2.5,1,1,2,0,-4.2233,0.993556,5.43422,0.830432,1212.01
1817,100,0.1,0.2,100,1,500,32,31,0.1,0.5,2.5,1,1,3,0,0.132181,0.993578,0.902861,0.827596,583.283
1818,100,0.1,0.2,100,1,500,32,31,0.1,0.5,2.5,1,3,1,0,-3.29669,0.987888,6.14323,0.975717,864.743
1818,100,0.1,0.2,100,1,500,32,31,0.1,0.5,2.5,1,3,2,0,-8.5599,0.988739,13.6683,0.907192,608.471
1818,100,0.1,0.2,100,1,500,32,31,0.1,0.5,2.5,1,3,3,0,0.315744,0.988748,0.978321,0.906425,674.142
1819,100,0.1,0.2,100,1,500,32,31,0.1,0.5,2.5,1,0,1,0,-5.06642,0.986746,24.1488,1.08829,1275.74
1819,100,0.1,0.2,100,1,500,32,31,0.1,0.5,2.5,1,0,2,0,-1859.41,0.988658,7405.8,0.931288,1283.49
1819,100,0.1,0.2,100,1,500,32,31,0.1,0.5,2.5,1,0,3,0,0.758401,0.989509,0.961739,0.861394,723.293
1820,100,0.1,0.2,100,1,500,32,31,0.1,0.5,2.5,1,2,1,0,-29.6973,0.990536,96.2349,1.13386,1255.59
1820,100,0.1,0.2,100,1,500,32,31,0.1,0.5,2.5,1,2,2,0,-141.882,0.99068,447.932,1.11665,1158.35
1820,100,0.1,0.2,100,1,500,32,31,0.1,0.5,2.5,1,2,3,0,0.68253,0.992303,0.995258,0.922138,766.653
1821,100,0.1,0.2,100,1,500,32,31,0.1,0.5,2.5,0,1,1,0,-93.7785,0.979646,195.015,1.28129,1154.69
1821,100,0.1,0.2,100,1,500,32,31,0.1,0.5,2.5,0,1,2,0,-1.74436,0.984513,5.64674,0.974915,295.37
1821,100,0.1,0.2,100,1,500,32,31,0.1,0.5,2.5,0,1,3,0,0.523644,0.985792,0.980143,0.894374,702.974
1822,100,0.1,0.2,100,1,500,32,31,0.1,0.5,2.5,0,3,1,0,-247.356,0.982282,451.834,1.13332,947.807
1822,100,0.1,0.2,100,1,500,32,31,0.1,0.5,2.5,0,3,2,0,-3.08103,0.985541,7.4246,0.924837,966.331
1822,100,0.1,0.2,100,1,500,32,31,0.1,0.5,2.5,0,3,3,0,0.50626,0.987072,0.898261,0.82689,733.233
1823,100,0.1,0.2,100,1,500,32,31,0.1,0.5,2.5,0,0,1,0,-2916.72,0.980846,5478.05,1.02569,1271.12
1823,100,0.1,0.2,100,1,500,32,31,0.1,0.5,2.5,0,0,2,0,-55.7112,0.979759,106.476,1.08388,1195.46
1823,100,0.1,0.2,100,1,500,32,31,0.1,0.5,2.5,0,0,3,0,0.473909,0.983551,0.987741,0.880832,774.637
1824,100,0.1,0.2,100,1,500,32,31,0.1,0.5,2.5,0,2,1,0,-127.565,0.98215,155.013,1.00576,1170.08
1824,100,0.1,0.2,100,1,500,32,31,0.1,0.5,2.5,0,2,2,0,-92.2526,0.978343,112.437,1.22022,1216.36
1824,100,0.1,0.2,100,1,500,32,31,0.1,0.5,2.5,0,2,3,0,0.200751,0.984439,0.963672,0.876777,722.338
1825,100,0.1,0.2,100,1,500,32,31,0.3,0,2.5,1,1,1,0,-14.9829,0.972193,16.25,0.941131,628.054
1825,100,0.1,0.2,100,1,500,32,31,0.3,0,2.5,1,1,2,0,-12.1477,0.968557,13.3674,1.0642,325.396
1825,100,0.1,0.2,100,1,500,32,31,0.3,0,2.5,1,1,3,0,0.0439054,0.973223,0.972076,0.906275,623.017
1826,100,0.1,0.2,100,1,500,32,31,0.3,0,2.5,1,3,1,0,-8.04703,0.972817,9.24129,0.917025,1978.88
1826,100,0.1,0.2,100,1,500,32,31,0.3,0,2.5,1,3,2,0,-9.0856,0.970581,10.3022,0.992461,1181.11
1826,100,0.1,0.2,100,1,500,32,31,0.3,0,2.5,1,3,3,0,0.139976,0.976359,0.878491,0.797522,575.307
1827,100,0.1,0.2,100,1,500,32,31,0.3,0,2.5,1,0,1,0,-433.915,0.971848,460.601,0.961221,1192.41
1827,100,0.1,0.2,100,1,500,32,31,0.3,0,2.5,1,0,2,0,-22.9675,0.971365,25.3831,0.977709,1189.98
1827,100,0.1,0.2,100,1,500,32,31,0.3,0,2.5,1,0,3,0,0.119913,0.975464,0.932067,0.837758,600.644
1828,100,0.1,0.2,100,1,500,32,31,0.3,0,2.5,1,2,1,0,-241.582,0.97035,259.812,1.01511,1258.7
1828,100,0.1,0.2,100,1,500,32,31,0.3,0,2.5,1,2,2,0,-98.3039,0.9692,106.357,1.05446,1261.26
1828,100,0.1,0.2,100,1,500,32,31,0.3,0,2.5,1,2,3,0,0.0703867,0.972673,0.995641,0.935562,620.876
1829,100,0.1,0.2,100,1,500,32,31,0.3,0,2.5,0,1,1,0,-4.5849,0.966489,6.99199,1.16123,1450
1829,100,0.1,0.2,100,1,500,32,31,0.3,0,2.5,0,1,2,0,-2.77294,0.969342,4.72352,1.06236,575.503
1829,100,0.1,0.2,100,1,500,32,31,0.3,0,2.5,0,1,3,0,0.135581,0.972041,1.08221,0.968845,663.676
1830,100,0.1,0.2,100,1,500,32,31,0.3,0,2.5,0,3,1,0,-4.98832,0.9726,5.10244,0.916545,864.956
1830,100,0.1,0.2,100,1,500,32,31,0.3,0,2.5,0,3,2,0,-7.61135,0.968014,7.33743,1.06992,575.229
1830,100,0.1,0.2,100,1,500,32,31,0.3,0,2.5,0,3,3,0,0.0920773,0.978644,0.77361,0.714345,626.122
1831,100,0.1,0.2,100,1,500,32,31,0.3,0,2.5,0,0,1,0,-1274.77,0.96602,1299.05,1.15264,1286.51
1831,100,0.1,0.2,100,1,500,32,31,0.3,0,2.5,0,0,2,0,-4347.69,0.970739,4428.04,0.992543,1286.77
1831,100,0.1,0.2,100,1,500,32,31,0.3,0,2.5,0,0,3,0,0.0553514,0.973322,0.961886,0.904936,727.848
1832,100,0.1,0.2,100,1,500,32,31,0.3,0,2.5,0,2,1,0,-21.4074,0.963209,24.0125,1.24176,1156.56
1832,100,0.1,0.2,100,1,500,32,31,0.3,0,2.5,0,2,2,0,-36.6591,0.972157,40.3568,0.939751,1156.13
1832,100,0.1,0.2,100,1,500,32,31,0.3,0,2.5,0,2,3,0,0.055743,0.972068,1.0119,0.942754,572.367
1833,100,0.1,0.2,100,1,500,32,31,0.3,0.1,2.5,1,1,1,0,-55908,0.981335,56240.6,1.01587,870.628
1833,100,0.1,0.2,100,1,500,32,31,0.3,0.1,2.5,1,1,2,0,-5.0798,0.98019,6.11586,1.0782,1280.58
1833,100,0.1,0.2,100,1,500,32,31,0.3,0.1,2.5,1,1,3,0,0.0449809,0.983224,0.960683,0.913038,727.825
1834,100,0.1,0.2,100,1,500,32,31,0.3,0.1,2.5,1,3,1,0,-6.72714,0.978887,9.46544,1.00934,1253.99
1834,100,0.1,0.2,100,1,500,32,31,0.3,0.1,2.5,1,3,2,0,-9.16243,0.978632,12.4486,1.02151,948.605
1834,100,0.1,0.2,100,1,500,32,31,0.3,0.1,2.5,1,3,3,0,0.173137,0.980906,1.01288,0.912828,669.876
1835,100,0.1,0.2,100,1,500,32,31,0.3,0.1,2.5,1,0,1,0,-30.6612,0.981532,34.9692,1.00965,1183.7
1835,100,0.1,0.2,100,1,500,32,31,0.3,0.1,2.5,1,0,2,0,-75.8495,0.981309,84.8788,1.02179,1186.36
1835,100,0.1,0.2,100,1,500,32,31,0.3,0.1,2.5,1,0,3,0,0.224327,0.985289,0.856716,0.804251,578.453
1836,100,0.1,0.2,100,1,500,32,31,0.3,0.1,2.5,1,2,1,0,-52.7329,0.976297,56.2277,1.33211,1252.49
1836,100,0.1,0.2,100,1,500,32,31,0.3,0.1,2.5,1,2,2,0,-222.811,0.976955,234.202,1.29518,1257.28
1836,100,0.1,0.2,100,1,500,32,31,0.3,0.1,2.5,1,2,3,0,0.0516387,0.983664,0.992394,0.91809,625.485
1837,100,0.1,0.2,100,1,500,32,31,0.3,0.1,2.5,0,1,1,0,-37.6967,0.977254,40.4255,0.927829,2281.98
1837,100,0.1,0.2,100,1,500,32,31,0.3,0.1,2.5,0,1,2,0,-8.90493,0.972168,10.3474,1.13529,1160.66
1837,100,0.1,0.2,100,1,500,32,31,0.3,0.1,2.5,0,1,3,0,0.0615559,0.977953,0.980371,0.899292,576.413
1838,100,0.1,0.2,100,1,500,32,31,0.3,0.1,2.5,0,3,1,0,-7.59104,0.97501,9.11508,0.996098,871.718
1838,100,0.1,0.2,100,1,500,32,31,0.3,0.1,2.5,0,3,2,0,-1.79406,0.975776,2.96449,0.965551,1192.94
1838,100,0.1,0.2,100,1,500,32,31,0.3,0.1,2.5,0,3,3,0,0.126233,0.978515,0.927066,0.856368,715.263
1839,100,0.1,0.2,100,1,500,32,31,0.3,0.1,2.5,0,0,1,0,-14.2266,0.977376,16.2947,0.914265,1286.7
1839,100,0.1,0.2,100,1,500,32,31,0.3,0.1,2.5,0,0,2,0,-51.7507,0.978307,56.4511,0.876638,1300.72
1839,100,0.1,0.2,100,1,500,32,31,0.3,0.1,2.5,0,0,3,0,0.132559,0.97872,0.92829,0.859945,628.888
1840,100,0.1,0.2,100,1,500,32,31,0.3,0.1,2.5,0,2,1,0,-5.61076,0.975408,15.7377,0.996588,1165.84
1840,100,0.1,0.2,100,1,500,32,31,0.3,0.1,2.5,0,2,2,0,-143.602,0.972225,344.241,1.12556,1154.39
1840,100,0.1,0.2,100,1,500,32,31,0.3,0.1,2.5,0,2,3,0,0.543632,0.977799,1.08643,0.899709,759.29
1841,100,0.1,0.2,100,1,500,32,31,0.3,0.3,2.5,1,1,1,0,-1.45937,0.988214,2.36335,1.09505,1150.55
1841,100,0.1,0.2,100,1,500,32,31,0.3,0.3,2.5,1,1,2,0,-7.01887,0.989622,7.7058,0.964177,1251.68
1841,100,0.1,0.2,100,1,500,32,31,0.3,0.3,2.5,1,1,3,0,0.053893,0.990824,0.909169,0.852563,623.689
1842,100,0.1,0.2,100,1,500,32,31,0.3,0.3,2.5,1,3,1,0,-31.3637,0.987593,49.7822,0.991818,1254.47
1842,100,0.1,0.2,100,1,500,32,31,0.3,0.3,2.5,1,3,2,0,-4.24516,0.986034,8.06817,1.11646,1226.44
1842,100,0.1,0.2,100,1,500,32,31,0.3,0.3,2.5,1,3,3,0,0.363172,0.988692,0.979576,0.903978,669.768
1843,100,0.1,0.2,100,1,500,32,31,0.3,0.3,2.5,1,0,1,0,-51.3634,0.990238,75.2479,0.951309,1184.18
1843,100,0.1,0.2,100,1,500,32,31,0.3,0.3,2.5,1,0,2,0,-121.592,0.990219,176.168,0.953172,1185.44
1843,100,0.1,0.2,100,1,500,32,31,0.3,0.3,2.5,1,0,3,0,0.359501,0.991205,0.920418,0.857085,817.251
1844,100,0.1,0.2,100,1,500,32,31,0.3,0.3,2.5,1,2,1,0,-39.8727,0.989462,47.4574,0.940997,1252.68
1844,100,0.1,0.2,100,1,500,32,31,0.3,0.3,2.5,1,2,2,0,-227.918,0.988213,265.797,1.0525,1256.74
1844,100,0.1,0.2,100,1,500,32,31,0.3,0.3,2.5,1,2,3,0,0.111772,0.98916,1.03132,0.967908,623.657
1845,100,0.1,0.2,100,1,500,32,31,0.3,0.3,2.5,0,1,1,0,-19.1395,0.981525,26.126,0.972807,313.524
1845,100,0.1,0.2,100,1,500,32,31,0.3,0.3,2.5,0,1,2,0,-35.8972,0.978432,47.8651,1.13566,1445.57
1845,100,0.1,0.2,100,1,500,32,31,0.3,0.3,2.5,0,1,3,0,0.18286,0.981944,1.06004,0.950766,670.159
1846,100,0.1,0.2,100,1,500,32,31,0.3,0.3,2.5,0,3,1,0,-4.37563,0.979723,6.23532,1.06479,1464.13
1846,100,0.1,0.2,100,1,500,32,31,0.3,0.3,2.5,0,3,2,0,-2.7346,0.983528,4.33184,0.864957,1272.76
1846,100,0.1,0.2,100,1,500,32,31,0.3,0.3,2.5,0,3,3,0,0.141225,0.982055,0.996113,0.942303,717.882
1847,100,0.1,0.2,100,1,500,32,31,0.3,0.3,2.5,0,0,1,0,-237.174,0.979468,241.246,1.01394,1280.75
1847,100,0.1,0.2,100,1,500,32,31,0.3,0.3,2.5,0,0,2,0,-17.7226,0.977573,18.964,1.10752,2614.7
1847,100,0.1,0.2,100,1,500,32,31,0.3,0.3,2.5,0,0,3,0,0.105037,0.982754,0.906505,0.851636,568.469
1848,100,0.1,0.2,100,1,500,32,31,0.3,0.3,2.5,0,2,1,0,-17608.4,0.978158,16606.6,1.09688,1140.91
1848,100,0.1,0.2,100,1,500,32,31,0.3,0.3,2.5,0,2,2,0,-10.0987,0.980798,10.4667,0.964324,1143.27
1848,100,0.1,0.2,100,1,500,32,31,0.3,0.3,2.5,0,2,3,0,0.102471,0.984313,0.846419,0.787776,664.905
1849,100,0.1,0.2,100,1,500,32,31,0.3,0.5,2.5,1,1,1,0,-3.67501,0.990383,14.7739,1.20367,1225.2
1849,100,0.1,0.2,100,1,500,32,31,0.3,0.5,2.5,1,1,2,0,-1.01727,0.991421,6.37494,1.07379,938.45
1849,100,0.1,0.2,100,1,500,32,31,0.3,0.5,2.5,1,1,3,0,0.691729,0.992889,0.974193,0.890086,807.321
1850,100,0.1,0.2,100,1,500,32,31,0.3,0.5,2.5,1,3,1,0,-2.01002,0.992687,4.3236,0.955973,924.287
1850,100,0.1,0.2,100,1,500,32,31,0.3,0.5,2.5,1,3,2,0,-5.82411,0.992118,9.80219,1.03042,1464.95
1850,100,0.1,0.2,100,1,500,32,31,0.3,0.5,2.5,1,3,3,0,0.365475,0.993625,0.911436,0.833383,678.626
1851,100,0.1,0.2,100,1,500,32,31,0.3,0.5,2.5,1,0,1,0,-5.67053,0.991222,32.4451,1.10617,1197.22
1851,100,0.1,0.2,100,1,500,32,31,0.3,0.5,2.5,1,0,2,0,-1.72502,0.992857,13.2543,0.900226,1185.97
1851,100,0.1,0.2,100,1,500,32,31,0.3,0.5,2.5,1,0,3,0,0.780863,0.992363,1.06587,0.962364,779.69
1852,100,0.1,0.2,100,1,500,32,31,0.3,0.5,2.5,1,2,1,0,-36.4176,0.992195,138.699,0.984863,1203.15
1852,100,0.1,0.2,100,1,500,32,31,0.3,0.5,2.5,1,2,2,0,-2.77057,0.984787,13.9767,1.91968,1218.5
1852,100,0.1,0.2,100,1,500,32,31,0.3,0.5,2.5,1,2,3,0,0.763929,0.993665,0.875065,0.799386,812.206
1853,100,0.1,0.2,100,1,500,32,31,0.3,0.5,2.5,0,1,1,0,-1.69015,0.982043,5.94033,1.08829,1211.03
1853,100,0.1,0.2,100,1,500,32,31,0.3,0.5,2.5,0,1,2,0,-2.01325,0.982914,6.65379,1.03552,605.538
1853,100,0.1,0.2,100,1,500,32,31,0.3,0.5,2.5,0,1,3,0,0.50805,0.983788,1.08631,0.982532,695.329
1854,100,0.1,0.2,100,1,500,32,31,0.3,0.5,2.5,0,3,1,0,-5.36829,0.984585,10.7708,0.974135,909.276
1854,100,0.1,0.2,100,1,500,32,31,0.3,0.5,2.5,0,3,2,0,-2.39905,0.979026,5.74885,1.32544,1206.5
1854,100,0.1,0.2,100,1,500,32,31,0.3,0.5,2.5,0,3,3,0,0.457856,0.987103,0.916935,0.815034,794.218
1855,100,0.1,0.2,100,1,500,32,31,0.3,0.5,2.5,0,0,1,0,-4.2652,0.985833,20.2123,0.962355,1234.46
1855,100,0.1,0.2,100,1,500,32,31,0.3,0.5,2.5,0,0,2,0,-3.35656,0.985744,16.7241,0.968376,1235.98
1855,100,0.1,0.2,100,1,500,32,31,0.3,0.5,2.5,0,0,3,0,0.712133,0.98611,1.10508,0.943506,794.99
1856,100,0.1,0.2,100,1,500,32,31,0.3,0.5,2.5,0,2,1,0,-397.829,0.983679,427.435,1.12589,1216.87
1856,100,0.1,0.2,100,1,500,32,31,0.3,0.5,2.5,0,2,2,0,-558.286,0.986771,599.399,0.912587,1206.92
1856,100,0.1,0.2,100,1,500,32,31,0.3,0.5,2.5,0,2,3,0,0.170392,0.987912,0.88911,0.833897,708.131
1857,100,0.1,0.2,100,1,500,32,31,0.5,0,2.5,1,1,1,0,-5.30998,0.977251,6.96202,0.880494,1206.74
1857,100,0.1,0.2,100,1,500,32,31,0.5,0,2.5,1,1,2,0,-1.98376,0.970519,3.29209,1.14104,310.123
1857,100,0.1,0.2,100,1,500,32,31,0.5,0,2.5,1,1,3,0,0.0832736,0.975769,1.01146,0.937838,602.013
1858,100,0.1,0.2,100,1,500,32,31,0.5,0,2.5,1,3,1,0,-4.59726,0.974811,5.41916,0.977026,604.54
1858,100,0.1,0.2,100,1,500,32,31,0.5,0,2.5,1,3,2,0,-81.6694,0.972532,80.039,1.0654,2902.13
1858,100,0.1,0.2,100,1,500,32,31,0.5,0,2.5,1,3,3,0,0.117651,0.979226,0.854274,0.805748,610.974
1859,100,0.1,0.2,100,1,500,32,31,0.5,0,2.5,1,0,1,0,-6.97617,0.974131,7.79098,0.995377,1255.97
1859,100,0.1,0.2,100,1,500,32,31,0.5,0,2.5,1,0,2,0,-165.856,0.971871,162.982,1.08232,1257.18
1859,100,0.1,0.2,100,1,500,32,31,0.5,0,2.5,1,0,3,0,0.0794155,0.978442,0.899211,0.829471,610.292
1860,100,0.1,0.2,100,1,500,32,31,0.5,0,2.5,1,2,1,0,-615.378,0.974797,718.792,0.957612,1230.41
1860,100,0.1,0.2,100,1,500,32,31,0.5,0,2.5,1,2,2,0,-21.5958,0.973603,26.3502,1.00297,1236.04
1860,100,0.1,0.2,100,1,500,32,31,0.5,0,2.5,1,2,3,0,0.0761881,0.974054,1.07731,0.985842,707.504
1861,100,0.1,0.2,100,1,500,32,31,0.5,0,2.5,0,1,1,0,-4.15978,0.974937,5.56954,0.979439,941.82
1861,100,0.1,0.2,100,1,500,32,31,0.5,0,2.5,0,1,2,0,-4.73553,0.974836,6.19102,0.983373,632.49
1861,100,0.1,0.2,100,1,500,32,31,0.5,0,2.5,0,1,3,0,0.13164,0.977846,0.937321,0.865735,698.892
1862,100,0.1,0.2,100,1,500,32,31,0.5,0,2.5,0,3,1,0,-2.88145,0.972226,4.59758,1.07916,912.598
1862,100,0.1,0.2,100,1,500,32,31,0.5,0,2.5,0,3,2,0,-5.60238,0.975271,7.82052,0.960845,1198.93
1862,100,0.1,0.2,100,1,500,32,31,0.5,0,2.5,0,3,3,0,0.143159,0.975357,1.01493,0.9575,705.866
1863,100,0.1,0.2,100,1,500,32,31,0.5,0,2.5,0,0,1,0,-597077,0.975489,1.08401e+06,0.956411,1238.46
1863,100,0.1,0.2,100,1,500,32,31,0.5,0,2.5,0,0,2,0,-4.48275,0.973776,9.95407,1.02326,1238.59
1863,100,0.1,0.2,100,1,500,32,31,0.5,0,2.5,0,0,3,0,0.434757,0.977669,1.02621,0.871339,685.983
1864,100,0.1,0.2,100,1,500,32,31,0.5,0,2.5,0,2,1,0,-33.2268,0.976358,39.765,0.918735,1135.1
1864,100,0.1,0.2,100,1,500,32,31,0.5,0,2.5,0,2,2,0,-2.40359,0.974653,3.95432,0.985007,1130.59
1864,100,0.1,0.2,100,1,500,32,31,0.5,0,2.5,0,2,3,0,0.220722,0.979193,0.905373,0.808563,655.901
1865,100,0.1,0.2,100,1,500,32,31,0.5,0.1,2.5,1,1,1,0,-3.38983,0.983453,5.45553,0.988753,584.569
1865,100,0.1,0.2,100,1,500,32,31,0.5,0.1,2.5,1,1,2,0,-14.3656,0.983183,19.0958,1.0049,1540.82
1865,100,0.1,0.2,100,1,500,32,31,0.5,0.1,2.5,1,1,3,0,0.194726,0.984172,1.00077,0.945763,699.358
1866,100,0.1,0.2,100,1,500,32,31,0.5,0.1,2.5,1,3,1,0,-5892.38,0.983432,7465.27,0.961876,1210.48
1866,100,0.1,0.2,100,1,500,32,31,0.5,0.1,2.5,1,3,2,0,-7.27709,0.982576,10.4848,1.01158,905.166
1866,100,0.1,0.2,100,1,500,32,31,0.5,0.1,2.5,1,3,3,0,0.257715,0.985166,0.940268,0.861241,696.867
1867,100,0.1,0.2,100,1,500,32,31,0.5,0.1,2.5,1,0,1,0,-34.338,0.980719,39.7515,1.06197,1236.29
1867,100,0.1,0.2,100,1,500,32,31,0.5,0.1,2.5,1,0,2,0,-399.11,0.97507,450.082,1.37313,1227.98
1867,100,0.1,0.2,100,1,500,32,31,0.5,0.1,2.5,1,0,3,0,0.132314,0.983671,0.976054,0.899419,695.615
1868,100,0.1,0.2,100,1,500,32,31,0.5,0.1,2.5,1,2,1,0,-24.1261,0.981628,26.4743,1.09901,1208.01
1868,100,0.1,0.2,100,1,500,32,31,0.5,0.1,2.5,1,2,2,0,-14.7665,0.985069,16.6126,0.893164,1207.68
1868,100,0.1,0.2,100,1,500,32,31,0.5,0.1,2.5,1,2,3,0,0.0642121,0.984532,0.986003,0.925338,709.479
1869,100,0.1,0.2,100,1,500,32,31,0.5,0.1,2.5,0,1,1,0,-1.25877,0.977683,2.93292,1.03408,307.519
1869,100,0.1,0.2,100,1,500,32,31,0.5,0.1,2.5,0,1,2,0,-3.52652,0.972726,5.8775,1.26374,2044.1
1869,100,0.1,0.2,100,1,500,32,31,0.5,0.1,2.5,0,1,3,0,0.292933,0.982217,0.918099,0.823998,697.989
1870,100,0.1,0.2,100,1,500,32,31,0.5,0.1,2.5,0,3,1,0,-5.92976,0.979248,7.09628,0.876759,606.014
1870,100,0.1,0.2,100,1,500,32,31,0.5,0.1,2.5,0,3,2,0,-6.52706,0.975037,7.70793,1.05471,1226.03
1870,100,0.1,0.2,100,1,500,32,31,0.5,0.1,2.5,0,3,3,0,0.0401784,0.977889,0.982885,0.934204,598.314
1871,100,0.1,0.2,100,1,500,32,31,0.5,0.1,2.5,0,0,1,0,-389.503,0.978402,373.298,0.934455,1239.95
1871,100,0.1,0.2,100,1,500,32,31,0.5,0.1,2.5,0,0,2,0,-550.254,0.975319,526.967,1.06784,1235.79
1871,100,0.1,0.2,100,1,500,32,31,0.5,0.1,2.5,0,0,3,0,0.0668981,0.980943,0.891992,0.824516,600.829
1872,100,0.1,0.2,100,1,500,32,31,0.5,0.1,2.5,0,2,1,0,-50.3293,0.977273,68.4222,1.00029,1211.6
1872,100,0.1,0.2,100,1,500,32,31,0.5,0.1,2.5,0,2,2,0,-66.9986,0.978298,90.6425,0.955209,1127.79
1872,100,0.1,0.2,100,1,500,32,31,0.5,0.1,2.5,0,2,3,0,0.325941,0.981644,0.898525,0.807918,653.324
1873,100,0.1,0.2,100,1,500,32,31,0.5,0.3,2.5,1,1,1,0,-2.25568,0.989707,3.11514,1.03626,289.353
1873,100,0.1,0.2,100,1,500,32,31,0.5,0.3,2.5,1,1,2,0,-5.94747,0.991622,6.64757,0.84345,849.457
1873,100,0.1,0.2,100,1,500,32,31,0.5,0.3,2.5,1,1,3,0,0.0598506,0.991525,0.899567,0.853236,564.915
1874,100,0.1,0.2,100,1,500,32,31,0.5,0.3,2.5,1,3,1,0,-2.05867,0.990725,5.66332,0.916054,289.995
1874,100,0.1,0.2,100,1,500,32,31,0.5,0.3,2.5,1,3,2,0,-0.443751,0.990784,2.67319,0.910164,295.733
1874,100,0.1,0.2,100,1,500,32,31,0.5,0.3,2.5,1,3,3,0,0.501674,0.991339,0.92268,0.855394,813.374
1875,100,0.1,0.2,100,1,500,32,31,0.5,0.3,2.5,1,0,1,0,-895.684,0.987831,929.777,1.04817,1237.5
1875,100,0.1,0.2,100,1,500,32,31,0.5,0.3,2.5,1,0,2,0,-7.36415,0.986494,8.67284,1.16331,1237.59
1875,100,0.1,0.2,100,1,500,32,31,0.5,0.3,2.5,1,0,3,0,0.201156,0.991163,0.828326,0.761148,700.577
1876,100,0.1,0.2,100,1,500,32,31,0.5,0.3,2.5,1,2,1,0,-78.0926,0.970813,205.311,2.36974,1206.11
1876,100,0.1,0.2,100,1,500,32,31,0.5,0.3,2.5,1,2,2,0,-12.6878,0.986713,35.5313,1.07881,1209.08
1876,100,0.1,0.2,100,1,500,32,31,0.5,0.3,2.5,1,2,3,0,0.628508,0.989048,0.96433,0.88921,796.077
1877,100,0.1,0.2,100,1,500,32,31,0.5,0.3,2.5,0,1,1,0,-3.21522,0.974586,4.1088,1.33274,307.008
1877,100,0.1,0.2,100,1,500,32,31,0.5,0.3,2.5,0,1,2,0,-4.28763,0.981239,5.15412,0.983835,618.799
1877,100,0.1,0.2,100,1,500,32,31,0.5,0.3,2.5,0,1,3,0,0.108286,0.984729,0.8692,0.800827,599.305
1878,100,0.1,0.2,100,1,500,32,31,0.5,0.3,2.5,0,3,1,0,-6.51347,0.982353,8.72557,0.957512,1206.07
1878,100,0.1,0.2,100,1,500,32,31,0.5,0.3,2.5,0,3,2,0,-6.81203,0.982179,9.0723,0.966981,922.247
1878,100,0.1,0.2,100,1,500,32,31,0.5,0.3,2.5,0,3,3,0,0.203837,0.98446,0.924603,0.843206,697.463
1879,100,0.1,0.2,100,1,500,32,31,0.5,0.3,2.5,0,0,1,0,-140.043,0.9802,226.443,1.16296,1232.57
1879,100,0.1,0.2,100,1,500,32,31,0.5,0.3,2.5,0,0,2,0,-25.2662,0.981393,42.1701,1.09289,1228.3
1879,100,0.1,0.2,100,1,500,32,31,0.5,0.3,2.5,0,0,3,0,0.422272,0.985565,0.927536,0.847837,696.22
1880,100,0.1,0.2,100,1,500,32,31,0.5,0.3,2.5,0,2,1,0,-8.21494,0.98241,16.4368,0.994214,1204.34
1880,100,0.1,0.2,100,1,500,32,31,0.5,0.3,2.5,0,2,2,0,-125.015,0.973015,224.775,1.52518,1217.47
1880,100,0.1,0.2,100,1,500,32,31,0.5,0.3,2.5,0,2,3,0,0.365185,0.981613,1.13233,1.03922,696.31
1881,100,0.1,0.2,100,1,500,32,31,0.5,0.5,2.5,1,1,1,0,-4.60628,0.993391,26.3946,0.884381,913.853
1881,100,0.1,0.2,100,1,500,32,31,0.5,0.5,2.5,1,1,2,0,0.215483,0.992217,3.69353,1.04152,938.394
1881,100,0.1,0.2,100,1,500,32,31,0.5,0.5,2.5,1,1,3,0,0.78972,0.99339,0.990005,0.884535,2417.96
1882,100,0.1,0.2,100,1,500,32,31,0.5,0.5,2.5,1,3,1,0,-0.122861,0.989852,4.12825,1.08138,920.261
1882,100,0.1,0.2,100,1,500,32,31,0.5,0.5,2.5,1,3,2,0,-0.872936,0.990821,6.88595,0.978116,1250.66
1882,100,0.1,0.2,100,1,500,32,31,0.5,0.5,2.5,1,3,3,0,0.725605,0.991735,1.00883,0.8807,808.443
1883,100,0.1,0.2,100,1,500,32,31,0.5,0.5,2.5,1,0,1,0,-20.2727,0.991584,68.5079,1.04265,1241.71
1883,100,0.1,0.2,100,1,500,32,31,0.5,0.5,2.5,1,0,2,0,-0.691786,0.993294,5.44833,0.830765,1242.44
1883,100,0.1,0.2,100,1,500,32,31,0.5,0.5,2.5,1,0,3,0,0.71585,0.993269,0.915094,0.833914,797.833
1884,100,0.1,0.2,100,1,500,32,31,0.5,0.5,2.5,1,2,1,0,-1.66472,0.987758,12.5469,1.11492,1208.56
1884,100,0.1,0.2,100,1,500,32,31,0.5,0.5,2.5,1,2,2,0,-45.7946,0.988221,220.333,1.07272,1201.09
1884,100,0.1,0.2,100,1,500,32,31,0.5,0.5,2.5,1,2,3,0,0.804072,0.991129,0.92253,0.807883,796.079
1885,100,0.1,0.2,100,1,500,32,31,0.5,0.5,2.5,0,1,1,0,-0.0786782,0.984805,7.79301,1.13786,603.917
1885,100,0.1,0.2,100,1,500,32,31,0.5,0.5,2.5,0,1,2,0,0.210933,0.9873,5.70069,0.951026,922.759
1885,100,0.1,0.2,100,1,500,32,31,0.5,0.5,2.5,0,1,3,0,0.858777,0.989388,1.02028,0.794617,792.287
1886,100,0.1,0.2,100,1,500,32,31,0.5,0.5,2.5,0,3,1,0,-131.906,0.986845,135.493,0.923181,907.522
1886,100,0.1,0.2,100,1,500,32,31,0.5,0.5,2.5,0,3,2,0,-10.7211,0.987248,11.9493,0.894932,1533.13
1886,100,0.1,0.2,100,1,500,32,31,0.5,0.5,2.5,0,3,3,0,0.080876,0.987691,0.937014,0.863799,661.951
1887,100,0.1,0.2,100,1,500,32,31,0.5,0.5,2.5,0,0,1,0,-26.1809,0.985599,77.5744,1.01673,1173.38
1887,100,0.1,0.2,100,1,500,32,31,0.5,0.5,2.5,0,0,2,0,-1.51237,0.98603,7.17033,0.986294,1169.58
1887,100,0.1,0.2,100,1,500,32,31,0.5,0.5,2.5,0,0,3,0,0.670831,0.988067,0.93945,0.842496,659.283
1888,100,0.1,0.2,100,1,500,32,31,0.5,0.5,2.5,0,2,1,0,-2.39274,0.986975,7.90483,0.852826,1139.66
1888,100,0.1,0.2,100,1,500,32,31,0.5,0.5,2.5,0,2,2,0,-35.8599,0.984067,85.8808,1.04324,1138.1
1888,100,0.1,0.2,100,1,500,32,31,0.5,0.5,2.5,0,2,3,0,0.609588,0.987473,0.909633,0.820229,560.755
1889,100,0.1,0.2,100,100,500,2,1,0,0,2.5,1,1,1,0,1,1,1.90731e-31,1.20931e-16,44.1897
1889,100,0.1,0.2,100,100,500,2,1,0,0,2.5,1,1,2,0,1,1,1.90731e-31,1.14825e-16,43.6278
1889,100,0.1,0.2,100,100,500,2,1,0,0,2.5,1,1,3,0,1,1,6.14073e-18,-1.21014e-16,16.9338
1890,100,0.1,0.2,100,100,500,2,1,0,0,2.5,1,3,1,0,1,1,4.84975e-29,2.22045e-18,39.7931
1890,100,0.1,0.2,100,100,500,2,1,0,0,2.5,1,3,2,0,1,1,4.84975e-29,2.22045e-18,40.3406
1890,100,0.1,0.2,100,100,500,2,1,0,0,2.5,1,3,3,0,1,1,6.55513e-18,-1.88738e-17,8.61339
1891,100,0.1,0.2,100,100,500,2,1,0,0,2.5,1,0,1,0,1,1,7.14002e-30,-3.97293e-16,196.952
1891,100,0.1,0.2,100,100,500,2,1,0,0,2.5,1,0,2,0,1,1,4.91771e-30,1.21847e-17,198.232
1891,100,0.1,0.2,100,100,500,2,1,0,0,2.5,1,0,3,0,1,1,3.80297e-21,2.3978e-16,7.36772
1892,100,0.1,0.2,100,100,500,2,1,0,0,2.5,1,2,1,0,1,1,3.07258e-30,1.41553e-17,192.84
1892,100,0.1,0.2,100,100,500,2,1,0,0,2.5,1,2,2,0,1,1,1.43675e-30,-1.8241e-16,191.17
1892,100,0.1,0.2,100,100,500,2,1,0,0,2.5,1,2,3,0,1,1,5.30655e-26,-2.42306e-16,6.99962
1893,100,0.1,0.2,100,100,500,2,1,0,0,2.5,0,1,1,0,1,1,4.48362e-31,-1.88398e-16,43.2417
1893,100,0.1,0.2,100,100,500,2,1,0,0,2.5,0,1,2,0,1,1,4.62123e-31,-1.88984e-16,43.3425
1893,100,0.1,0.2,100,100,500,2,1,0,0,2.5,0,1,3,0,1,1,9.87103e-18,6.38344e-17,5.81715
1894,100,0.1,0.2,100,100,500,2,1,0,0,2.5,0,3,1,0,1,1,1.09554e-27,-2.40696e-16,42.8044
1894,100,0.1,0.2,100,100,500,2,1,0,0,2.5,0,3,2,0,1,1,1.09554e-27,-2.40696e-16,42.8872
1894,100,0.1,0.2,100,100,500,2,1,0,0,2.5,0,3,3,0,1,1,9.10519e-17,-5.89528e-16,9.43367
1895,100,0.1,0.2,100,100,500,2,1,0,0,2.5,0,0,1,0,1,1,1.2411e-30,1.97942e-16,210.101
1895,100,0.1,0.2,100,100,500,2,1,0,0,2.5,0,0,2,0,1,1,4.23102e-31,-1.36068e-16,211.474
1895,100,0.1,0.2,100,100,500,2,1,0,0,2.5,0,0,3,0,1,1,3.19838e-18,-5.84081e-18,5.87621
1896,100,0.1,0.2,100,100,500,2,1,0,0,2.5,0,2,1,0,1,1,9.98906e-30,-2.71339e-16,205.196
1896,100,0.1,0.2,100,100,500,2,1,0,0,2.5,0,2,2,0,1,1,6.25644e-30,-1.31728e-16,204.622
1896,100,0.1,0.2,100,100,500,2,1,0,0,2.5,0,2,3,0,1,1,6.90267e-22,-2.02949e-16,7.68108
1897,100,0.1,0.2,100,100,500,2,1,0,0.1,2.5,1,1,1,0,-26.3365,0.597181,25.797,0.6125,39.7441
1897,100,0.1,0.2,100,100,500,2,1,0,0.1,2.5,1,1,2,0,-26.3365,0.597181,25.797,0.6125,40.1713
1897,100,0.1,0.2,100,100,500,2,1,0,0.1,2.5,1,1,3,0,0.0216023,0.411351,0.923297,0.895061,9.48714
1898,100,0.1,0.2,100,100,500,2,1,0,0.1,2.5,1,3,1,0,-0.0137226,0.605195,0.619743,0.6125,37.6228
1898,100,0.1,0.2,100,100,500,2,1,0,0.1,2.5,1,3,2,0,-0.0137226,0.605195,0.619743,0.6125,37.7194
1898,100,0.1,0.2,100,100,500,2,1,0,0.1,2.5,1,3,3,0,-0.00380868,0.606201,0.613682,0.610941,7.58043
1899,100,0.1,0.2,100,100,500,2,1,0,0.1,2.5,1,0,1,0,-0.268973,0.645063,0.84877,0.559926,186.353
1899,100,0.1,0.2,100,100,500,2,1,0,0.1,2.5,1,0,2,0,-0.320699,0.643416,0.883368,0.562524,184.545
1899,100,0.1,0.2,100,100,500,2,1,0,0.1,2.5,1,0,3,0,-0.0260937,0.649119,0.686317,0.553528,11.0445
1900,100,0.1,0.2,100,100,500,2,1,0,0.1,2.5,1,2,1,0,0.0146832,0.612408,0.601052,0.597327,180.376
1900,100,0.1,0.2,100,100,500,2,1,0,0.1,2.5,1,2,2,0,0.0131317,0.610679,0.601998,0.59999,180.023
1900,100,0.1,0.2,100,100,500,2,1,0,0.1,2.5,1,2,3,0,0.0161264,0.61304,0.600172,0.596352,7.51633
1901,100,0.1,0.2,100,100,500,2,1,0,0.1,2.5,0,1,1,0,-7.04194,0.835575,8.10312,0.202289,40.0344
1901,100,0.1,0.2,100,100,500,2,1,0,0.1,2.5,0,1,2,0,-11.3729,0.835059,12.467,0.202923,40.7144
1901,100,0.1,0.2,100,100,500,2,1,0,0.1,2.5,0,1,3,0,0.0698375,0.492479,0.937239,0.624393,12.5487
1902,100,0.1,0.2,100,100,500,2,1,0,0.1,2.5,0,3,1,0,0.0957728,0.803237,0.66514,0.260573,39.3331
1902,100,0.1,0.2,100,100,500,2,1,0,0.1,2.5,0,3,2,0,0.0957728,0.803237,0.66514,0.260573,38.634
1902,100,0.1,0.2,100,100,500,2,1,0,0.1,2.5,0,3,3,0,0.328573,0.798653,0.493895,0.266643,10.9736
1903,100,0.1,0.2,100,100,500,2,1,0,0.1,2.5,0,0,1,0,-0.00450334,0.776461,0.295825,0.286161,187.484
1903,100,0.1,0.2,100,100,500,2,1,0,0.1,2.5,0,0,2,0,-0.00540997,0.776145,0.296092,0.286566,184.925
1903,100,0.1,0.2,100,100,500,2,1,0,0.1,2.5,0,0,3,0,0.0345403,0.78214,0.284327,0.278892,5.88762
1904,100,0.1,0.2,100,100,500,2,1,0,0.1,2.5,0,2,1,0,0.181254,0.820236,0.239266,0.216487,184.037
1904,100,0.1,0.2,100,100,500,2,1,0,0.1,2.5,0,2,2,0,0.169652,0.818889,0.242656,0.21811,183.005
1904,100,0.1,0.2,100,100,500,2,1,0,0.1,2.5,0,2,3,0,0.197216,0.820153,0.234601,0.216587,7.73541
1905,100,0.1,0.2,100,100,500,2,1,0,0.3,2.5,1,1,1,0,-4.31084,0.311893,6.10025,1.88363,33.4453
1905,100,0.1,0.2,100,100,500,2,1,0,0.3,2.5,1,1,2,0,-4.35631,0.306026,6.15248,1.89969,32.4646
1905,100,0.1,0.2,100,100,500,2,1,0,0.3,2.5,1,1,3,0,0.0944221,0.641815,1.04018,0.9805,10.722
1906,100,0.1,0.2,100,100,500,2,1,0,0.3,2.5,1,3,1,0,-0.349988,0.364076,2.26157,1.85,29.1528
1906,100,0.1,0.2,100,100,500,2,1,0,0.3,2.5,1,3,2,0,-0.349988,0.364076,2.26157,1.85,30.3144
1906,100,0.1,0.2,100,100,500,2,1,0,0.3,2.5,1,3,3,0,0.0237633,0.440527,1.63544,1.62759,12.6195
1907,100,0.1,0.2,100,100,500,2,1,0,0.3,2.5,1,0,1,0,-0.0443448,0.364115,1.54279,1.52471,153.344
1907,100,0.1,0.2,100,100,500,2,1,0,0.3,2.5,1,0,2,0,-0.0570335,0.363923,1.56154,1.52517,156.643
1907,100,0.1,0.2,100,100,500,2,1,0,0.3,2.5,1,0,3,0,-0.00969974,0.378777,1.49161,1.48955,7.53969
1908,100,0.1,0.2,100,100,500,2,1,0,0.3,2.5,1,2,1,0,-2.26611,0.335754,4.03281,1.70706,150.15
1908,100,0.1,0.2,100,100,500,2,1,0,0.3,2.5,1,2,2,0,-2.17055,0.334299,3.91481,1.7108,148.244
1908,100,0.1,0.2,100,100,500,2,1,0,0.3,2.5,1,2,3,0,0.0860576,0.590832,1.12848,1.05153,10.9346
1909,100,0.1,0.2,100,100,500,2,1,0,0.3,2.5,0,1,1,0,-0.335425,0.616693,0.925096,0.569508,34.8837
1909,100,0.1,0.2,100,100,500,2,1,0,0.3,2.5,0,1,2,0,-0.351252,0.611644,0.93606,0.57701,34.2492
1909,100,0.1,0.2,100,100,500,2,1,0,0.3,2.5,0,1,3,0,0.067564,0.618375,0.645931,0.56701,10.8786
1910,100,0.1,0.2,100,100,500,2,1,0,0.3,2.5,0,3,1,0,-4002.81,0.586897,4016.49,0.672497,30.8537
1910,100,0.1,0.2,100,100,500,2,1,0,0.3,2.5,0,3,2,0,-320.348,0.583033,322.366,0.678787,32.2076
1910,100,0.1,0.2,100,100,500,2,1,0,0.3,2.5,0,3,3,0,0.00988273,0.398841,0.993254,0.978635,9.29493
1911,100,0.1,0.2,100,100,500,2,1,0,0.3,2.5,0,0,1,0,-21.1866,0.551521,21.0269,0.737641,155.042
1911,100,0.1,0.2,100,100,500,2,1,0,0.3,2.5,0,0,2,0,-15.1836,0.532107,15.3377,0.769572,150.531
1911,100,0.1,0.2,100,100,500,2,1,0,0.3,2.5,0,0,3,0,0.000810662,0.425129,0.946964,0.945526,9.50867
1912,100,0.1,0.2,100,100,500,2,1,0,0.3,2.5,0,2,1,0,-397.145,0.58856,376.091,0.653949,147.29
1912,100,0.1,0.2,100,100,500,2,1,0,0.3,2.5,0,2,2,0,-141011,0.575817,133201,0.674203,156.238
1912,100,0.1,0.2,100,100,500,2,1,0,0.3,2.5,0,2,3,0,0.0020121,0.409457,0.942706,0.938617,7.83949
1913,100,0.1,0.2,100,100,500,2,1,0,0.5,2.5,1,1,1,0,-54.9835,0.373778,58.0071,1.66978,31.2228
1913,100,0.1,0.2,100,100,500,2,1,0,0.5,2.5,1,1,2,0,-100.949,-0.0442018,105.634,2.7843,31.6036
1913,100,0.1,0.2,100,100,500,2,1,0,0.5,2.5,1,1,3,0,0.0124371,0.618741,1.02326,1.0166,9.24099
1914,100,0.1,0.2,100,100,500,2,1,0,0.5,2.5,1,3,1,0,-0.0957959,0.168597,3.55705,3.54138,25.1811
1914,100,0.1,0.2,100,100,500,2,1,0,0.5,2.5,1,3,2,0,-0.00549953,0.237107,3.26394,3.24956,24.4138
1914,100,0.1,0.2,100,100,500,2,1,0,0.5,2.5,1,3,3,0,0.00195431,0.242408,3.23974,3.22698,11.0211
1915,100,0.1,0.2,100,100,500,2,1,0,0.5,2.5,1,0,1,0,-9.53238,0.304846,14.0711,2.35984,128.869
1915,100,0.1,0.2,100,100,500,2,1,0,0.5,2.5,1,0,2,0,-9.54424,0.212962,14.0869,2.67176,132.817
1915,100,0.1,0.2,100,100,500,2,1,0,0.5,2.5,1,0,3,0,0.104427,0.672783,1.19647,1.11081,11.0371
1916,100,0.1,0.2,100,100,500,2,1,0,0.5,2.5,1,2,1,0,-1.8147,0.228954,6.12039,3.31188,125.089
1916,100,0.1,0.2,100,100,500,2,1,0,0.5,2.5,1,2,2,0,-2.14999,0.232243,6.84946,3.29775,123.262
1916,100,0.1,0.2,100,100,500,2,1,0,0.5,2.5,1,2,3,0,0.286715,0.72426,1.551,1.18439,12.6351
1917,100,0.1,0.2,100,100,500,2,1,0,0.5,2.5,0,1,1,0,-0.273962,0.474591,1.11584,1.02696,27.3909
1917,100,0.1,0.2,100,100,500,2,1,0,0.5,2.5,0,1,2,0,-0.680459,0.425111,1.47189,1.12367,28.1749
1917,100,0.1,0.2,100,100,500,2,1,0,0.5,2.5,0,1,3,0,-0.00337359,0.551615,0.878838,0.876405,10.947
1918,100,0.1,0.2,100,100,500,2,1,0,0.5,2.5,0,3,1,0,-0.590667,0.468605,1.38636,0.930059,26.7675
1918,100,0.1,0.2,100,100,500,2,1,0,0.5,2.5,0,3,2,0,-1.64353,0.407052,2.304,1.03779,26.9176
1918,100,0.1,0.2,100,100,500,2,1,0,0.5,2.5,0,3,3,0,0.00948861,0.511747,0.863289,0.85455,9.37082
1919,100,0.1,0.2,100,100,500,2,1,0,0.5,2.5,0,0,1,0,-0.108081,0.497931,0.992402,0.987788,130.2
1919,100,0.1,0.2,100,100,500,2,1,0,0.5,2.5,0,0,2,0,-0.0639193,0.518555,0.95285,0.94721,131.193
1919,100,0.1,0.2,100,100,500,2,1,0,0.5,2.5,0,0,3,0,0.00229528,0.547409,0.893548,0.890442,9.18239
1920,100,0.1,0.2,100,100,500,2,1,0,0.5,2.5,0,2,1,0,-0.107068,0.512398,0.912391,0.895609,130.965
1920,100,0.1,0.2,100,100,500,2,1,0,0.5,2.5,0,2,2,0,-1.04381,0.446381,1.68441,1.01687,135.154
1920,100,0.1,0.2,100,100,500,2,1,0,0.5,2.5,0,2,3,0,0.00109777,0.551913,0.823246,0.823029,10.9086
1921,100,0.1,0.2,100,100,500,2,1,0.1,0,2.5,1,1,1,0,0.769989,0.972134,0.217702,0.0284636,30.7412
1921,100,0.1,0.2,100,100,500,2,1,0.1,0,2.5,1,1,2,0,0.772264,0.973367,0.215549,0.0272035,32.0547
1921,100,0.1,0.2,100,100,500,2,1,0.1,0,2.5,1,1,3,0,0.841355,0.987339,0.150155,0.0129326,7.56921
1922,100,0.1,0.2,100,100,500,2,1,0.1,0,2.5,1,3,1,0,0.955359,0.989445,0.0171007,0.011263,37.2528
1922,100,0.1,0.2,100,100,500,2,1,0.1,0,2.5,1,3,2,0,0.942086,0.985919,0.022185,0.015025,37.4403
1922,100,0.1,0.2,100,100,500,2,1,0.1,0,2.5,1,3,3,0,0.956276,0.989778,0.0167493,0.0109075,5.84873
1923,100,0.1,0.2,100,100,500,2,1,0.1,0,2.5,1,0,1,0,0.945798,0.989923,0.0140892,0.0106303,193.059
1923,100,0.1,0.2,100,100,500,2,1,0.1,0,2.5,1,0,2,0,0.943072,0.989602,0.0147977,0.0109688,186.405
1923,100,0.1,0.2,100,100,500,2,1,0.1,0,2.5,1,0,3,0,0.947418,0.990108,0.013668,0.0104354,5.88864
1924,100,0.1,0.2,100,100,500,2,1,0.1,0,2.5,1,2,1,0,0.92781,0.99052,0.0107707,0.00922418,186.335
1924,100,0.1,0.2,100,100,500,2,1,0.1,0,2.5,1,2,2,0,0.927544,0.990439,0.0108104,0.00930249,186.039
1924,100,0.1,0.2,100,100,500,2,1,0.1,0,2.5,1,2,3,0,0.927853,0.990529,0.0107643,0.00921564,6.10138
1925,100,0.1,0.2,100,100,500,2,1,0.1,0,2.5,0,1,1,0,-0.0174773,0.875824,0.297827,0.126787,39.0901
1925,100,0.1,0.2,100,100,500,2,1,0.1,0,2.5,0,1,2,0,0.441056,0.918673,0.163609,0.0830372,40.391
1925,100,0.1,0.2,100,100,500,2,1,0.1,0,2.5,0,1,3,0,0.951705,0.989985,0.0141365,0.0102254,5.83423
1926,100,0.1,0.2,100,100,500,2,1,0.1,0,2.5,0,3,1,0,0.826825,0.990005,0.0113358,0.0105996,38.7131
1926,100,0.1,0.2,100,100,500,2,1,0.1,0,2.5,0,3,2,0,0.823888,0.98982,0.0115281,0.010796,40.4929
1926,100,0.1,0.2,100,100,500,2,1,0.1,0,2.5,0,3,3,0,0.844787,0.990924,0.0101601,0.00962515,5.90688
1927,100,0.1,0.2,100,100,500,2,1,0.1,0,2.5,0,0,1,0,0.878561,0.989988,0.114603,0.010469,187.618
1927,100,0.1,0.2,100,100,500,2,1,0.1,0,2.5,0,0,2,0,0.864004,0.989567,0.128341,0.0109091,184.997
1927,100,0.1,0.2,100,100,500,2,1,0.1,0,2.5,0,0,3,0,0.887461,0.988981,0.106204,0.0115215,6.14241
1928,100,0.1,0.2,100,100,500,2,1,0.1,0,2.5,0,2,1,0,0.957355,0.989891,0.0157745,0.0105111,183.235
1928,100,0.1,0.2,100,100,500,2,1,0.1,0,2.5,0,2,2,0,0.94868,0.988498,0.0189834,0.01196,182.398
1928,100,0.1,0.2,100,100,500,2,1,0.1,0,2.5,0,2,3,0,0.958472,0.990339,0.0153614,0.0100449,5.93933
1929,100,0.1,0.2,100,100,500,2,1,0.1,0.1,2.5,1,1,1,0,-1.41825,0.603265,1.79674,0.625295,36.3244
1929,100,0.1,0.2,100,100,500,2,1,0.1,0.1,2.5,1,1,2,0,-1.54386,0.596022,1.89007,0.636711,36.833
1929,100,0.1,0.2,100,100,500,2,1,0.1,0.1,2.5,1,1,3,0,-0.0741345,0.631915,0.798073,0.58014,12.6927
1930,100,0.1,0.2,100,100,500,2,1,0.1,0.1,2.5,1,3,1,0,-3.56776,0.58877,4.34833,0.680813,29.7778
1930,100,0.1,0.2,100,100,500,2,1,0.1,0.1,2.5,1,3,2,0,-5.0146,0.587366,5.72567,0.683138,31.2506
1930,100,0.1,0.2,100,100,500,2,1,0.1,0.1,2.5,1,3,3,0,-0.00477708,0.461294,0.95651,0.891857,21.9088
1931,100,0.1,0.2,100,100,500,2,1,0.1,0.1,2.5,1,0,1,0,-1.54969,0.631533,2.25034,0.553282,177.534
1931,100,0.1,0.2,100,100,500,2,1,0.1,0.1,2.5,1,0,2,0,-1.49491,0.635442,2.20199,0.547411,172.152
1931,100,0.1,0.2,100,100,500,2,1,0.1,0.1,2.5,1,0,3,0,-0.185946,0.587592,1.04671,0.619261,19.7524
1932,100,0.1,0.2,100,100,500,2,1,0.1,0.1,2.5,1,2,1,0,-2.59205,0.657171,3.36086,0.53559,167.768
1932,100,0.1,0.2,100,100,500,2,1,0.1,0.1,2.5,1,2,2,0,-2.76006,0.656108,3.51805,0.537251,168.371
1932,100,0.1,0.2,100,100,500,2,1,0.1,0.1,2.5,1,2,3,0,-0.0436867,0.581796,0.976511,0.653347,28.7244
1933,100,0.1,0.2,100,100,500,2,1,0.1,0.1,2.5,0,1,1,0,0.0973655,0.746354,0.445331,0.342648,35.7951
1933,100,0.1,0.2,100,100,500,2,1,0.1,0.1,2.5,0,1,2,0,0.1532,0.741406,0.417783,0.349333,36.5517
1933,100,0.1,0.2,100,100,500,2,1,0.1,0.1,2.5,0,1,3,0,0.172779,0.7426,0.408124,0.34772,9.51133
1934,100,0.1,0.2,100,100,500,2,1,0.1,0.1,2.5,0,3,1,0,-0.958612,0.799603,1.82185,0.243746,29.4126
1934,100,0.1,0.2,100,100,500,2,1,0.1,0.1,2.5,0,3,2,0,-0.792749,0.795547,1.66757,0.248679,30.1276
1934,100,0.1,0.2,100,100,500,2,1,0.1,0.1,2.5,0,3,3,0,-0.0148211,0.741851,0.943961,0.31399,21.8428
1935,100,0.1,0.2,100,100,500,2,1,0.1,0.1,2.5,0,0,1,0,0.377321,0.833545,0.339102,0.182147,178.46
1935,100,0.1,0.2,100,100,500,2,1,0.1,0.1,2.5,0,0,2,0,0.377929,0.834106,0.338771,0.181533,1954.65
1935,100,0.1,0.2,100,100,500,2,1,0.1,0.1,2.5,0,0,3,0,0.431975,0.827339,0.309338,0.188939,9.58423
1936,100,0.1,0.2,100,100,500,2,1,0.1,0.1,2.5,0,2,1,0,0.410332,0.853536,0.25052,0.174028,179.741
1936,100,0.1,0.2,100,100,500,2,1,0.1,0.1,2.5,0,2,2,0,0.414671,0.851702,0.248676,0.176206,175.564
1936,100,0.1,0.2,100,100,500,2,1,0.1,0.1,2.5,0,2,3,0,0.465142,0.854525,0.227234,0.172852,7.86932
1937,100,0.1,0.2,100,100,500,2,1,0.1,0.3,2.5,1,1,1,0,-0.0780899,0.408776,1.4456,1.38415,29.4487
1937,100,0.1,0.2,100,100,500,2,1,0.1,0.3,2.5,1,1,2,0,-0.543069,0.133204,2.06908,2.02931,30.9896
1937,100,0.1,0.2,100,100,500,2,1,0.1,0.3,2.5,1,1,3,0,-0.0690618,0.387724,1.43349,1.43344,9.49296
1938,100,0.1,0.2,100,100,500,2,1,0.1,0.3,2.5,1,3,1,0,-0.687726,0.605291,2.729,1.11787,28.9363
1938,100,0.1,0.2,100,100,500,2,1,0.1,0.3,2.5,1,3,2,0,-0.764038,0.599361,2.85239,1.13467,29.8646
1938,100,0.1,0.2,100,100,500,2,1,0.1,0.3,2.5,1,3,3,0,0.0810321,0.513636,1.48594,1.37745,14.766
1939,100,0.1,0.2,100,100,500,2,1,0.1,0.3,2.5,1,0,1,0,-0.618835,0.326447,2.91858,1.92949,141.214
1939,100,0.1,0.2,100,100,500,2,1,0.1,0.3,2.5,1,0,2,0,-0.811408,0.325505,3.26577,1.93219,141.152
1939,100,0.1,0.2,100,100,500,2,1,0.1,0.3,2.5,1,0,3,0,0.0669766,0.442007,1.68214,1.59845,14.8769
1940,100,0.1,0.2,100,100,500,2,1,0.1,0.3,2.5,1,2,1,0,-0.021218,0.331136,1.85801,1.84977,140.04
1940,100,0.1,0.2,100,100,500,2,1,0.1,0.3,2.5,1,2,2,0,-0.0263811,0.337402,1.86741,1.83244,143.658
1940,100,0.1,0.2,100,100,500,2,1,0.1,0.3,2.5,1,2,3,0,-1.21009e-05,0.342276,1.81943,1.81896,9.84721
1941,100,0.1,0.2,100,100,500,2,1,0.1,0.3,2.5,0,1,1,0,-0.0233094,0.6275,0.615975,0.594344,31.1207
1941,100,0.1,0.2,100,100,500,2,1,0.1,0.3,2.5,0,1,2,0,0.00247199,0.627559,0.600456,0.594249,31.6812
1941,100,0.1,0.2,100,100,500,2,1,0.1,0.3,2.5,0,1,3,0,0.00536974,0.62666,0.598712,0.595683,9.44047
1942,100,0.1,0.2,100,100,500,2,1,0.1,0.3,2.5,0,3,1,0,-0.487444,0.59147,1.15419,0.682264,29.915
1942,100,0.1,0.2,100,100,500,2,1,0.1,0.3,2.5,0,3,2,0,-0.571979,0.57745,1.21978,0.705678,28.5841
1942,100,0.1,0.2,100,100,500,2,1,0.1,0.3,2.5,0,3,3,0,0.032257,0.598428,0.750923,0.670645,14.8541
1943,100,0.1,0.2,100,100,500,2,1,0.1,0.3,2.5,0,0,1,0,-4.58033,0.625569,5.69889,0.608516,151.102
1943,100,0.1,0.2,100,100,500,2,1,0.1,0.3,2.5,0,0,2,0,-3.12357,0.588882,4.21118,0.668139,150.955
1943,100,0.1,0.2,100,100,500,2,1,0.1,0.3,2.5,0,0,3,0,0.0246665,0.415608,0.996054,0.94974,11.4222
1944,100,0.1,0.2,100,100,500,2,1,0.1,0.3,2.5,0,2,1,0,-0.0790666,0.623302,0.635216,0.602679,146.328
1944,100,0.1,0.2,100,100,500,2,1,0.1,0.3,2.5,0,2,2,0,-0.0967896,0.636634,0.645649,0.581349,151.375
1944,100,0.1,0.2,100,100,500,2,1,0.1,0.3,2.5,0,2,3,0,0.0165878,0.648867,0.578907,0.561777,9.71433
1945,100,0.1,0.2,100,100,500,2,1,0.1,0.5,2.5,1,1,1,0,-1.34032,0.330227,3.44831,1.92383,29.181
1945,100,0.1,0.2,100,100,500,2,1,0.1,0.5,2.5,1,1,2,0,-1.67686,0.31433,3.94418,1.96949,28.8295
1945,100,0.1,0.2,100,100,500,2,1,0.1,0.5,2.5,1,1,3,0,0.0934427,0.586999,1.33575,1.18629,11.8776
1946,100,0.1,0.2,100,100,500,2,1,0.1,0.5,2.5,1,3,1,0,-0.0417276,0.241347,3.16418,3.13153,24.8179
1946,100,0.1,0.2,100,100,500,2,1,0.1,0.5,2.5,1,3,2,0,-0.0246336,0.254434,3.11225,3.07751,25.5326
1946,100,0.1,0.2,100,100,500,2,1,0.1,0.5,2.5,1,3,3,0,0.0258236,0.322554,2.95899,2.79633,13.3304
1947,100,0.1,0.2,100,100,500,2,1,0.1,0.5,2.5,1,0,1,0,0.00989942,0.345086,2.03597,2.00322,135.046
1947,100,0.1,0.2,100,100,500,2,1,0.1,0.5,2.5,1,0,2,0,-0.120809,0.270571,2.30475,2.23114,133.511
1947,100,0.1,0.2,100,100,500,2,1,0.1,0.5,2.5,1,0,3,0,-0.00155967,0.413085,2.05954,1.79522,22.0545
1948,100,0.1,0.2,100,100,500,2,1,0.1,0.5,2.5,1,2,1,0,-10.165,0.26847,12.4956,2.85036,128.575
1948,100,0.1,0.2,100,100,500,2,1,0.1,0.5,2.5,1,2,2,0,-20.9961,0.247903,24.6175,2.9305,127.015
1948,100,0.1,0.2,100,100,500,2,1,0.1,0.5,2.5,1,2,3,0,0.0844481,0.745579,1.02466,0.991334,9.67032
1949,100,0.1,0.2,100,100,500,2,1,0.1,0.5,2.5,0,1,1,0,-0.682876,0.433941,1.71855,1.03727,28.7954
1949,100,0.1,0.2,100,100,500,2,1,0.1,0.5,2.5,0,1,2,0,-1.14451,0.425314,2.18997,1.05308,26.6722
1949,100,0.1,0.2,100,100,500,2,1,0.1,0.5,2.5,0,1,3,0,0.00512173,0.446622,1.01597,1.01403,9.64209
1950,100,0.1,0.2,100,100,500,2,1,0.1,0.5,2.5,0,3,1,0,-0.672116,0.438274,1.25688,0.963731,28.157
1950,100,0.1,0.2,100,100,500,2,1,0.1,0.5,2.5,0,3,2,0,-1.83236,0.298721,2.12899,1.20316,29.6069
1950,100,0.1,0.2,100,100,500,2,1,0.1,0.5,2.5,0,3,3,0,0.0191898,0.583259,0.737243,0.714985,11.8806
1951,100,0.1,0.2,100,100,500,2,1,0.1,0.5,2.5,0,0,1,0,-46.1603,0.45686,43.1345,1.02953,132.254
1951,100,0.1,0.2,100,100,500,2,1,0.1,0.5,2.5,0,0,2,0,-16.2164,0.456964,15.7468,1.02933,136.007
1951,100,0.1,0.2,100,100,500,2,1,0.1,0.5,2.5,0,0,3,0,-0.000414651,0.517368,0.915017,0.914832,7.92767
1952,100,0.1,0.2,100,100,500,2,1,0.1,0.5,2.5,0,2,1,0,-2028.68,0.49462,1922.79,0.965358,132.407
1952,100,0.1,0.2,100,100,500,2,1,0.1,0.5,2.5,0,2,2,0,-1.35727,0.502606,2.23313,0.950104,132.905
1952,100,0.1,0.2,100,100,500,2,1,0.1,0.5,2.5,0,2,3,0,0.000163892,0.504216,0.947181,0.947028,7.93366
1953,100,0.1,0.2,100,100,500,2,1,0.3,0,2.5,1,1,1,0,0.455834,0.904696,0.306601,0.114102,34.1838
1953,100,0.1,0.2,100,100,500,2,1,0.3,0,2.5,1,1,2,0,0.62918,0.9218,0.208932,0.0936243,33.4923
1953,100,0.1,0.2,100,100,500,2,1,0.3,0,2.5,1,1,3,0,0.73253,0.923784,0.150701,0.091249,8.03308
1954,100,0.1,0.2,100,100,500,2,1,0.3,0,2.5,1,3,1,0,0.287861,0.91464,0.0894374,0.0871221,34.3568
1954,100,0.1,0.2,100,100,500,2,1,0.3,0,2.5,1,3,2,0,0.078412,0.887327,0.115742,0.114999,34.1671
1954,100,0.1,0.2,100,100,500,2,1,0.3,0,2.5,1,3,3,0,0.305034,0.917995,0.0872807,0.0836983,6.12083
1955,100,0.1,0.2,100,100,500,2,1,0.3,0,2.5,1,0,1,0,0.622705,0.911105,0.152768,0.105334,152.058
1955,100,0.1,0.2,100,100,500,2,1,0.3,0,2.5,1,0,2,0,0.565554,0.904729,0.175909,0.112889,156.005
1955,100,0.1,0.2,100,100,500,2,1,0.3,0,2.5,1,0,3,0,0.645117,0.909165,0.143694,0.107633,6.20474
1956,100,0.1,0.2,100,100,500,2,1,0.3,0,2.5,1,2,1,0,-0.0425818,0.921899,0.0838079,0.0833185,153.302
1956,100,0.1,0.2,100,100,500,2,1,0.3,0,2.5,1,2,2,0,-0.0239188,0.922879,0.0823076,0.0822735,157.886
1956,100,0.1,0.2,100,100,500,2,1,0.3,0,2.5,1,2,3,0,0.0182079,0.926131,0.0789213,0.0788044,6.31318
1957,100,0.1,0.2,100,100,500,2,1,0.3,0,2.5,0,1,1,0,-0.099711,0.914881,0.103531,0.103417,34.2352
1957,100,0.1,0.2,100,100,500,2,1,0.3,0,2.5,0,1,2,0,-0.268558,0.902979,0.119427,0.117879,34.7005
1957,100,0.1,0.2,100,100,500,2,1,0.3,0,2.5,0,1,3,0,0.10851,0.931545,0.0839284,0.083171,6.05883
1958,100,0.1,0.2,100,100,500,2,1,0.3,0,2.5,0,3,1,0,0.579888,0.911339,0.118855,0.101427,31.6945
1958,100,0.1,0.2,100,100,500,2,1,0.3,0,2.5,0,3,2,0,0.548251,0.910786,0.127806,0.102059,31.6272
1958,100,0.1,0.2,100,100,500,2,1,0.3,0,2.5,0,3,3,0,0.585048,0.913919,0.117395,0.0984751,5.98879
1959,100,0.1,0.2,100,100,500,2,1,0.3,0,2.5,0,0,1,0,0.628574,0.908218,0.132656,0.0898995,159.018
1959,100,0.1,0.2,100,100,500,2,1,0.3,0,2.5,0,0,2,0,0.625675,0.899023,0.133692,0.0989053,155.5
1959,100,0.1,0.2,100,100,500,2,1,0.3,0,2.5,0,0,3,0,0.643333,0.905008,0.127385,0.0930437,6.01654
1960,100,0.1,0.2,100,100,500,2,1,0.3,0,2.5,0,2,1,0,0.534786,0.915823,0.103394,0.0930656,147.632
1960,100,0.1,0.2,100,100,500,2,1,0.3,0,2.5,0,2,2,0,0.525667,0.91561,0.105421,0.0933008,149.276
1960,100,0.1,0.2,100,100,500,2,1,0.3,0,2.5,0,2,3,0,0.54543,0.919647,0.101029,0.0888374,6.31845
1961,100,0.1,0.2,100,100,500,2,1,0.3,0.1,2.5,1,1,1,0,-0.471888,0.58083,1.38199,0.727395,26.1306
1961,100,0.1,0.2,100,100,500,2,1,0.3,0.1,2.5,1,1,2,0,-1.46109,0.577264,2.31078,0.733584,26.4013
1961,100,0.1,0.2,100,100,500,2,1,0.3,0.1,2.5,1,1,3,0,0.0259656,0.509318,0.914547,0.851491,14.8682
1962,100,0.1,0.2,100,100,500,2,1,0.3,0.1,2.5,1,3,1,0,0.0182727,0.570454,0.698439,0.693784,29.6937
1962,100,0.1,0.2,100,100,500,2,1,0.3,0.1,2.5,1,3,2,0,0.0203368,0.573756,0.696971,0.68845,28.4292
1962,100,0.1,0.2,100,100,500,2,1,0.3,0.1,2.5,1,3,3,0,-0.00284992,0.587142,0.713467,0.66683,9.23077
1963,100,0.1,0.2,100,100,500,2,1,0.3,0.1,2.5,1,0,1,0,-6.19542,0.540022,7.13132,0.800773,136.862
1963,100,0.1,0.2,100,100,500,2,1,0.3,0.1,2.5,1,0,2,0,-5.97058,0.515309,6.90847,0.843795,144.361
1963,100,0.1,0.2,100,100,500,2,1,0.3,0.1,2.5,1,0,3,0,0.000219522,0.439605,0.990873,0.975588,11.0402
1964,100,0.1,0.2,100,100,500,2,1,0.3,0.1,2.5,1,2,1,0,-0.524736,0.540622,1.22137,0.796934,134.402
1964,100,0.1,0.2,100,100,500,2,1,0.3,0.1,2.5,1,2,2,0,-0.568943,0.495055,1.25678,0.875985,136.649
1964,100,0.1,0.2,100,100,500,2,1,0.3,0.1,2.5,1,2,3,0,-0.0427914,0.55067,0.835315,0.779503,7.5454
1965,100,0.1,0.2,100,100,500,2,1,0.3,0.1,2.5,0,1,1,0,-0.138142,0.761884,0.919994,0.313597,27.0837
1965,100,0.1,0.2,100,100,500,2,1,0.3,0.1,2.5,0,1,2,0,-0.381594,0.764009,1.11678,0.310798,27.9985
1965,100,0.1,0.2,100,100,500,2,1,0.3,0.1,2.5,0,1,3,0,0.213019,0.710541,0.63614,0.381215,12.9064
1966,100,0.1,0.2,100,100,500,2,1,0.3,0.1,2.5,0,3,1,0,-0.122401,0.737316,0.912887,0.364837,27.5487
1966,100,0.1,0.2,100,100,500,2,1,0.3,0.1,2.5,0,3,2,0,-0.432812,0.732957,1.16536,0.370891,27.3957
1966,100,0.1,0.2,100,100,500,2,1,0.3,0.1,2.5,0,3,3,0,0.165587,0.69986,0.678656,0.416858,11.2527
1967,100,0.1,0.2,100,100,500,2,1,0.3,0.1,2.5,0,0,1,0,0.122331,0.798382,0.28423,0.273853,143.453
1967,100,0.1,0.2,100,100,500,2,1,0.3,0.1,2.5,0,0,2,0,-0.016276,0.781344,0.329117,0.296997,144.409
1967,100,0.1,0.2,100,100,500,2,1,0.3,0.1,2.5,0,0,3,0,0.118884,0.799695,0.285346,0.27207,7.44169
1968,100,0.1,0.2,100,100,500,2,1,0.3,0.1,2.5,0,2,1,0,0.211115,0.77702,0.424392,0.268683,141.813
1968,100,0.1,0.2,100,100,500,2,1,0.3,0.1,2.5,0,2,2,0,0.100853,0.776928,0.483709,0.268793,140.037
1968,100,0.1,0.2,100,100,500,2,1,0.3,0.1,2.5,0,2,3,0,0.282511,0.767592,0.385983,0.280042,9.36602
1969,100,0.1,0.2,100,100,500,2,1,0.3,0.3,2.5,1,1,1,0,-2.23756,0.297374,4.47347,2.21115,24.4908
1969,100,0.1,0.2,100,100,500,2,1,0.3,0.3,2.5,1,1,2,0,-1.76299,0.323196,3.81773,2.12989,24.7922
1969,100,0.1,0.2,100,100,500,2,1,0.3,0.3,2.5,1,1,3,0,0.101407,0.634717,1.24162,1.14954,11.1786
1970,100,0.1,0.2,100,100,500,2,1,0.3,0.3,2.5,1,3,1,0,-0.307501,0.391783,2.03759,1.77579,25.5358
1970,100,0.1,0.2,100,100,500,2,1,0.3,0.3,2.5,1,3,2,0,-0.453778,0.381463,2.26555,1.80592,26.7417
1970,100,0.1,0.2,100,100,500,2,1,0.3,0.3,2.5,1,3,3,0,0.0575294,0.518036,1.46873,1.40718,14.4826
1971,100,0.1,0.2,100,100,500,2,1,0.3,0.3,2.5,1,0,1,0,-51.9344,0.359385,51.2028,1.64861,129.994
1971,100,0.1,0.2,100,100,500,2,1,0.3,0.3,2.5,1,0,2,0,-25.9318,0.364836,26.0508,1.63458,122.82
1971,100,0.1,0.2,100,100,500,2,1,0.3,0.3,2.5,1,0,3,0,0.00139277,0.62485,0.96594,0.965442,7.69591
1972,100,0.1,0.2,100,100,500,2,1,0.3,0.3,2.5,1,2,1,0,-4.01895,0.434377,5.33486,1.65165,122.315
1972,100,0.1,0.2,100,100,500,2,1,0.3,0.3,2.5,1,2,2,0,-14.1034,0.324502,16.0541,1.97249,123.29
1972,100,0.1,0.2,100,100,500,2,1,0.3,0.3,2.5,1,2,3,0,0.00333923,0.637558,1.05939,1.05835,9.37884
1973,100,0.1,0.2,100,100,500,2,1,0.3,0.3,2.5,0,1,1,0,-0.212295,0.553215,1.1362,0.7645,26.3839
1973,100,0.1,0.2,100,100,500,2,1,0.3,0.3,2.5,0,1,2,0,-0.301505,0.515743,1.21981,0.828619,25.9957
1973,100,0.1,0.2,100,100,500,2,1,0.3,0.3,2.5,0,1,3,0,0.032179,0.503938,0.907069,0.848821,10.9702
1974,100,0.1,0.2,100,100,500,2,1,0.3,0.3,2.5,0,3,1,0,-0.345992,0.469705,0.90215,0.86786,26.8191
1974,100,0.1,0.2,100,100,500,2,1,0.3,0.3,2.5,0,3,2,0,-0.389071,0.504826,0.931023,0.810382,27.0417
1974,100,0.1,0.2,100,100,500,2,1,0.3,0.3,2.5,0,3,3,0,0.00140449,0.593508,0.669307,0.665248,7.72288
1975,100,0.1,0.2,100,100,500,2,1,0.3,0.3,2.5,0,0,1,0,-0.811171,0.602823,1.68582,0.69791,130.336
1975,100,0.1,0.2,100,100,500,2,1,0.3,0.3,2.5,0,0,2,0,-1.16217,0.594802,2.01253,0.712003,131.045
1975,100,0.1,0.2,100,100,500,2,1,0.3,0.3,2.5,0,0,3,0,0.0346826,0.540334,0.89851,0.807713,12.3014
1976,100,0.1,0.2,100,100,500,2,1,0.3,0.3,2.5,0,2,1,0,-0.193112,0.565507,0.820707,0.73424,128.939
1976,100,0.1,0.2,100,100,500,2,1,0.3,0.3,2.5,0,2,2,0,-0.203483,0.580036,0.827841,0.709687,128.212
1976,100,0.1,0.2,100,100,500,2,1,0.3,0.3,2.5,0,2,3,0,0.00193746,0.596164,0.686538,0.682434,7.36279
1977,100,0.1,0.2,100,100,500,2,1,0.3,0.5,2.5,1,1,1,0,-0.153553,0.706391,1.57082,1.13428,21.9258
1977,100,0.1,0.2,100,100,500,2,1,0.3,0.5,2.5,1,1,2,0,0.174941,0.747027,1.1235,0.977294,21.6504
1977,100,0.1,0.2,100,100,500,2,1,0.3,0.5,2.5,1,1,3,0,0.186759,0.739042,1.10741,1.00815,10.5349
1978,100,0.1,0.2,100,100,500,2,1,0.3,0.5,2.5,1,3,1,0,-7.77893,0.287757,16.3405,2.7617,21.9895
1978,100,0.1,0.2,100,100,500,2,1,0.3,0.5,2.5,1,3,2,0,-3.99653,0.133182,9.30022,3.36106,22.6469
1978,100,0.1,0.2,100,100,500,2,1,0.3,0.5,2.5,1,3,3,0,0.199012,0.675834,1.49091,1.25694,12.4224
1979,100,0.1,0.2,100,100,500,2,1,0.3,0.5,2.5,1,0,1,0,-0.381452,0.395884,2.57128,2.38048,108.555
1979,100,0.1,0.2,100,100,500,2,1,0.3,0.5,2.5,1,0,2,0,0.209162,0.667968,1.47198,1.30835,110.939
1979,100,0.1,0.2,100,100,500,2,1,0.3,0.5,2.5,1,0,3,0,0.219256,0.687384,1.45319,1.23185,12.4472
1980,100,0.1,0.2,100,100,500,2,1,0.3,0.5,2.5,1,2,1,0,-46.8241,0.590541,95.8724,1.4572,113.408
1980,100,0.1,0.2,100,100,500,2,1,0.3,0.5,2.5,1,2,2,0,-10.6299,0.621765,23.3143,1.34607,115.991
1980,100,0.1,0.2,100,100,500,2,1,0.3,0.5,2.5,1,2,3,0,0.18175,0.638043,1.64034,1.28814,12.2351
1981,100,0.1,0.2,100,100,500,2,1,0.3,0.5,2.5,0,1,1,0,-0.409343,0.443397,1.60838,1.22547,23.9759
1981,100,0.1,0.2,100,100,500,2,1,0.3,0.5,2.5,0,1,2,0,-0.636168,0.443156,1.86723,1.226,23.6255
1981,100,0.1,0.2,100,100,500,2,1,0.3,0.5,2.5,0,1,3,0,0.00457497,0.485267,1.136,1.13328,8.90714
1982,100,0.1,0.2,100,100,500,2,1,0.3,0.5,2.5,0,3,1,0,-0.0369339,0.443442,1.29474,1.29353,23.2232
1982,100,0.1,0.2,100,100,500,2,1,0.3,0.5,2.5,0,3,2,0,0.000680902,0.463378,1.24777,1.2472,23.0684
1982,100,0.1,0.2,100,100,500,2,1,0.3,0.5,2.5,0,3,3,0,0.00418732,0.467495,1.24339,1.23763,10.7638
1983,100,0.1,0.2,100,100,500,2,1,0.3,0.5,2.5,0,0,1,0,-0.125582,0.493936,1.10276,1.05299,119.053
1983,100,0.1,0.2,100,100,500,2,1,0.3,0.5,2.5,0,0,2,0,-0.292965,0.426719,1.26674,1.19286,115.209
1983,100,0.1,0.2,100,100,500,2,1,0.3,0.5,2.5,0,0,3,0,-0.00397885,0.531274,0.983618,0.975303,10.686
1984,100,0.1,0.2,100,100,500,2,1,0.3,0.5,2.5,0,2,1,0,-0.466747,0.461777,1.22738,0.974578,120.588
1984,100,0.1,0.2,100,100,500,2,1,0.3,0.5,2.5,0,2,2,0,-0.406705,0.482596,1.17714,0.93688,123.265
1984,100,0.1,0.2,100,100,500,2,1,0.3,0.5,2.5,0,2,3,0,-0.00325673,0.53839,0.83953,0.835853,8.99768
1985,100,0.1,0.2,100,100,500,4,1,0,0,2.5,1,1,1,0,1,1,2.07613e-27,-6.0324e-16,73.3087
1985,100,0.1,0.2,100,100,500,4,1,0,0,2.5,1,1,2,0,1,1,5.86257e-25,-1.57568e-16,72.9207
1985,100,0.1,0.2,100,100,500,4,1,0,0,2.5,1,1,3,0,1,1,4.67399e-18,-1.02083e-16,8.61555
1986,100,0.1,0.2,100,100,500,4,1,0,0,2.5,1,3,1,0,1,1,3.91915e-29,9.08162e-17,65.5032
1986,100,0.1,0.2,100,100,500,4,1,0,0,2.5,1,3,2,0,1,1,7.35027e-29,-2.1283e-16,65.7468
1986,100,0.1,0.2,100,100,500,4,1,0,0,2.5,1,3,3,0,1,1,8.10801e-17,-6.30607e-17,8.60136
1987,100,0.1,0.2,100,100,500,4,1,0,0,2.5,1,0,1,0,1,1,3.64385e-26,-5.58942e-16,225.396
1987,100,0.1,0.2,100,100,500,4,1,0,0,2.5,1,0,2,0,1,1,1.66647e-32,-1.04583e-16,226.019
1987,100,0.1,0.2,100,100,500,4,1,0,0,2.5,1,0,3,0,1,1,4.84683e-19,1.6414e-16,8.68307
1988,100,0.1,0.2,100,100,500,4,1,0,0,2.5,1,2,1,0,1,1,9.81232e-31,9.95592e-17,214.138
1988,100,0.1,0.2,100,100,500,4,1,0,0,2.5,1,2,2,0,1,1,1.5154e-29,1.09524e-16,215.855
1988,100,0.1,0.2,100,100,500,4,1,0,0,2.5,1,2,3,0,1,1,4.49451e-20,7.19145e-16,8.8023
1989,100,0.1,0.2,100,100,500,4,1,0,0,2.5,0,1,1,0,1,1,2.19584e-31,-3.63293e-16,73.8251
1989,100,0.1,0.2,100,100,500,4,1,0,0,2.5,0,1,2,0,1,1,1.58098e-29,-4.16472e-16,74.9012
1989,100,0.1,0.2,100,100,500,4,1,0,0,2.5,0,1,3,0,1,1,3.74328e-19,2.09208e-18,8.63175
1990,100,0.1,0.2,100,100,500,4,1,0,0,2.5,0,3,1,0,1,1,5.66228e-30,2.39808e-17,65.8329
1990,100,0.1,0.2,100,100,500,4,1,0,0,2.5,0,3,2,0,1,1,5.66228e-30,2.39808e-17,65.4039
1990,100,0.1,0.2,100,100,500,4,1,0,0,2.5,0,3,3,0,1,1,2.60051e-19,1.12355e-16,8.86736
1991,100,0.1,0.2,100,100,500,4,1,0,0,2.5,0,0,1,0,1,1,1.69207e-29,-3.41782e-16,226.008
1991,100,0.1,0.2,100,100,500,4,1,0,0,2.5,0,0,2,0,1,1,8.28219e-30,8.56121e-17,226.743
1991,100,0.1,0.2,100,100,500,4,1,0,0,2.5,0,0,3,0,1,1,5.71737e-19,5.01266e-17,9.34661
1992,100,0.1,0.2,100,100,500,4,1,0,0,2.5,0,2,1,0,1,1,3.17119e-30,-1.05804e-16,215.351
1992,100,0.1,0.2,100,100,500,4,1,0,0,2.5,0,2,2,0,1,1,3.04366e-29,7.38298e-17,216.639
1992,100,0.1,0.2,100,100,500,4,1,0,0,2.5,0,2,3,0,1,1,1.39169e-18,1.49715e-16,8.60641
1993,100,0.1,0.2,100,100,500,4,1,0,0.1,2.5,1,1,1,0,-0.0361804,0.776891,0.652322,0.635723,50.129
1993,100,0.1,0.2,100,100,500,4,1,0,0.1,2.5,1,1,2,0,-2.19319,0.808555,2.01025,0.545501,52.8142
1993,100,0.1,0.2,100,100,500,4,1,0,0.1,2.5,1,1,3,0,-0.0163018,0.779426,0.639807,0.628501,11.4003
1994,100,0.1,0.2,100,100,500,4,1,0,0.1,2.5,1,3,1,0,-0.0272731,0.779751,0.68108,0.674442,46.2433
1994,100,0.1,0.2,100,100,500,4,1,0,0.1,2.5,1,3,2,0,-0.0330907,0.779569,0.684937,0.675,44.9951
1994,100,0.1,0.2,100,100,500,4,1,0,0.1,2.5,1,3,3,0,-0.0070138,0.783331,0.667648,0.663478,11.6125
1995,100,0.1,0.2,100,100,500,4,1,0,0.1,2.5,1,0,1,0,-706.715,0.806608,493.063,0.538473,153.06
1995,100,0.1,0.2,100,100,500,4,1,0,0.1,2.5,1,0,2,0,-19.3131,0.735127,14.1521,0.7375,154.22
1995,100,0.1,0.2,100,100,500,4,1,0,0.1,2.5,1,0,3,0,-0.0658444,0.761826,0.74257,0.663162,17.0403
1996,100,0.1,0.2,100,100,500,4,1,0,0.1,2.5,1,2,1,0,-2618.33,0.782283,1507.89,0.587648,151.677
1996,100,0.1,0.2,100,100,500,4,1,0,0.1,2.5,1,2,2,0,-0.181783,0.803205,0.680325,0.531176,152.759
1996,100,0.1,0.2,100,100,500,4,1,0,0.1,2.5,1,2,3,0,-0.0162715,0.806201,0.585044,0.523091,14.4852
1997,100,0.1,0.2,100,100,500,4,1,0,0.1,2.5,0,1,1,0,-32.0375,0.873322,13.0764,0.199771,48.0015
1997,100,0.1,0.2,100,100,500,4,1,0,0.1,2.5,0,1,2,0,-4.65506,0.870566,2.23829,0.204118,49.6708
1997,100,0.1,0.2,100,100,500,4,1,0,0.1,2.5,0,1,3,0,0.289436,0.854372,0.281244,0.229656,14.0953
1998,100,0.1,0.2,100,100,500,4,1,0,0.1,2.5,0,3,1,0,-1.42552,0.877328,1.18423,0.190727,49.972
1998,100,0.1,0.2,100,100,500,4,1,0,0.1,2.5,0,3,2,0,-38.5859,0.905234,19.3274,0.14734,49.378
1998,100,0.1,0.2,100,100,500,4,1,0,0.1,2.5,0,3,3,0,0.449297,0.879591,0.268874,0.18721,35.6017
1999,100,0.1,0.2,100,100,500,4,1,0,0.1,2.5,0,0,1,0,0.19508,0.855582,0.30681,0.247355,159.758
1999,100,0.1,0.2,100,100,500,4,1,0,0.1,2.5,0,0,2,0,-15.9764,0.868281,6.4709,0.225604,164.812
1999,100,0.1,0.2,100,100,500,4,1,0,0.1,2.5,0,0,3,0,0.275133,0.86338,0.276297,0.233999,11.4981
2000,100,0.1,0.2,100,100,500,4,1,0,0.1,2.5,0,2,1,0,-56.5483,0.872039,35.5899,0.193066,155.921
2000,100,0.1,0.2,100,100,500,4,1,0,0.1,2.5,0,2,2,0,-2.95704,0.881723,2.44717,0.178454,160.221
2000,100,0.1,0.2,100,100,500,4,1,0,0.1,2.5,0,2,3,0,0.423579,0.864842,0.356479,0.203925,38.1815
2001,100,0.1,0.2,100,100,500,4,1,0,0.3,2.5,1,1,1,0,-24.484,0.723941,42.8313,1.79712,33.049
2001,100,0.1,0.2,100,100,500,4,1,0,0.3,2.5,1,1,2,0,-24.484,0.723941,42.8313,1.79712,33.7061
2001,100,0.1,0.2,100,100,500,4,1,0,0.3,2.5,1,1,3,0,0.00433601,0.745853,1.67343,1.65447,14.1416
2002,100,0.1,0.2,100,100,500,4,1,0,0.3,2.5,1,3,1,0,-442.709,0.687227,742.234,2.09103,33.4715
2002,100,0.1,0.2,100,100,500,4,1,0,0.3,2.5,1,3,2,0,-0.0189793,0.747777,1.70454,1.68623,32.152
2002,100,0.1,0.2,100,100,500,4,1,0,0.3,2.5,1,3,3,0,-0.0012271,0.749868,1.67485,1.67225,11.3705
2003,100,0.1,0.2,100,100,500,4,1,0,0.3,2.5,1,0,1,0,-45.0903,0.717179,82.3317,1.73434,108.013
2003,100,0.1,0.2,100,100,500,4,1,0,0.3,2.5,1,0,2,0,-45.0903,0.717179,82.3317,1.73434,108.018
2003,100,0.1,0.2,100,100,500,4,1,0,0.3,2.5,1,0,3,0,-0.0135781,0.70569,1.81057,1.80479,13.9871
2004,100,0.1,0.2,100,100,500,4,1,0,0.3,2.5,1,2,1,0,-5.85345,0.689822,8.85997,1.94044,108.363
2004,100,0.1,0.2,100,100,500,4,1,0,0.3,2.5,1,2,2,0,-4.35868,0.68649,6.92757,1.96129,108.614
2004,100,0.1,0.2,100,100,500,4,1,0,0.3,2.5,1,2,3,0,0.0473762,0.81202,1.23153,1.17598,19.1872
2005,100,0.1,0.2,100,100,500,4,1,0,0.3,2.5,0,1,1,0,-6.50234e+29,0.755125,4.84604e+29,0.705916,34.6645
2005,100,0.1,0.2,100,100,500,4,1,0,0.3,2.5,0,1,2,0,-98.2309,0.758288,73.9545,0.696796,34.8893
2005,100,0.1,0.2,100,100,500,4,1,0,0.3,2.5,0,1,3,0,0.0154744,0.779036,0.733744,0.636984,21.8285
2006,100,0.1,0.2,100,100,500,4,1,0,0.3,2.5,0,3,1,0,-200.213,0.742822,173.021,0.686083,33.209
2006,100,0.1,0.2,100,100,500,4,1,0,0.3,2.5,0,3,2,0,-52.7605,0.738596,46.228,0.697357,33.1627
2006,100,0.1,0.2,100,100,500,4,1,0,0.3,2.5,0,3,3,0,0.202581,0.794527,0.685691,0.548148,16.91
2007,100,0.1,0.2,100,100,500,4,1,0,0.3,2.5,0,0,1,0,-191.944,0.782597,129.042,0.5602,112.246
2007,100,0.1,0.2,100,100,500,4,1,0,0.3,2.5,0,0,2,0,-11.3382,0.77119,8.25186,0.589593,117.401
2007,100,0.1,0.2,100,100,500,4,1,0,0.3,2.5,0,0,3,0,0.0835709,0.79087,0.612914,0.538882,16.9365
2008,100,0.1,0.2,100,100,500,4,1,0,0.3,2.5,0,2,1,0,-0.0893277,0.779345,0.613828,0.603442,117.253
2008,100,0.1,0.2,100,100,500,4,1,0,0.3,2.5,0,2,2,0,-198.142,0.812034,112.215,0.514045,115.366
2008,100,0.1,0.2,100,100,500,4,1,0,0.3,2.5,0,2,3,0,0.00131299,0.795482,0.562753,0.559311,13.8808
2009,100,0.1,0.2,100,100,500,4,1,0,0.5,2.5,1,1,1,0,-0.507202,0.660155,2.77051,2.21336,381.923
2009,100,0.1,0.2,100,100,500,4,1,0,0.5,2.5,1,1,2,0,-0.00335696,0.717033,1.84435,1.84293,405.016
2009,100,0.1,0.2,100,100,500,4,1,0,0.5,2.5,1,1,3,0,-0.0171974,0.715477,1.86979,1.85306,41.3335
2010,100,0.1,0.2,100,100,500,4,1,0,0.5,2.5,1,3,1,0,-3.13868,0.203458,5.89868,4.54996,397.359
2010,100,0.1,0.2,100,100,500,4,1,0,0.5,2.5,1,3,2,0,-77.0696,0.740655,111.269,1.48141,398.101
2010,100,0.1,0.2,100,100,500,4,1,0,0.5,2.5,1,3,3,0,0.0142046,0.784672,1.40501,1.22998,18.6041
2011,100,0.1,0.2,100,100,500,4,1,0,0.5,2.5,1,0,1,0,-49.9678,0.620186,97.3573,3.30378,1313.09
2011,100,0.1,0.2,100,100,500,4,1,0,0.5,2.5,1,0,2,0,-52.7404,0.679363,102.654,2.78903,1313.57
2011,100,0.1,0.2,100,100,500,4,1,0,0.5,2.5,1,0,3,0,0.180496,0.85276,1.5654,1.28075,18.4856
2012,100,0.1,0.2,100,100,500,4,1,0,0.5,2.5,1,2,1,0,-0.0408254,0.709699,3.03709,3.03684,1415.71
2012,100,0.1,0.2,100,100,500,4,1,0,0.5,2.5,1,2,2,0,-28583.5,0.895243,83408.4,1.09586,1538.64
2012,100,0.1,0.2,100,100,500,4,1,0,0.5,2.5,1,2,3,0,0.00334813,0.723773,2.90819,2.88961,13.8038
2013,100,0.1,0.2,100,100,500,4,1,0,0.5,2.5,0,1,1,0,-3.83758,0.673084,3.26718,0.988027,274.775
2013,100,0.1,0.2,100,100,500,4,1,0,0.5,2.5,0,1,2,0,-0.707347,0.618466,1.1531,1.1531,275.685
2013,100,0.1,0.2,100,100,500,4,1,0,0.5,2.5,0,1,3,0,-0.0110631,0.774451,0.682846,0.681669,13.7147
2014,100,0.1,0.2,100,100,500,4,1,0,0.5,2.5,0,3,1,0,-4.55717,0.749849,6.2177,1.10483,183.08
2014,100,0.1,0.2,100,100,500,4,1,0,0.5,2.5,0,3,2,0,-0.534813,0.730305,1.71724,1.19115,184.09
2014,100,0.1,0.2,100,100,500,4,1,0,0.5,2.5,0,3,3,0,0.0133849,0.755268,1.10388,1.0809,13.6034
2015,100,0.1,0.2,100,100,500,4,1,0,0.5,2.5,0,0,1,0,-34.9795,0.753246,34.292,0.999553,738.642
2015,100,0.1,0.2,100,100,500,4,1,0,0.5,2.5,0,0,2,0,-1.09889,0.74442,2.00045,1.0353,654.741
2015,100,0.1,0.2,100,100,500,4,1,0,0.5,2.5,0,0,3,0,-0.000577306,0.764659,0.953649,0.953319,11.9231
2016,100,0.1,0.2,100,100,500,4,1,0,0.5,2.5,0,2,1,0,-1.30494,0.678421,1.97352,1.12918,434.421
2016,100,0.1,0.2,100,100,500,4,1,0,0.5,2.5,0,2,2,0,-7722.96,0.732258,6613.37,0.940141,326.006
2016,100,0.1,0.2,100,100,500,4,1,0,0.5,2.5,0,2,3,0,-0.000848033,0.758613,0.85694,0.847598,17.0345
2017,100,0.1,0.2,100,100,500,4,1,0.1,0,2.5,1,1,1,0,-216.538,0.990402,5.18151,0.0112847,34.4762
2017,100,0.1,0.2,100,100,500,4,1,0.1,0,2.5,1,1,2,0,0.368842,0.98754,0.0150335,0.0146503,33.0862
2017,100,0.1,0.2,100,100,500,4,1,0.1,0,2.5,1,1,3,0,0.590406,0.991807,0.00975609,0.00963334,9.00265
2018,100,0.1,0.2,100,100,500,4,1,0.1,0,2.5,1,3,1,0,0.294031,0.989788,0.0992917,0.0112123,49.7433
2018,100,0.1,0.2,100,100,500,4,1,0.1,0,2.5,1,3,2,0,0.652573,0.990051,0.0488642,0.0109225,49.1803
2018,100,0.1,0.2,100,100,500,4,1,0.1,0,2.5,1,3,3,0,0.922068,0.99126,0.0109608,0.00959563,9.0205
2019,100,0.1,0.2,100,100,500,4,1,0.1,0,2.5,1,0,1,0,0.936527,0.989186,0.0138485,0.0103867,178.398
2019,100,0.1,0.2,100,100,500,4,1,0.1,0,2.5,1,0,2,0,0.118247,0.989016,0.192379,0.0105501,184.932
2019,100,0.1,0.2,100,100,500,4,1,0.1,0,2.5,1,0,3,0,0.941124,0.989601,0.0128455,0.00998807,8.83207
2020,100,0.1,0.2,100,100,500,4,1,0.1,0,2.5,1,2,1,0,0.521185,0.990654,0.183023,0.00983918,172.077
2020,100,0.1,0.2,100,100,500,4,1,0.1,0,2.5,1,2,2,0,0.5497,0.991133,0.172124,0.00933559,174.875
2020,100,0.1,0.2,100,100,500,4,1,0.1,0,2.5,1,2,3,0,0.960905,0.990939,0.0149439,0.00953914,8.8877
2021,100,0.1,0.2,100,100,500,4,1,0.1,0,2.5,0,1,1,0,-3.14328,0.988429,1.44258,0.0122453,55.4489
2021,100,0.1,0.2,100,100,500,4,1,0.1,0,2.5,0,1,2,0,-0.639929,0.98852,0.570981,0.0121488,53.5063
2021,100,0.1,0.2,100,100,500,4,1,0.1,0,2.5,0,1,3,0,0.956773,0.990446,0.0150507,0.0101109,9.05792
2022,100,0.1,0.2,100,100,500,4,1,0.1,0,2.5,0,3,1,0,-0.823285,0.965233,0.593797,0.0345544,49.0115
2022,100,0.1,0.2,100,100,500,4,1,0.1,0,2.5,0,3,2,0,-0.325688,0.968837,0.431742,0.0309729,47.5399
2022,100,0.1,0.2,100,100,500,4,1,0.1,0,2.5,0,3,3,0,0.958078,0.990728,0.0136528,0.00921549,9.49656
2023,100,0.1,0.2,100,100,500,4,1,0.1,0,2.5,0,0,1,0,0.952582,0.990915,0.0198961,0.00922945,181.043
2023,100,0.1,0.2,100,100,500,4,1,0.1,0,2.5,0,0,2,0,0.958992,0.990635,0.0172063,0.00951338,182.169
2023,100,0.1,0.2,100,100,500,4,1,0.1,0,2.5,0,0,3,0,0.961566,0.990783,0.0161262,0.00936342,8.99388
2024,100,0.1,0.2,100,100,500,4,1,0.1,0,2.5,0,2,1,0,-0.282326,0.98982,0.0468172,0.010082,167.091
2024,100,0.1,0.2,100,100,500,4,1,0.1,0,2.5,0,2,2,0,-40.0697,0.989957,1.49944,0.00994602,171.851
2024,100,0.1,0.2,100,100,500,4,1,0.1,0,2.5,0,2,3,0,0.677005,0.988552,0.0117924,0.0113374,9.01949
2025,100,0.1,0.2,100,100,500,4,1,0.1,0.1,2.5,1,1,1,0,-25.7156,0.745013,21.9801,0.797884,38.5621
2025,100,0.1,0.2,100,100,500,4,1,0.1,0.1,2.5,1,1,2,0,-21.0218,0.744073,18.1183,0.800827,39.0332
2025,100,0.1,0.2,100,100,500,4,1,0.1,0.1,2.5,1,1,3,0,-0.0810007,0.7587,0.889389,0.755056,22.7108
2026,100,0.1,0.2,100,100,500,4,1,0.1,0.1,2.5,1,3,1,0,-859.941,0.783436,630.995,0.621434,37.8778
2026,100,0.1,0.2,100,100,500,4,1,0.1,0.1,2.5,1,3,2,0,-94.2958,0.753568,69.8435,0.707142,38.1074
2026,100,0.1,0.2,100,100,500,4,1,0.1,0.1,2.5,1,3,3,0,-0.064262,0.750297,0.780011,0.716527,14.2706
2027,100,0.1,0.2,100,100,500,4,1,0.1,0.1,2.5,1,0,1,0,-1.83884,0.81404,1.89476,0.524994,136.724
2027,100,0.1,0.2,100,100,500,4,1,0.1,0.1,2.5,1,0,2,0,-0.275194,0.820108,0.851121,0.507862,135.965
2027,100,0.1,0.2,100,100,500,4,1,0.1,0.1,2.5,1,0,3,0,0.0342097,0.819283,0.644611,0.51019,14.5182
2028,100,0.1,0.2,100,100,500,4,1,0.1,0.1,2.5,1,2,1,0,-0.286508,0.788002,0.836675,0.615198,138.619
2028,100,0.1,0.2,100,100,500,4,1,0.1,0.1,2.5,1,2,2,0,-6.77262,0.773463,5.05489,0.657389,134.134
2028,100,0.1,0.2,100,100,500,4,1,0.1,0.1,2.5,1,2,3,0,-0.0153969,0.785271,0.660359,0.623122,14.5275
2029,100,0.1,0.2,100,100,500,4,1,0.1,0.1,2.5,0,1,1,0,-3.89235,0.858387,1.20442,0.228893,38.6079
2029,100,0.1,0.2,100,100,500,4,1,0.1,0.1,2.5,0,1,2,0,-2.66943,0.846095,0.903361,0.24876,41.1445
2029,100,0.1,0.2,100,100,500,4,1,0.1,0.1,2.5,0,1,3,0,0.117757,0.8707,0.217195,0.208991,12.0932
2030,100,0.1,0.2,100,100,500,4,1,0.1,0.1,2.5,0,3,1,0,-2.73238,0.864421,1.10694,0.211806,36.0562
2030,100,0.1,0.2,100,100,500,4,1,0.1,0.1,2.5,0,3,2,0,-2.24387,0.859208,0.962058,0.21995,36.2236
2030,100,0.1,0.2,100,100,500,4,1,0.1,0.1,2.5,0,3,3,0,0.222862,0.866281,0.230482,0.2089,11.8635
2031,100,0.1,0.2,100,100,500,4,1,0.1,0.1,2.5,0,0,1,0,-0.291838,0.863378,0.82071,0.227302,144.097
2031,100,0.1,0.2,100,100,500,4,1,0.1,0.1,2.5,0,0,2,0,-4.80489,0.887949,3.68787,0.186424,146.026
2031,100,0.1,0.2,100,100,500,4,1,0.1,0.1,2.5,0,0,3,0,0.397966,0.858434,0.382474,0.235528,33.3605
2032,100,0.1,0.2,100,100,500,4,1,0.1,0.1,2.5,0,2,1,0,0.191867,0.889619,0.204675,0.180727,143.903
2032,100,0.1,0.2,100,100,500,4,1,0.1,0.1,2.5,0,2,2,0,0.164154,0.886836,0.211694,0.185283,145.59
2032,100,0.1,0.2,100,100,500,4,1,0.1,0.1,2.5,0,2,3,0,0.225822,0.88848,0.196075,0.18259,12.0763
2033,100,0.1,0.2,100,100,500,4,1,0.1,0.3,2.5,1,1,1,0,-45.451,0.648918,63.5098,1.87262,228.973
2033,100,0.1,0.2,100,100,500,4,1,0.1,0.3,2.5,1,1,2,0,-2154.38,0.663087,2946.93,1.79704,261.769
2033,100,0.1,0.2,100,100,500,4,1,0.1,0.3,2.5,1,1,3,0,0.0234121,0.759568,1.33523,1.28243,25.8165
2034,100,0.1,0.2,100,100,500,4,1,0.1,0.3,2.5,1,3,1,0,-9.66889,0.67941,18.072,1.88496,33.7633
2034,100,0.1,0.2,100,100,500,4,1,0.1,0.3,2.5,1,3,2,0,-4.04994,0.679925,8.5541,1.88193,34.1209
2034,100,0.1,0.2,100,100,500,4,1,0.1,0.3,2.5,1,3,3,0,0.0402413,0.73087,1.62574,1.58239,22.4716
2035,100,0.1,0.2,100,100,500,4,1,0.1,0.3,2.5,1,0,1,0,-0.36568,0.727506,2.26683,1.81635,109.74
2035,100,0.1,0.2,100,100,500,4,1,0.1,0.3,2.5,1,0,2,0,-6.2225,0.711102,11.9883,1.92569,111.499
2035,100,0.1,0.2,100,100,500,4,1,0.1,0.3,2.5,1,0,3,0,-0.0037431,0.750578,1.66607,1.66256,11.8251
2036,100,0.1,0.2,100,100,500,4,1,0.1,0.3,2.5,1,2,1,0,-1945.47,0.660123,2802.1,1.91514,110.249
2036,100,0.1,0.2,100,100,500,4,1,0.1,0.3,2.5,1,2,2,0,-131.227,0.641043,190.351,2.02265,111.926
2036,100,0.1,0.2,100,100,500,4,1,0.1,0.3,2.5,1,2,3,0,0.0200942,0.753455,1.41065,1.38923,30.6315
2037,100,0.1,0.2,100,100,500,4,1,0.1,0.3,2.5,0,1,1,0,-0.915281,0.761192,1.54019,0.694457,34.2825
2037,100,0.1,0.2,100,100,500,4,1,0.1,0.3,2.5,0,1,2,0,-2.53348,0.790496,2.84148,0.60924,33.315
2037,100,0.1,0.2,100,100,500,4,1,0.1,0.3,2.5,0,1,3,0,0.0269731,0.750023,0.782469,0.726936,17.0234
2038,100,0.1,0.2,100,100,500,4,1,0.1,0.3,2.5,0,3,1,0,-8.45477,0.784798,6.32973,0.616427,34.0512
2038,100,0.1,0.2,100,100,500,4,1,0.1,0.3,2.5,0,3,2,0,-342.511,0.793384,229.971,0.591835,33.4303
2038,100,0.1,0.2,100,100,500,4,1,0.1,0.3,2.5,0,3,3,0,-0.00674043,0.765559,0.673987,0.671536,14.7636
2039,100,0.1,0.2,100,100,500,4,1,0.1,0.3,2.5,0,0,1,0,-18.4193,0.779666,13.7027,0.665369,111.298
2039,100,0.1,0.2,100,100,500,4,1,0.1,0.3,2.5,0,0,2,0,-1.15285,0.77942,1.51911,0.666112,111.482
2039,100,0.1,0.2,100,100,500,4,1,0.1,0.3,2.5,0,0,3,0,-0.00159141,0.776478,0.706749,0.674998,14.5242
2040,100,0.1,0.2,100,100,500,4,1,0.1,0.3,2.5,0,2,1,0,-2577.54,0.765838,1436.2,0.602966,113.354
2040,100,0.1,0.2,100,100,500,4,1,0.1,0.3,2.5,0,2,2,0,-40.7789,0.781108,23.27,0.563645,113.343
2040,100,0.1,0.2,100,100,500,4,1,0.1,0.3,2.5,0,2,3,0,0.0515994,0.809873,0.528241,0.489575,17.2834
2041,100,0.1,0.2,100,100,500,4,1,0.1,0.5,2.5,1,1,1,0,-10.318,0.417987,15.7764,3.65236,457.981
2041,100,0.1,0.2,100,100,500,4,1,0.1,0.5,2.5,1,1,2,0,-25.7319,0.691875,37.2621,1.93361,467.741
2041,100,0.1,0.2,100,100,500,4,1,0.1,0.5,2.5,1,1,3,0,0.0691114,0.81229,1.29758,1.17795,24.1665
2042,100,0.1,0.2,100,100,500,4,1,0.1,0.5,2.5,1,3,1,0,-1100.74,0.602016,1277.58,2.5848,412.954
2042,100,0.1,0.2,100,100,500,4,1,0.1,0.5,2.5,1,3,2,0,-1100.74,0.602016,1277.58,2.5848,443.861
2042,100,0.1,0.2,100,100,500,4,1,0.1,0.5,2.5,1,3,3,0,0.0839161,0.844355,1.0623,1.01087,18.4733
2043,100,0.1,0.2,100,100,500,4,1,0.1,0.5,2.5,1,0,1,0,0.168419,0.905836,1.47389,0.975352,1704.93
2043,100,0.1,0.2,100,100,500,4,1,0.1,0.5,2.5,1,0,2,0,-1.70159,0.854807,4.7883,1.50391,1587.11
2043,100,0.1,0.2,100,100,500,4,1,0.1,0.5,2.5,1,0,3,0,0.31809,0.905083,1.20862,0.98315,18.3372
2044,100,0.1,0.2,100,100,500,4,1,0.1,0.5,2.5,1,2,1,0,-0.186384,0.883526,2.29676,1.11074,1585.43
2044,100,0.1,0.2,100,100,500,4,1,0.1,0.5,2.5,1,2,2,0,-155.018,0.714619,302.041,2.72151,1574.05
2044,100,0.1,0.2,100,100,500,4,1,0.1,0.5,2.5,1,2,3,0,0.248101,0.875787,1.45562,1.18455,20.3049
2045,100,0.1,0.2,100,100,500,4,1,0.1,0.5,2.5,0,1,1,0,-6.94923,0.607836,7.67019,1.49257,295.382
2045,100,0.1,0.2,100,100,500,4,1,0.1,0.5,2.5,0,1,2,0,-6.94923,0.607836,7.67019,1.49257,261.714
2045,100,0.1,0.2,100,100,500,4,1,0.1,0.5,2.5,0,1,3,0,0.00537786,0.749063,0.959709,0.955059,17.3093
2046,100,0.1,0.2,100,100,500,4,1,0.1,0.5,2.5,0,3,1,0,-7.47138,0.734195,7.822,1.0635,196.922
2046,100,0.1,0.2,100,100,500,4,1,0.1,0.5,2.5,0,3,2,0,-25.7309,0.71825,24.6819,1.12729,162.419
2046,100,0.1,0.2,100,100,500,4,1,0.1,0.5,2.5,0,3,3,0,-0.00280943,0.769221,0.925939,0.923356,11.6518
2047,100,0.1,0.2,100,100,500,4,1,0.1,0.5,2.5,0,0,1,0,-62.3224,0.745675,70.5533,1.0719,765.718
2047,100,0.1,0.2,100,100,500,4,1,0.1,0.5,2.5,0,0,2,0,-2.10937,0.741055,3.46444,1.09138,864.182
2047,100,0.1,0.2,100,100,500,4,1,0.1,0.5,2.5,0,0,3,0,0.00384937,0.737565,1.1099,1.10609,17.0695
2048,100,0.1,0.2,100,100,500,4,1,0.1,0.5,2.5,0,2,1,0,-0.305723,0.749001,1.39231,1.04348,215.477
2048,100,0.1,0.2,100,100,500,4,1,0.1,0.5,2.5,0,2,2,0,-0.301856,0.747263,1.38818,1.0507,324.834
2048,100,0.1,0.2,100,100,500,4,1,0.1,0.5,2.5,0,2,3,0,-0.00341164,0.745444,1.06995,1.05826,17.3595
2049,100,0.1,0.2,100,100,500,4,1,0.3,0,2.5,1,1,1,0,-0.686347,0.291792,1.10301,0.920421,197.197
2049,100,0.1,0.2,100,100,500,4,1,0.3,0,2.5,1,1,2,0,-0.961546,0.272161,1.28302,0.945933,196.704
2049,100,0.1,0.2,100,100,500,4,1,0.3,0,2.5,1,1,3,0,0.673387,0.917437,0.213633,0.107303,11.9181
2050,100,0.1,0.2,100,100,500,4,1,0.3,0,2.5,1,3,1,0,0.0622496,0.913616,0.449661,0.110899,98.9445
2050,100,0.1,0.2,100,100,500,4,1,0.3,0,2.5,1,3,2,0,0.0622496,0.913616,0.449661,0.110899,98.461
2050,100,0.1,0.2,100,100,500,4,1,0.3,0,2.5,1,3,3,0,0.680898,0.922272,0.153013,0.0997864,8.98142
2051,100,0.1,0.2,100,100,500,4,1,0.3,0,2.5,1,0,1,0,0.204598,0.92467,0.152137,0.0931173,219.065
2051,100,0.1,0.2,100,100,500,4,1,0.3,0,2.5,1,0,2,0,-4.50206,0.923262,1.05238,0.0948578,216.64
2051,100,0.1,0.2,100,100,500,4,1,0.3,0,2.5,1,0,3,0,0.463631,0.924803,0.102592,0.0929535,9.43282
2052,100,0.1,0.2,100,100,500,4,1,0.3,0,2.5,1,2,1,0,-4.98037,0.900884,1.08805,0.122301,108.645
2052,100,0.1,0.2,100,100,500,4,1,0.3,0,2.5,1,2,2,0,-0.667624,0.919898,0.303403,0.0988401,108.084
2052,100,0.1,0.2,100,100,500,4,1,0.3,0,2.5,1,2,3,0,0.463794,0.928107,0.0975559,0.0887108,9.27904
2053,100,0.1,0.2,100,100,500,4,1,0.3,0,2.5,0,1,1,0,-73.956,0.91341,11.8301,0.110047,131.23
2053,100,0.1,0.2,100,100,500,4,1,0.3,0,2.5,0,1,2,0,-2083.79,0.930671,329.038,0.0881095,131.608
2053,100,0.1,0.2,100,100,500,4,1,0.3,0,2.5,0,1,3,0,0.431995,0.934269,0.0896469,0.0835368,8.88708
2054,100,0.1,0.2,100,100,500,4,1,0.3,0,2.5,0,3,1,0,-57.4196,0.804252,8.57885,0.24516,131.233
2054,100,0.1,0.2,100,100,500,4,1,0.3,0,2.5,0,3,2,0,-7.18653,0.699934,1.20218,0.375811,131.082
2054,100,0.1,0.2,100,100,500,4,1,0.3,0,2.5,0,3,3,0,0.340841,0.926711,0.0967967,0.0917891,8.91298
2055,100,0.1,0.2,100,100,500,4,1,0.3,0,2.5,0,0,1,0,-1.01925,0.927232,0.833644,0.0892833,219.471
2055,100,0.1,0.2,100,100,500,4,1,0.3,0,2.5,0,0,2,0,-0.417337,0.91448,0.585146,0.10493,217.306
2055,100,0.1,0.2,100,100,500,4,1,0.3,0,2.5,0,0,3,0,0.643406,0.915887,0.147219,0.103204,9.19533
2056,100,0.1,0.2,100,100,500,4,1,0.3,0,2.5,0,2,1,0,-4.72192,0.928576,3.05555,0.0898221,219.203
2056,100,0.1,0.2,100,100,500,4,1,0.3,0,2.5,0,2,2,0,0.52832,0.92101,0.251881,0.0993361,217.928
2056,100,0.1,0.2,100,100,500,4,1,0.3,0,2.5,0,2,3,0,0.692512,0.922179,0.164201,0.0978671,12.0742
2057,100,0.1,0.2,100,100,500,4,1,0.3,0.1,2.5,1,1,1,0,-71.2385,0.727662,61.2359,0.877544,163.629
2057,100,0.1,0.2,100,100,500,4,1,0.3,0.1,2.5,1,1,2,0,-1655.35,0.752266,1404.08,0.798264,197.665
2057,100,0.1,0.2,100,100,500,4,1,0.3,0.1,2.5,1,1,3,0,-0.0223838,0.780305,0.866666,0.707914,25.6443
2058,100,0.1,0.2,100,100,500,4,1,0.3,0.1,2.5,1,3,1,0,-16.1252,0.719615,13.9038,0.8981,197.621
2058,100,0.1,0.2,100,100,500,4,1,0.3,0.1,2.5,1,3,2,0,-11.478,0.777694,10.1308,0.712067,164.426
2058,100,0.1,0.2,100,100,500,4,1,0.3,0.1,2.5,1,3,3,0,0.0226907,0.784,0.793468,0.69187,11.6891
2059,100,0.1,0.2,100,100,500,4,1,0.3,0.1,2.5,1,0,1,0,-15.8592,0.773382,12.853,0.725119,435.295
2059,100,0.1,0.2,100,100,500,4,1,0.3,0.1,2.5,1,0,2,0,-3996.28,0.782443,3047.42,0.696125,325.102
2059,100,0.1,0.2,100,100,500,4,1,0.3,0.1,2.5,1,0,3,0,0.000120874,0.764807,0.762281,0.752555,12.2719
2060,100,0.1,0.2,100,100,500,4,1,0.3,0.1,2.5,1,2,1,0,-65.0368,0.748613,60.7839,0.762389,217.624
2060,100,0.1,0.2,100,100,500,4,1,0.3,0.1,2.5,1,2,2,0,-5.39243,0.777883,5.88394,0.673622,217.907
2060,100,0.1,0.2,100,100,500,4,1,0.3,0.1,2.5,1,2,3,0,0.0105738,0.711075,0.910722,0.876233,20.1325
2061,100,0.1,0.2,100,100,500,4,1,0.3,0.1,2.5,0,1,1,0,-1.86346,0.792506,1.64459,0.418533,197.391
2061,100,0.1,0.2,100,100,500,4,1,0.3,0.1,2.5,0,1,2,0,-715.98,0.825875,411.788,0.351224,165.094
2061,100,0.1,0.2,100,100,500,4,1,0.3,0.1,2.5,0,1,3,0,0.347775,0.863246,0.374597,0.275843,14.3116
2062,100,0.1,0.2,100,100,500,4,1,0.3,0.1,2.5,0,3,1,0,-3.52961,0.838886,2.37369,0.291735,2347.56
2062,100,0.1,0.2,100,100,500,4,1,0.3,0.1,2.5,0,3,2,0,-0.688347,0.84887,0.88476,0.273656,220.74
2062,100,0.1,0.2,100,100,500,4,1,0.3,0.1,2.5,0,3,3,0,0.299493,0.841838,0.367093,0.28639,16.4495
2063,100,0.1,0.2,100,100,500,4,1,0.3,0.1,2.5,0,0,1,0,-1.5613,0.83926,1.23966,0.302939,364.631
2063,100,0.1,0.2,100,100,500,4,1,0.3,0.1,2.5,0,0,2,0,-11.6538,0.83734,6.1244,0.306558,364.585
2063,100,0.1,0.2,100,100,500,4,1,0.3,0.1,2.5,0,0,3,0,0.245648,0.840258,0.365104,0.301058,16.2252
2064,100,0.1,0.2,100,100,500,4,1,0.3,0.1,2.5,0,2,1,0,-1.92915,0.839121,0.938401,0.278494,365.51
2064,100,0.1,0.2,100,100,500,4,1,0.3,0.1,2.5,0,2,2,0,-1.80992,0.852269,0.900203,0.255735,366.698
2064,100,0.1,0.2,100,100,500,4,1,0.3,0.1,2.5,0,2,3,0,0.047604,0.828546,0.305115,0.2968,12.9212
2065,100,0.1,0.2,100,100,500,4,1,0.3,0.3,2.5,1,1,1,0,-4.1655,0.581964,6.71639,2.21002,257.398
2065,100,0.1,0.2,100,100,500,4,1,0.3,0.3,2.5,1,1,2,0,-30.3877,0.732897,40.8116,1.41209,293.041
2065,100,0.1,0.2,100,100,500,4,1,0.3,0.3,2.5,1,1,3,0,0.042867,0.775523,1.2445,1.18674,25.2845
2066,100,0.1,0.2,100,100,500,4,1,0.3,0.3,2.5,1,3,1,0,-3.75587,0.718876,6.23478,1.77717,292.994
2066,100,0.1,0.2,100,100,500,4,1,0.3,0.3,2.5,1,3,2,0,-3.75587,0.718876,6.23478,1.77717,294.048
2066,100,0.1,0.2,100,100,500,4,1,0.3,0.3,2.5,1,3,3,0,0.0829824,0.823564,1.20218,1.11537,19.2258
2067,100,0.1,0.2,100,100,500,4,1,0.3,0.3,2.5,1,0,1,0,-4.23272,0.671644,7.16795,2.24009,728.325
2067,100,0.1,0.2,100,100,500,4,1,0.3,0.3,2.5,1,0,2,0,-41.5839,0.697399,58.3328,2.06439,849.953
2067,100,0.1,0.2,100,100,500,4,1,0.3,0.3,2.5,1,0,3,0,0.0504418,0.818396,1.30074,1.23893,25.9298
2068,100,0.1,0.2,100,100,500,4,1,0.3,0.3,2.5,1,2,1,0,-1.82853,0.704216,4.83792,2.0272,848.826
2068,100,0.1,0.2,100,100,500,4,1,0.3,0.3,2.5,1,2,2,0,-21.2652,0.697766,38.0825,2.07141,729.282
2068,100,0.1,0.2,100,100,500,4,1,0.3,0.3,2.5,1,2,3,0,0.0565538,0.773583,1.61367,1.55179,25.8999
2069,100,0.1,0.2,100,100,500,4,1,0.3,0.3,2.5,0,1,1,0,0.0171162,0.735994,0.840647,0.832341,258.362
2069,100,0.1,0.2,100,100,500,4,1,0.3,0.3,2.5,0,1,2,0,-17.1716,0.644963,15.5419,1.11934,258.137
2069,100,0.1,0.2,100,100,500,4,1,0.3,0.3,2.5,0,1,3,0,0.0539827,0.770876,0.809115,0.722367,16.2556
2070,100,0.1,0.2,100,100,500,4,1,0.3,0.3,2.5,0,3,1,0,-0.971198,0.692619,1.39,0.867366,295.269
2070,100,0.1,0.2,100,100,500,4,1,0.3,0.3,2.5,0,3,2,0,-1.33689,0.704356,1.64787,0.834246,292.842
2070,100,0.1,0.2,100,100,500,4,1,0.3,0.3,2.5,0,3,3,0,0.00873464,0.758402,0.698996,0.681738,16.3373
2071,100,0.1,0.2,100,100,500,4,1,0.3,0.3,2.5,0,0,1,0,-5.42941,0.796371,4.38229,0.580206,732.171
2071,100,0.1,0.2,100,100,500,4,1,0.3,0.3,2.5,0,0,2,0,-3.34196,0.774441,2.95949,0.64269,581.628
2071,100,0.1,0.2,100,100,500,4,1,0.3,0.3,2.5,0,0,3,0,0.0101518,0.771424,0.674682,0.651288,16.1731
2072,100,0.1,0.2,100,100,500,4,1,0.3,0.3,2.5,0,2,1,0,-0.982687,0.782732,1.28179,0.588037,411.074
2072,100,0.1,0.2,100,100,500,4,1,0.3,0.3,2.5,0,2,2,0,-53.0868,0.713938,34.9666,0.774229,516.584
2072,100,0.1,0.2,100,100,500,4,1,0.3,0.3,2.5,0,2,3,0,-0.000793151,0.764597,0.647002,0.63712,13.6248
2073,100,0.1,0.2,100,100,500,4,1,0.3,0.5,2.5,1,1,1,0,-1.37587,0.790465,4.72654,2.02019,498.363
2073,100,0.1,0.2,100,100,500,4,1,0.3,0.5,2.5,1,1,2,0,-25.9591,0.67273,53.6323,3.15533,500.696
2073,100,0.1,0.2,100,100,500,4,1,0.3,0.5,2.5,1,1,3,0,0.206985,0.863762,1.57762,1.31352,19.4309
2074,100,0.1,0.2,100,100,500,4,1,0.3,0.5,2.5,1,3,1,0,-18.8649,0.686909,39.7335,2.44742,470.33
2074,100,0.1,0.2,100,100,500,4,1,0.3,0.5,2.5,1,3,2,0,-3.90581,0.70032,9.81252,2.34259,468.544
2074,100,0.1,0.2,100,100,500,4,1,0.3,0.5,2.5,1,3,3,0,0.177487,0.836556,1.64518,1.27764,21.6919
2075,100,0.1,0.2,100,100,500,4,1,0.3,0.5,2.5,1,0,1,0,-123.836,0.480452,206.301,3.13869,1340.53
2075,100,0.1,0.2,100,100,500,4,1,0.3,0.5,2.5,1,0,2,0,-1.79747,0.776036,4.62301,1.35301,1343.41
2075,100,0.1,0.2,100,100,500,4,1,0.3,0.5,2.5,1,0,3,0,-0.0155875,0.737413,1.67833,1.58634,37.05
2076,100,0.1,0.2,100,100,500,4,1,0.3,0.5,2.5,1,2,1,0,-0.0643622,0.852331,1.94406,1.42283,1548.24
2076,100,0.1,0.2,100,100,500,4,1,0.3,0.5,2.5,1,2,2,0,-27.9262,0.722372,52.8337,2.67502,1546.45
2076,100,0.1,0.2,100,100,500,4,1,0.3,0.5,2.5,1,2,3,0,0.263981,0.885396,1.34434,1.10424,19.0004
2077,100,0.1,0.2,100,100,500,4,1,0.3,0.5,2.5,0,1,1,0,-238.93,0.754937,292.396,1.05277,343.808
2077,100,0.1,0.2,100,100,500,4,1,0.3,0.5,2.5,0,1,2,0,-0.399858,0.696898,1.70597,1.3021,343.983
2077,100,0.1,0.2,100,100,500,4,1,0.3,0.5,2.5,0,1,3,0,-0.00620819,0.715832,1.22624,1.22076,14.0638
2078,100,0.1,0.2,100,100,500,4,1,0.3,0.5,2.5,0,3,1,0,-1526.34,0.675266,1617.68,1.40326,342.7
2078,100,0.1,0.2,100,100,500,4,1,0.3,0.5,2.5,0,3,2,0,-35.8824,0.74976,39.0638,1.08135,311.654
2078,100,0.1,0.2,100,100,500,4,1,0.3,0.5,2.5,0,3,3,0,-0.00343337,0.75613,1.06278,1.05383,16.4329
2079,100,0.1,0.2,100,100,500,4,1,0.3,0.5,2.5,0,0,1,0,-169.654,0.620369,155.957,1.32977,927.675
2079,100,0.1,0.2,100,100,500,4,1,0.3,0.5,2.5,0,0,2,0,-2915.68,0.74572,2665.49,0.890694,926.808
2079,100,0.1,0.2,100,100,500,4,1,0.3,0.5,2.5,0,0,3,0,0.00241331,0.743338,0.911673,0.899036,19.2716
2080,100,0.1,0.2,100,100,500,4,1,0.3,0.5,2.5,0,2,1,0,-3.59024,0.741929,4.98552,1.09297,925.136
2080,100,0.1,0.2,100,100,500,4,1,0.3,0.5,2.5,0,2,2,0,-1.48619,0.730981,2.70028,1.13933,925.623
2080,100,0.1,0.2,100,100,500,4,1,0.3,0.5,2.5,0,2,3,0,0.0184461,0.751535,1.06608,1.05229,16.4423
2081,100,0.1,0.2,100,100,500,4,1,0.5,0,2.5,1,1,1,0,-1.49111,0.728738,0.996263,0.438512,217.936
2081,100,0.1,0.2,100,100,500,4,1,0.5,0,2.5,1,1,2,0,-0.0371439,0.821007,0.414782,0.289353,219.808
2081,100,0.1,0.2,100,100,500,4,1,0.5,0,2.5,1,1,3,0,0.19638,0.820197,0.32139,0.290662,11.5649
2082,100,0.1,0.2,100,100,500,4,1,0.5,0,2.5,1,3,1,0,-15.8734,0.730249,4.39854,0.482207,216.863
2082,100,0.1,0.2,100,100,500,4,1,0.5,0,2.5,1,3,2,0,-7.0739,0.82135,2.1047,0.319354,216.558
2082,100,0.1,0.2,100,100,500,4,1,0.5,0,2.5,1,3,3,0,0.0675273,0.866643,0.243077,0.238389,11.16
2083,100,0.1,0.2,100,100,500,4,1,0.5,0,2.5,1,0,1,0,-1.6042,0.858931,0.79109,0.250659,626.676
2083,100,0.1,0.2,100,100,500,4,1,0.5,0,2.5,1,0,2,0,-1.21258,0.850905,0.672125,0.264921,619.402
2083,100,0.1,0.2,100,100,500,4,1,0.5,0,2.5,1,0,3,0,0.112017,0.853322,0.269747,0.260626,11.6564
2084,100,0.1,0.2,100,100,500,4,1,0.5,0,2.5,1,2,1,0,-0.731849,0.868431,0.451079,0.225456,621.66
2084,100,0.1,0.2,100,100,500,4,1,0.5,0,2.5,1,2,2,0,-0.0829437,0.858332,0.282065,0.242762,620.414
2084,100,0.1,0.2,100,100,500,4,1,0.5,0,2.5,1,2,3,0,0.0466848,0.857749,0.248302,0.24376,8.62188
2085,100,0.1,0.2,100,100,500,4,1,0.5,0,2.5,0,1,1,0,-4.83779,0.682379,1.29951,0.554315,248.038
2085,100,0.1,0.2,100,100,500,4,1,0.5,0,2.5,0,1,2,0,-17.5756,0.45726,4.13496,0.947194,249.296
2085,100,0.1,0.2,100,100,500,4,1,0.5,0,2.5,0,1,3,0,0.0129934,0.874661,0.21971,0.218742,11.4283
2086,100,0.1,0.2,100,100,500,4,1,0.5,0,2.5,0,3,1,0,-3.57311,0.647079,1.75375,0.611554,218.133
2086,100,0.1,0.2,100,100,500,4,1,0.5,0,2.5,0,3,2,0,-1.1158,0.73036,0.811392,0.467242,248.204
2086,100,0.1,0.2,100,100,500,4,1,0.5,0,2.5,0,3,3,0,0.212781,0.841772,0.301893,0.274183,11.2738
2087,100,0.1,0.2,100,100,500,4,1,0.5,0,2.5,0,0,1,0,0.267987,0.830551,0.446896,0.319894,617.424
2087,100,0.1,0.2,100,100,500,4,1,0.5,0,2.5,0,0,2,0,-7.49792e+06,0.863523,4.57751e+06,0.257648,619.178
2087,100,0.1,0.2,100,100,500,4,1,0.5,0,2.5,0,0,3,0,0.413728,0.856963,0.357921,0.270031,11.3817
2088,100,0.1,0.2,100,100,500,4,1,0.5,0,2.5,0,2,1,0,0.0751696,0.850736,0.389684,0.281376,725.535
2088,100,0.1,0.2,100,100,500,4,1,0.5,0,2.5,0,2,2,0,-17.0235,0.865269,7.59432,0.25398,619.927
2088,100,0.1,0.2,100,100,500,4,1,0.5,0,2.5,0,2,3,0,0.296135,0.860696,0.296579,0.2626,11.2325
2089,100,0.1,0.2,100,100,500,4,1,0.5,0.1,2.5,1,1,1,0,-1.66119,0.771558,2.25188,0.797028,218.716
2089,100,0.1,0.2,100,100,500,4,1,0.5,0.1,2.5,1,1,2,0,-15.6938,0.755049,14.1262,0.854629,282.707
2089,100,0.1,0.2,100,100,500,4,1,0.5,0.1,2.5,1,1,3,0,-0.0247482,0.771716,0.867135,0.796478,19.0321
2090,100,0.1,0.2,100,100,500,4,1,0.5,0.1,2.5,1,3,1,0,-1210.87,0.698332,1015.41,1.13561,281.918
2090,100,0.1,0.2,100,100,500,4,1,0.5,0.1,2.5,1,3,2,0,-5.0209,0.742854,5.04483,0.968014,311.906
2090,100,0.1,0.2,100,100,500,4,1,0.5,0.1,2.5,1,3,3,0,-0.0151224,0.781502,0.850556,0.822523,13.8621
2091,100,0.1,0.2,100,100,500,4,1,0.5,0.1,2.5,1,0,1,0,-1.14306,0.758648,1.55507,0.822253,730.784
2091,100,0.1,0.2,100,100,500,4,1,0.5,0.1,2.5,1,0,2,0,-2.60735,0.760193,2.6176,0.816991,2200.47
2091,100,0.1,0.2,100,100,500,4,1,0.5,0.1,2.5,1,0,3,0,-0.00909671,0.78526,0.732232,0.73159,12.5747
2092,100,0.1,0.2,100,100,500,4,1,0.5,0.1,2.5,1,2,1,0,-3898.82,0.755757,3139.04,0.810275,903.67
2092,100,0.1,0.2,100,100,500,4,1,0.5,0.1,2.5,1,2,2,0,-57.5982,0.738955,47.1669,0.866015,787.001
2092,100,0.1,0.2,100,100,500,4,1,0.5,0.1,2.5,1,2,3,0,-0.0242102,0.761977,0.824407,0.789638,17.6882
2093,100,0.1,0.2,100,100,500,4,1,0.5,0.1,2.5,0,1,1,0,-7.27259,0.821526,3.86928,0.412086,304.661
2093,100,0.1,0.2,100,100,500,4,1,0.5,0.1,2.5,0,1,2,0,-1.16562,0.699872,1.01291,0.69298,342.637
2093,100,0.1,0.2,100,100,500,4,1,0.5,0.1,2.5,0,1,3,0,0.0482867,0.814091,0.445138,0.429255,12.101
2094,100,0.1,0.2,100,100,500,4,1,0.5,0.1,2.5,0,3,1,0,-17.9099,0.805703,9.88726,0.47014,306.855
2094,100,0.1,0.2,100,100,500,4,1,0.5,0.1,2.5,0,3,2,0,-29.273,0.783967,15.8286,0.522733,306.853
2094,100,0.1,0.2,100,100,500,4,1,0.5,0.1,2.5,0,3,3,0,-0.000412405,0.785901,0.523078,0.518055,15.1931
2095,100,0.1,0.2,100,100,500,4,1,0.5,0.1,2.5,0,0,1,0,-166.503,0.800409,84.0398,0.490942,787.799
2095,100,0.1,0.2,100,100,500,4,1,0.5,0.1,2.5,0,0,2,0,-2.41087,0.817501,1.7113,0.448898,786.874
2095,100,0.1,0.2,100,100,500,4,1,0.5,0.1,2.5,0,0,3,0,0.0539204,0.813847,0.474667,0.457887,12.7065
2096,100,0.1,0.2,100,100,500,4,1,0.5,0.1,2.5,0,2,1,0,-27.2346,0.784214,13.6167,0.491234,784.433
2096,100,0.1,0.2,100,100,500,4,1,0.5,0.1,2.5,0,2,2,0,-0.584464,0.776343,0.764141,0.509153,790.469
2096,100,0.1,0.2,100,100,500,4,1,0.5,0.1,2.5,0,2,3,0,0.0378104,0.802404,0.464036,0.449826,12.4025
2097,100,0.1,0.2,100,100,500,4,1,0.5,0.3,2.5,1,1,1,0,-1.26883,0.690365,4.27484,2.14296,406.265
2097,100,0.1,0.2,100,100,500,4,1,0.5,0.3,2.5,1,1,2,0,-0.0899775,0.727927,2.05369,1.88299,372.54
2097,100,0.1,0.2,100,100,500,4,1,0.5,0.3,2.5,1,1,3,0,0.0314727,0.740575,1.82486,1.79545,17.7585
2098,100,0.1,0.2,100,100,500,4,1,0.5,0.3,2.5,1,3,1,0,-2.72366,0.705918,5.50799,1.99582,441.292
2098,100,0.1,0.2,100,100,500,4,1,0.5,0.3,2.5,1,3,2,0,-1.886,0.705251,4.26894,2.00034,439.15
2098,100,0.1,0.2,100,100,500,4,1,0.5,0.3,2.5,1,3,3,0,0.143992,0.838155,1.2662,1.09838,17.7154
2099,100,0.1,0.2,100,100,500,4,1,0.5,0.3,2.5,1,0,1,0,-1.05445,0.740272,3.19566,1.80532,1154.93
2099,100,0.1,0.2,100,100,500,4,1,0.5,0.3,2.5,1,0,2,0,-1.36813,0.703132,3.68359,2.06347,1131.75
2099,100,0.1,0.2,100,100,500,4,1,0.5,0.3,2.5,1,0,3,0,0.130091,0.826128,1.35313,1.20856,18.6646
2100,100,0.1,0.2,100,100,500,4,1,0.5,0.3,2.5,1,2,1,0,-0.599576,0.855933,2.71815,0.930349,1139.43
2100,100,0.1,0.2,100,100,500,4,1,0.5,0.3,2.5,1,2,2,0,-44.2505,0.651323,76.8939,2.25167,1131.9
2100,100,0.1,0.2,100,100,500,4,1,0.5,0.3,2.5,1,2,3,0,0.0546676,0.771181,1.6064,1.47766,18.8468
2101,100,0.1,0.2,100,100,500,4,1,0.5,0.3,2.5,0,1,1,0,-2361.51,0.730092,1647.81,0.86055,311.214
2101,100,0.1,0.2,100,100,500,4,1,0.5,0.3,2.5,0,1,2,0,-835.69,0.646968,583.576,1.12558,279.222
2101,100,0.1,0.2,100,100,500,4,1,0.5,0.3,2.5,0,1,3,0,0.0160972,0.788966,0.686254,0.672844,13.6593
2102,100,0.1,0.2,100,100,500,4,1,0.5,0.3,2.5,0,3,1,0,-95.2303,0.745935,103.238,0.919946,342.85
2102,100,0.1,0.2,100,100,500,4,1,0.5,0.3,2.5,0,3,2,0,-42.7725,0.634627,46.9601,1.32298,313.97
2102,100,0.1,0.2,100,100,500,4,1,0.5,0.3,2.5,0,3,3,0,0.00735409,0.709586,1.06493,1.05156,13.8838
2103,100,0.1,0.2,100,100,500,4,1,0.5,0.3,2.5,0,0,1,0,-19.3661,0.676502,19.7628,1.21338,929.849
2103,100,0.1,0.2,100,100,500,4,1,0.5,0.3,2.5,0,0,2,0,-2.35579,0.754378,3.25637,0.921284,1032.62
2103,100,0.1,0.2,100,100,500,4,1,0.5,0.3,2.5,0,0,3,0,0.00985117,0.751576,0.960816,0.931795,16.3324
2104,100,0.1,0.2,100,100,500,4,1,0.5,0.3,2.5,0,2,1,0,-1.8599,0.758285,2.36568,0.859323,927.681
2104,100,0.1,0.2,100,100,500,4,1,0.5,0.3,2.5,0,2,2,0,-5.5781,0.767517,5.44134,0.826502,927.293
2104,100,0.1,0.2,100,100,500,4,1,0.5,0.3,2.5,0,2,3,0,-0.00110589,0.769843,0.828104,0.818235,14.0744
2105,100,0.1,0.2,100,100,500,4,1,0.5,0.5,2.5,1,1,1,0,-0.0913765,0.823299,2.65416,1.62247,497.706
2105,100,0.1,0.2,100,100,500,4,1,0.5,0.5,2.5,1,1,2,0,-0.00813062,0.836855,2.45172,1.498,500.931
2105,100,0.1,0.2,100,100,500,4,1,0.5,0.5,2.5,1,1,3,0,0.0869032,0.809403,2.2206,1.75007,24.579
2106,100,0.1,0.2,100,100,500,4,1,0.5,0.5,2.5,1,3,1,0,-2.26471,0.861469,7.59366,1.41337,499.593
2106,100,0.1,0.2,100,100,500,4,1,0.5,0.5,2.5,1,3,2,0,-5.9485,0.831467,16.1621,1.71947,467.382
2106,100,0.1,0.2,100,100,500,4,1,0.5,0.5,2.5,1,3,3,0,0.29426,0.885206,1.64154,1.17119,16.9415
2107,100,0.1,0.2,100,100,500,4,1,0.5,0.5,2.5,1,0,1,0,-0.353747,0.897322,3.15345,1.06174,1656.76
2107,100,0.1,0.2,100,100,500,4,1,0.5,0.5,2.5,1,0,2,0,0.173725,0.894771,1.92474,1.08811,1548.63
2107,100,0.1,0.2,100,100,500,4,1,0.5,0.5,2.5,1,0,3,0,0.251789,0.875325,1.7429,1.28919,19.0267
2108,100,0.1,0.2,100,100,500,4,1,0.5,0.5,2.5,1,2,1,0,-131.095,0.705455,197.457,2.81489,1596.54
2108,100,0.1,0.2,100,100,500,4,1,0.5,0.5,2.5,1,2,2,0,-0.373114,0.842205,2.05255,1.508,1639.07
2108,100,0.1,0.2,100,100,500,4,1,0.5,0.5,2.5,1,2,3,0,0.165942,0.880459,1.24676,1.14242,17.4936
2109,100,0.1,0.2,100,100,500,4,1,0.5,0.5,2.5,0,1,1,0,-2.64641,0.731903,4.0583,1.24917,396.758
2109,100,0.1,0.2,100,100,500,4,1,0.5,0.5,2.5,0,1,2,0,-9.06973,0.769858,11.2072,1.07233,398.93
2109,100,0.1,0.2,100,100,500,4,1,0.5,0.5,2.5,0,1,3,0,0.0365544,0.777985,1.07228,1.03446,17.4331
2110,100,0.1,0.2,100,100,500,4,1,0.5,0.5,2.5,0,3,1,0,-0.378975,0.713787,1.30698,1.04423,397.371
2110,100,0.1,0.2,100,100,500,4,1,0.5,0.5,2.5,0,3,2,0,-6.43808,0.602246,7.04974,1.45119,412.733
2110,100,0.1,0.2,100,100,500,4,1,0.5,0.5,2.5,0,3,3,0,0.00982149,0.746499,0.938483,0.924887,20.1859
2111,100,0.1,0.2,100,100,500,4,1,0.5,0.5,2.5,0,0,1,0,-2.49326,0.730926,3.61319,1.22378,1203.44
2111,100,0.1,0.2,100,100,500,4,1,0.5,0.5,2.5,0,0,2,0,-1.37557,0.79976,2.45713,0.910716,1204.03
2111,100,0.1,0.2,100,100,500,4,1,0.5,0.5,2.5,0,0,3,0,0.0264214,0.78399,1.00701,0.982442,17.2959
2112,100,0.1,0.2,100,100,500,4,1,0.5,0.5,2.5,0,2,1,0,-1.17986,0.742407,2.33,1.20585,1201.11
2112,100,0.1,0.2,100,100,500,4,1,0.5,0.5,2.5,0,2,2,0,-1563.29,0.751714,1672.03,1.16228,2863.09
2112,100,0.1,0.2,100,100,500,4,1,0.5,0.5,2.5,0,2,3,0,0.00434932,0.773259,1.06423,1.06143,21.2503
2113,100,0.1,0.2,100,100,500,4,3,0,0,2.5,1,1,1,0,1,1,1.19244e-30,9.45945e-18,63.2839
2113,100,0.1,0.2,100,100,500,4,3,0,0,2.5,1,1,2,0,1,1,7.72827e-31,7.44561e-17,64.8238
2113,100,0.1,0.2,100,100,500,4,3,0,0,2.5,1,1,3,0,1,1,4.73555e-18,1.25573e-15,9.38811
2114,100,0.1,0.2,100,100,500,4,3,0,0,2.5,1,3,1,0,1,1,8.18134e-30,-5.88418e-16,61.856
2114,100,0.1,0.2,100,100,500,4,3,0,0,2.5,1,3,2,0,1,1,1.0973e-29,-3.17024e-16,61.7804
2114,100,0.1,0.2,100,100,500,4,3,0,0,2.5,1,3,3,0,1,1,9.29341e-23,2.41945e-16,12.3903
2115,100,0.1,0.2,100,100,500,4,3,0,0,2.5,1,0,1,0,1,1,5.48119e-29,1.88703e-16,253.066
2115,100,0.1,0.2,100,100,500,4,3,0,0,2.5,1,0,2,0,1,1,3.42373e-30,-3.30173e-16,256.424
2115,100,0.1,0.2,100,100,500,4,3,0,0,2.5,1,0,3,0,1,1,1.94376e-23,-4.82489e-16,14.9623
2116,100,0.1,0.2,100,100,500,4,3,0,0,2.5,1,2,1,0,1,1,3.54827e-30,-9.72153e-16,242.589
2116,100,0.1,0.2,100,100,500,4,3,0,0,2.5,1,2,2,0,1,1,2.7828e-27,-5.7461e-16,242.454
2116,100,0.1,0.2,100,100,500,4,3,0,0,2.5,1,2,3,0,1,1,1.17944e-19,-2.96985e-16,12.0902
2117,100,0.1,0.2,100,100,500,4,3,0,0,2.5,0,1,1,0,1,1,5.96825e-30,-9.36473e-17,63.9219
2117,100,0.1,0.2,100,100,500,4,3,0,0,2.5,0,1,2,0,1,1,9.64705e-30,-2.13052e-16,64.4023
2117,100,0.1,0.2,100,100,500,4,3,0,0,2.5,0,1,3,0,1,1,1.7898e-24,-4.60965e-16,12.2379
2118,100,0.1,0.2,100,100,500,4,3,0,0,2.5,0,3,1,0,1,1,1.62168e-29,-7.19425e-17,61.4006
2118,100,0.1,0.2,100,100,500,4,3,0,0,2.5,0,3,2,0,1,1,2.21652e-29,-5.3324e-16,61.3011
2118,100,0.1,0.2,100,100,500,4,3,0,0,2.5,0,3,3,0,1,1,1.73876e-20,-8.31335e-16,12.2843
2119,100,0.1,0.2,100,100,500,4,3,0,0,2.5,0,0,1,0,1,1,1.03086e-31,2.64587e-17,254.797
2119,100,0.1,0.2,100,100,500,4,3,0,0,2.5,0,0,2,0,1,1,1.59024e-29,1.05055e-15,255.12
2119,100,0.1,0.2,100,100,500,4,3,0,0,2.5,0,0,3,0,1,1,5.96179e-17,-1.1207e-15,9.52409
2120,100,0.1,0.2,100,100,500,4,3,0,0,2.5,0,2,1,0,1,1,8.29267e-31,-5.28633e-16,241.786
2120,100,0.1,0.2,100,100,500,4,3,0,0,2.5,0,2,2,0,1,1,6.9229e-30,-2.94792e-16,242.218
2120,100,0.1,0.2,100,100,500,4,3,0,0,2.5,0,2,3,0,1,1,8.3703e-18,1.30562e-16,12.0215
2121,100,0.1,0.2,100,100,500,4,3,0,0.1,2.5,1,1,1,0,-24.1485,0.577057,27.3897,1.98745,50.2698
2121,100,0.1,0.2,100,100,500,4,3,0,0.1,2.5,1,1,2,0,-24.0596,0.577047,27.2929,1.9875,50.9697
2121,100,0.1,0.2,100,100,500,4,3,0,0.1,2.5,1,1,3,0,0.0412198,0.783259,1.04423,1.01849,17.9847
2122,100,0.1,0.2,100,100,500,4,3,0,0.1,2.5,1,3,1,0,-61.6889,0.620099,67.3062,1.8375,50.4827
2122,100,0.1,0.2,100,100,500,4,3,0,0.1,2.5,1,3,2,0,-61.6889,0.620099,67.3062,1.8375,51.1832
2122,100,0.1,0.2,100,100,500,4,3,0,0.1,2.5,1,3,3,0,0.0265077,0.787357,1.04519,1.02851,17.6468
2123,100,0.1,0.2,100,100,500,4,3,0,0.1,2.5,1,0,1,0,-37.0639,0.641605,43.724,1.67142,214.932
2123,100,0.1,0.2,100,100,500,4,3,0,0.1,2.5,1,0,2,0,-35.4241,0.638136,41.8404,1.6876,214.372
2123,100,0.1,0.2,100,100,500,4,3,0,0.1,2.5,1,0,3,0,0.0324805,0.767051,1.11139,1.08639,17.7452
2124,100,0.1,0.2,100,100,500,4,3,0,0.1,2.5,1,2,1,0,-3.27709,0.58697,5.85798,2.10576,191.44
2124,100,0.1,0.2,100,100,500,4,3,0,0.1,2.5,1,2,2,0,-3.37538,0.581596,5.9926,2.13316,199.921
2124,100,0.1,0.2,100,100,500,4,3,0,0.1,2.5,1,2,3,0,0.113025,0.775829,1.21482,1.14289,26.2479
2125,100,0.1,0.2,100,100,500,4,3,0,0.1,2.5,0,1,1,0,-613.636,0.842664,572.569,0.548489,51.9491
2125,100,0.1,0.2,100,100,500,4,3,0,0.1,2.5,0,1,2,0,-601.515,0.842597,561.277,0.548725,51.8701
2125,100,0.1,0.2,100,100,500,4,3,0,0.1,2.5,0,1,3,0,0.015129,0.742649,0.917464,0.897153,14.7587
2126,100,0.1,0.2,100,100,500,4,3,0,0.1,2.5,0,3,1,0,-29.8988,0.83604,29.5333,0.579848,49.773
2126,100,0.1,0.2,100,100,500,4,3,0,0.1,2.5,0,3,2,0,-29.8981,0.836048,29.5326,0.579818,50.074
2126,100,0.1,0.2,100,100,500,4,3,0,0.1,2.5,0,3,3,0,0.0096662,0.738591,0.94657,0.924477,15.0999
2127,100,0.1,0.2,100,100,500,4,3,0,0.1,2.5,0,0,1,0,-11.0293,0.836223,12.7077,0.591421,217.662
2127,100,0.1,0.2,100,100,500,4,3,0,0.1,2.5,0,0,2,0,-10.1038,0.835476,11.7301,0.594116,219.342
2127,100,0.1,0.2,100,100,500,4,3,0,0.1,2.5,0,0,3,0,0.0027673,0.725524,1.05348,0.991167,23.4444
2128,100,0.1,0.2,100,100,500,4,3,0,0.1,2.5,0,2,1,0,-1.78606,0.842083,2.47171,0.551854,204.165
2128,100,0.1,0.2,100,100,500,4,3,0,0.1,2.5,0,2,2,0,-2.53123,0.839524,3.1328,0.560799,207.162
2128,100,0.1,0.2,100,100,500,4,3,0,0.1,2.5,0,2,3,0,-0.172792,0.836044,1.04046,0.57296,40.9556
2129,100,0.1,0.2,100,100,500,4,3,0,0.3,2.5,1,1,1,0,-293.325,0.267998,310.019,5.99878,35.474
2129,100,0.1,0.2,100,100,500,4,3,0,0.3,2.5,1,1,2,0,-301.172,0.267845,318.285,6.00003,35.7149
2129,100,0.1,0.2,100,100,500,4,3,0,0.3,2.5,1,1,3,0,0.0724323,0.882818,0.97703,0.960311,17.7025
2130,100,0.1,0.2,100,100,500,4,3,0,0.3,2.5,1,3,1,0,-53.0402,0.351522,66.2709,5.42174,36.5215
2130,100,0.1,0.2,100,100,500,4,3,0,0.3,2.5,1,3,2,0,-64.7558,0.349662,80.6381,5.4373,36.79
2130,100,0.1,0.2,100,100,500,4,3,0,0.3,2.5,1,3,3,0,0.128845,0.875957,1.06832,1.03709,17.6175
2131,100,0.1,0.2,100,100,500,4,3,0,0.3,2.5,1,0,1,0,-108.46,0.328572,125.424,5.75819,157.397
2131,100,0.1,0.2,100,100,500,4,3,0,0.3,2.5,1,0,2,0,-198.482,0.339315,228.577,5.66606,162.648
2131,100,0.1,0.2,100,100,500,4,3,0,0.3,2.5,1,0,3,0,0.149652,0.890199,0.974373,0.94166,18.0127
2132,100,0.1,0.2,100,100,500,4,3,0,0.3,2.5,1,2,1,0,-38.8956,0.32206,58.0016,5.1931,159.367
2132,100,0.1,0.2,100,100,500,4,3,0,0.3,2.5,1,2,2,0,-35.6206,0.262891,53.2404,5.64635,156.085
2132,100,0.1,0.2,100,100,500,4,3,0,0.3,2.5,1,2,3,0,0.271158,0.873871,1.05962,0.966164,20.5067
2133,100,0.1,0.2,100,100,500,4,3,0,0.3,2.5,0,1,1,0,-0.868341,0.565766,2.65776,1.96974,38.6139
2133,100,0.1,0.2,100,100,500,4,3,0,0.3,2.5,0,1,2,0,-0.892827,0.564633,2.69259,1.97488,39.099
2133,100,0.1,0.2,100,100,500,4,3,0,0.3,2.5,0,1,3,0,-0.0376807,0.675055,1.47612,1.47399,23.3942
2134,100,0.1,0.2,100,100,500,4,3,0,0.3,2.5,0,3,1,0,-20.5126,0.597656,20.2062,1.77686,35.7503
2134,100,0.1,0.2,100,100,500,4,3,0,0.3,2.5,0,3,2,0,-32.819,0.584708,31.7653,1.83404,37.7861
2134,100,0.1,0.2,100,100,500,4,3,0,0.3,2.5,0,3,3,0,0.0107212,0.792281,0.929205,0.917342,14.7643
2135,100,0.1,0.2,100,100,500,4,3,0,0.3,2.5,0,0,1,0,-9.07746,0.630907,11.7481,1.81295,160.39
2135,100,0.1,0.2,100,100,500,4,3,0,0.3,2.5,0,0,2,0,-6.57024,0.604291,8.82525,1.94368,162.88
2135,100,0.1,0.2,100,100,500,4,3,0,0.3,2.5,0,0,3,0,0.0596866,0.783676,1.0962,1.06256,17.7707
2136,100,0.1,0.2,100,100,500,4,3,0,0.3,2.5,0,2,1,0,-1627.5,0.619633,1740.72,1.86662,165.775
2136,100,0.1,0.2,100,100,500,4,3,0,0.3,2.5,0,2,2,0,-38.4747,0.593293,42.1948,1.99588,165.511
2136,100,0.1,0.2,100,100,500,4,3,0,0.3,2.5,0,2,3,0,0.0288088,0.792999,1.03811,1.01584,17.8761
2137,100,0.1,0.2,100,100,500,4,3,0,0.5,2.5,1,1,1,0,-32.0855,0.23493,57.5891,8.63983,32.0748
2137,100,0.1,0.2,100,100,500,4,3,0,0.5,2.5,1,1,2,0,-49.47,0.17754,87.8489,9.28793,31.4137
2137,100,0.1,0.2,100,100,500,4,3,0,0.5,2.5,1,1,3,0,0.407906,0.91743,1.03061,0.93245,17.8858
2138,100,0.1,0.2,100,100,500,4,3,0,0.5,2.5,1,3,1,0,-180.593,0.267305,217.041,8.14527,32.3846
2138,100,0.1,0.2,100,100,500,4,3,0,0.5,2.5,1,3,2,0,-256.106,0.191559,307.294,8.98733,31.1931
2138,100,0.1,0.2,100,100,500,4,3,0,0.5,2.5,1,3,3,0,0.123784,0.907807,1.04726,1.0249,18.3043
2139,100,0.1,0.2,100,100,500,4,3,0,0.5,2.5,1,0,1,0,-6.31378,0.912607,8.79455,1.00062,145.648
2139,100,0.1,0.2,100,100,500,4,3,0,0.5,2.5,1,0,2,0,-1.15043,0.912089,2.58581,1.00655,142.865
2139,100,0.1,0.2,100,100,500,4,3,0,0.5,2.5,1,0,3,0,0.101248,0.90702,1.08072,1.06459,18.1085
2140,100,0.1,0.2,100,100,500,4,3,0,0.5,2.5,1,2,1,0,-3.02404,0.921705,6.84984,0.945594,139.097
2140,100,0.1,0.2,100,100,500,4,3,0,0.5,2.5,1,2,2,0,-0.85036,0.92485,3.14974,0.907606,136.937
2140,100,0.1,0.2,100,100,500,4,3,0,0.5,2.5,1,2,3,0,0.360875,0.916533,1.08794,1.00805,16.1751
2141,100,0.1,0.2,100,100,500,4,3,0,0.5,2.5,0,1,1,0,-4.14438,0.39995,7.06634,3.00986,28.6786
2141,100,0.1,0.2,100,100,500,4,3,0,0.5,2.5,0,1,2,0,-6.79746,0.36529,10.7106,3.18371,29.4345
2141,100,0.1,0.2,100,100,500,4,3,0,0.5,2.5,0,1,3,0,0.0968343,0.773819,1.24059,1.13452,16.1859
2142,100,0.1,0.2,100,100,500,4,3,0,0.5,2.5,0,3,1,0,-7.21901,0.528023,8.03865,2.39647,29.1031
2142,100,0.1,0.2,100,100,500,4,3,0,0.5,2.5,0,3,2,0,-220.467,0.374902,216.607,3.17394,29.8675
2142,100,0.1,0.2,100,100,500,4,3,0,0.5,2.5,0,3,3,0,0.00340488,0.808589,0.974726,0.971889,16.9971
2143,100,0.1,0.2,100,100,500,4,3,0,0.5,2.5,0,0,1,0,-0.479963,0.821194,1.58939,1.02778,138.103
2143,100,0.1,0.2,100,100,500,4,3,0,0.5,2.5,0,0,2,0,-674.685,0.742791,725.645,1.47845,138.68
2143,100,0.1,0.2,100,100,500,4,3,0,0.5,2.5,0,0,3,0,0.0337561,0.822382,1.03769,1.02095,16.2554
2144,100,0.1,0.2,100,100,500,4,3,0,0.5,2.5,0,2,1,0,-3.68917,0.825972,8.30353,1.00761,135.713
2144,100,0.1,0.2,100,100,500,4,3,0,0.5,2.5,0,2,2,0,-34.1558,0.832348,62.2535,0.97069,136.996
2144,100,0.1,0.2,100,100,500,4,3,0,0.5,2.5,0,2,3,0,0.218798,0.797841,1.38334,1.17048,21.8853
2145,100,0.1,0.2,100,100,500,4,3,0.1,0,2.5,1,1,1,0,0.770135,0.985164,0.141932,0.0423746,40.173
2145,100,0.1,0.2,100,100,500,4,3,0.1,0,2.5,1,1,2,0,0.801399,0.986309,0.122628,0.0391043,41.6599
2145,100,0.1,0.2,100,100,500,4,3,0.1,0,2.5,1,1,3,0,0.81382,0.986791,0.114959,0.0377268,8.78805
2146,100,0.1,0.2,100,100,500,4,3,0.1,0,2.5,1,3,1,0,0.652839,0.987986,0.321741,0.0368264,34.1847
2146,100,0.1,0.2,100,100,500,4,3,0.1,0,2.5,1,3,2,0,0.506326,0.989154,0.457525,0.0332487,34.64
2146,100,0.1,0.2,100,100,500,4,3,0.1,0,2.5,1,3,3,0,0.674233,0.985236,0.301914,0.0452583,11.1484
2147,100,0.1,0.2,100,100,500,4,3,0.1,0,2.5,1,0,1,0,0.872195,0.988875,0.0526756,0.0326371,178.426
2147,100,0.1,0.2,100,100,500,4,3,0.1,0,2.5,1,0,2,0,0.877877,0.989586,0.0503339,0.0305506,185.423
2147,100,0.1,0.2,100,100,500,4,3,0.1,0,2.5,1,0,3,0,0.885714,0.989988,0.0471035,0.0293725,8.40955
2148,100,0.1,0.2,100,100,500,4,3,0.1,0,2.5,1,2,1,0,0.837124,0.989543,0.113771,0.0320633,167.085
2148,100,0.1,0.2,100,100,500,4,3,0.1,0,2.5,1,2,2,0,0.820493,0.988744,0.125388,0.0345134,174.645
2148,100,0.1,0.2,100,100,500,4,3,0.1,0,2.5,1,2,3,0,0.876861,0.990211,0.0860139,0.0300152,8.58879
2149,100,0.1,0.2,100,100,500,4,3,0.1,0,2.5,0,1,1,0,0.776658,0.988914,0.187851,0.032647,37.4485
2149,100,0.1,0.2,100,100,500,4,3,0.1,0,2.5,0,1,2,0,0.708692,0.984582,0.245017,0.0454057,36.9126
2149,100,0.1,0.2,100,100,500,4,3,0.1,0,2.5,0,1,3,0,0.786023,0.988452,0.179975,0.0340088,11.0608
2150,100,0.1,0.2,100,100,500,4,3,0.1,0,2.5,0,3,1,0,0.69188,0.981735,0.307404,0.0574632,33.6434
2150,100,0.1,0.2,100,100,500,4,3,0.1,0,2.5,0,3,2,0,0.699794,0.984589,0.299509,0.0484859,34.5555
2150,100,0.1,0.2,100,100,500,4,3,0.1,0,2.5,0,3,3,0,0.747066,0.987778,0.252346,0.0384529,11.1284
2151,100,0.1,0.2,100,100,500,4,3,0.1,0,2.5,0,0,1,0,-5.47545,0.988213,6.56656,0.0346838,174.999
2151,100,0.1,0.2,100,100,500,4,3,0.1,0,2.5,0,0,2,0,-7.58415,0.989029,8.70494,0.0322841,179.817
2151,100,0.1,0.2,100,100,500,4,3,0.1,0,2.5,0,0,3,0,0.13055,0.932247,0.881684,0.199374,14.3994
2152,100,0.1,0.2,100,100,500,4,3,0.1,0,2.5,0,2,1,0,0.171483,0.988645,0.770944,0.0338037,170.689
2152,100,0.1,0.2,100,100,500,4,3,0.1,0,2.5,0,2,2,0,0.417382,0.989186,0.542133,0.0321944,171.447
2152,100,0.1,0.2,100,100,500,4,3,0.1,0,2.5,0,2,3,0,0.607575,0.983906,0.365156,0.047913,11.3317
2153,100,0.1,0.2,100,100,500,4,3,0.1,0.1,2.5,1,1,1,0,-219.166,0.63418,217.136,1.68015,27.9487
2153,100,0.1,0.2,100,100,500,4,3,0.1,0.1,2.5,1,1,2,0,-11.8855,0.658644,12.7081,1.56779,28.7133
2153,100,0.1,0.2,100,100,500,4,3,0.1,0.1,2.5,1,1,3,0,0.00258073,0.786193,0.98369,0.981979,11.3135
2154,100,0.1,0.2,100,100,500,4,3,0.1,0.1,2.5,1,3,1,0,-1.91359,0.641009,4.04737,1.61934,37.5207
2154,100,0.1,0.2,100,100,500,4,3,0.1,0.1,2.5,1,3,2,0,-2.37121,0.650199,4.68306,1.57789,37.1532
2154,100,0.1,0.2,100,100,500,4,3,0.1,0.1,2.5,1,3,3,0,-0.258203,0.64515,1.74781,1.60067,16.381
2155,100,0.1,0.2,100,100,500,4,3,0.1,0.1,2.5,1,0,1,0,-11.4726,0.627108,14.6134,1.83181,165.198
2155,100,0.1,0.2,100,100,500,4,3,0.1,0.1,2.5,1,0,2,0,-11.6891,0.625116,14.8671,1.84159,159.935
2155,100,0.1,0.2,100,100,500,4,3,0.1,0.1,2.5,1,0,3,0,0.0153904,0.768669,1.15361,1.1364,16.1745
2156,100,0.1,0.2,100,100,500,4,3,0.1,0.1,2.5,1,2,1,0,-190.591,0.606388,181.504,1.86941,161.147
2156,100,0.1,0.2,100,100,500,4,3,0.1,0.1,2.5,1,2,2,0,-106.436,0.588577,101.779,1.954,152.641
2156,100,0.1,0.2,100,100,500,4,3,0.1,0.1,2.5,1,2,3,0,0.00920049,0.804205,0.938636,0.929903,13.6109
2157,100,0.1,0.2,100,100,500,4,3,0.1,0.1,2.5,0,1,1,0,-6.74352,0.763259,6.48565,0.875293,31.285
2157,100,0.1,0.2,100,100,500,4,3,0.1,0.1,2.5,0,1,2,0,-14.4363,0.764661,12.9288,0.870107,31.5797
2157,100,0.1,0.2,100,100,500,4,3,0.1,0.1,2.5,0,1,3,0,0.00316341,0.774934,0.834909,0.832127,13.7804
2158,100,0.1,0.2,100,100,500,4,3,0.1,0.1,2.5,0,3,1,0,-0.289844,0.830959,0.659928,0.603714,38.0066
2158,100,0.1,0.2,100,100,500,4,3,0.1,0.1,2.5,0,3,2,0,-0.177774,0.84693,0.60259,0.546676,40.0396
2158,100,0.1,0.2,100,100,500,4,3,0.1,0.1,2.5,0,3,3,0,0.00063032,0.85934,0.511312,0.502354,8.6313
2159,100,0.1,0.2,100,100,500,4,3,0.1,0.1,2.5,0,0,1,0,-7.15182,0.75798,8.81506,1.00993,155.443
2159,100,0.1,0.2,100,100,500,4,3,0.1,0.1,2.5,0,0,2,0,-4.67039,0.755527,6.13174,1.02017,154.102
2159,100,0.1,0.2,100,100,500,4,3,0.1,0.1,2.5,0,0,3,0,-0.00440686,0.743483,1.08613,1.07042,21.7193
2160,100,0.1,0.2,100,100,500,4,3,0.1,0.1,2.5,0,2,1,0,-4.44522,0.776305,5.24671,0.819679,158.078
2160,100,0.1,0.2,100,100,500,4,3,0.1,0.1,2.5,0,2,2,0,-5.44639,0.773278,6.21138,0.830768,154.625
2160,100,0.1,0.2,100,100,500,4,3,0.1,0.1,2.5,0,2,3,0,-0.0358429,0.74854,0.99808,0.921416,32.0768
2161,100,0.1,0.2,100,100,500,4,3,0.1,0.3,2.5,1,1,1,0,-0.0657222,0.841096,1.38978,1.38031,27.6605
2161,100,0.1,0.2,100,100,500,4,3,0.1,0.3,2.5,1,1,2,0,-6.28211,0.880498,9.49639,1.03805,28.7294
2161,100,0.1,0.2,100,100,500,4,3,0.1,0.3,2.5,1,1,3,0,0.210816,0.887682,1.02915,0.975644,16.0418
2162,100,0.1,0.2,100,100,500,4,3,0.1,0.3,2.5,1,3,1,0,-4.18366,0.329304,15.651,5.73927,29.3076
2162,100,0.1,0.2,100,100,500,4,3,0.1,0.3,2.5,1,3,2,0,-5.0305,0.353802,18.2079,5.52964,30.3538
2162,100,0.1,0.2,100,100,500,4,3,0.1,0.3,2.5,1,3,3,0,0.475882,0.86811,1.58247,1.12861,18.6922
2163,100,0.1,0.2,100,100,500,4,3,0.1,0.3,2.5,1,0,1,0,-244.069,0.856654,263.247,1.24582,141.402
2163,100,0.1,0.2,100,100,500,4,3,0.1,0.3,2.5,1,0,2,0,-20.5369,0.838744,23.1343,1.40147,142.463
2163,100,0.1,0.2,100,100,500,4,3,0.1,0.3,2.5,1,0,3,0,0.0827802,0.889376,0.985254,0.961432,13.6664
2164,100,0.1,0.2,100,100,500,4,3,0.1,0.3,2.5,1,2,1,0,-1158.94,0.868554,1724.03,0.985399,134.336
2164,100,0.1,0.2,100,100,500,4,3,0.1,0.3,2.5,1,2,2,0,-22.0807,0.270885,34.305,5.46591,135.27
2164,100,0.1,0.2,100,100,500,4,3,0.1,0.3,2.5,1,2,3,0,0.223112,0.857447,1.15469,1.06866,16.3189
2165,100,0.1,0.2,100,100,500,4,3,0.1,0.3,2.5,0,1,1,0,-0.0791692,0.792854,1.04463,0.962524,28.4767
2165,100,0.1,0.2,100,100,500,4,3,0.1,0.3,2.5,0,1,2,0,-834.919,0.600959,809.165,1.85418,27.4239
2165,100,0.1,0.2,100,100,500,4,3,0.1,0.3,2.5,0,1,3,0,0.0111534,0.795924,0.957199,0.948258,13.6942
2166,100,0.1,0.2,100,100,500,4,3,0.1,0.3,2.5,0,3,1,0,-0.168079,0.793377,1.16692,1.0339,26.6834
2166,100,0.1,0.2,100,100,500,4,3,0.1,0.3,2.5,0,3,2,0,-0.132294,0.794996,1.13117,1.0258,28.0085
2166,100,0.1,0.2,100,100,500,4,3,0.1,0.3,2.5,0,3,3,0,0.00333672,0.801247,0.995671,0.994519,11.0943
2167,100,0.1,0.2,100,100,500,4,3,0.1,0.3,2.5,0,0,1,0,-98.3349,0.580882,101.641,1.96562,147.104
2167,100,0.1,0.2,100,100,500,4,3,0.1,0.3,2.5,0,0,2,0,-176.052,0.527632,181.162,2.21536,148.403
2167,100,0.1,0.2,100,100,500,4,3,0.1,0.3,2.5,0,0,3,0,0.00349256,0.783071,1.01964,1.01737,14.0457
2168,100,0.1,0.2,100,100,500,4,3,0.1,0.3,2.5,0,2,1,0,-56.8256,0.750723,65.7232,1.28628,138.046
2168,100,0.1,0.2,100,100,500,4,3,0.1,0.3,2.5,0,2,2,0,-8.8915,0.672014,11.2425,1.69243,137.175
2168,100,0.1,0.2,100,100,500,4,3,0.1,0.3,2.5,0,2,3,0,0.0629651,0.800268,1.06501,1.03063,16.1284
2169,100,0.1,0.2,100,100,500,4,3,0.1,0.5,2.5,1,1,1,0,-0.75306,0.387253,6.26686,4.88368,28.7412
2169,100,0.1,0.2,100,100,500,4,3,0.1,0.5,2.5,1,1,2,0,-1.80842,0.00820109,10.0396,7.90478,28.436
2169,100,0.1,0.2,100,100,500,4,3,0.1,0.5,2.5,1,1,3,0,0.441388,0.856424,1.99693,1.14432,22.0874
2170,100,0.1,0.2,100,100,500,4,3,0.1,0.5,2.5,1,3,1,0,0.0823706,0.900922,1.0306,0.98523,27.6666
2170,100,0.1,0.2,100,100,500,4,3,0.1,0.5,2.5,1,3,2,0,-0.376998,0.878342,1.54651,1.20976,27.5225
2170,100,0.1,0.2,100,100,500,4,3,0.1,0.5,2.5,1,3,3,0,0.124174,0.903297,0.983646,0.961607,16.6085
2171,100,0.1,0.2,100,100,500,4,3,0.1,0.5,2.5,1,0,1,0,-0.362244,0.923277,4.94496,0.932926,129.161
2171,100,0.1,0.2,100,100,500,4,3,0.1,0.5,2.5,1,0,2,0,0.601723,0.921713,1.44575,0.951942,127.538
2171,100,0.1,0.2,100,100,500,4,3,0.1,0.5,2.5,1,0,3,0,0.626145,0.917909,1.3571,0.998196,18.8119
2172,100,0.1,0.2,100,100,500,4,3,0.1,0.5,2.5,1,2,1,0,-0.645288,0.922153,2.84617,0.921993,128.931
2172,100,0.1,0.2,100,100,500,4,3,0.1,0.5,2.5,1,2,2,0,0.326399,0.914962,1.16526,1.00716,127.723
2172,100,0.1,0.2,100,100,500,4,3,0.1,0.5,2.5,1,2,3,0,0.386694,0.917857,1.06095,0.972866,18.8926
2173,100,0.1,0.2,100,100,500,4,3,0.1,0.5,2.5,0,1,1,0,-4.14427,0.39273,7.77199,3.18679,26.5491
2173,100,0.1,0.2,100,100,500,4,3,0.1,0.5,2.5,0,1,2,0,-5.35151,0.323519,9.59589,3.55,27.6743
2173,100,0.1,0.2,100,100,500,4,3,0.1,0.5,2.5,0,1,3,0,0.147039,0.783338,1.28866,1.13699,18.7881
2174,100,0.1,0.2,100,100,500,4,3,0.1,0.5,2.5,0,3,1,0,-2.15493,0.389379,5.36782,3.11171,27.7275
2174,100,0.1,0.2,100,100,500,4,3,0.1,0.5,2.5,0,3,2,0,-1.98783,0.401525,5.0835,3.04981,27.6769
2174,100,0.1,0.2,100,100,500,4,3,0.1,0.5,2.5,0,3,3,0,0.11641,0.735053,1.50334,1.35016,23.9688
2175,100,0.1,0.2,100,100,500,4,3,0.1,0.5,2.5,0,0,1,0,-10.0898,0.671515,11.826,1.79228,140.039
2175,100,0.1,0.2,100,100,500,4,3,0.1,0.5,2.5,0,0,2,0,-26.9875,0.729181,29.8454,1.47765,138.929
2175,100,0.1,0.2,100,100,500,4,3,0.1,0.5,2.5,0,0,3,0,0.0729517,0.825244,0.988588,0.953506,13.8071
2176,100,0.1,0.2,100,100,500,4,3,0.1,0.5,2.5,0,2,1,0,-0.115145,0.839632,1.08062,0.977823,133.731
2176,100,0.1,0.2,100,100,500,4,3,0.1,0.5,2.5,0,2,2,0,-1.01548,0.771388,1.95309,1.39393,133.441
2176,100,0.1,0.2,100,100,500,4,3,0.1,0.5,2.5,0,2,3,0,0.00429436,0.842678,0.964882,0.959251,13.8494
2177,100,0.1,0.2,100,100,500,4,3,0.3,0,2.5,1,1,1,0,0.138303,0.801162,0.755171,0.637589,30.3343
2177,100,0.1,0.2,100,100,500,4,3,0.3,0,2.5,1,1,2,0,0.126509,0.850094,0.765506,0.480685,28.7705
2177,100,0.1,0.2,100,100,500,4,3,0.3,0,2.5,1,1,3,0,0.166558,0.837138,0.730408,0.522229,13.6934
2178,100,0.1,0.2,100,100,500,4,3,0.3,0,2.5,1,3,1,0,-0.0341775,0.78967,1.10987,0.697036,28.363
2178,100,0.1,0.2,100,100,500,4,3,0.3,0,2.5,1,3,2,0,0.0191017,0.811208,1.05269,0.625657,28.0423
2178,100,0.1,0.2,100,100,500,4,3,0.3,0,2.5,1,3,3,0,0.0653876,0.749148,1.00302,0.831323,13.7316
2179,100,0.1,0.2,100,100,500,4,3,0.3,0,2.5,1,0,1,0,-1.32143,0.906739,2.10153,0.29942,148.62
2179,100,0.1,0.2,100,100,500,4,3,0.3,0,2.5,1,0,2,0,-1.092,0.91449,1.89383,0.274533,151.415
2179,100,0.1,0.2,100,100,500,4,3,0.3,0,2.5,1,0,3,0,0.199343,0.84714,0.724813,0.490764,16.395
2180,100,0.1,0.2,100,100,500,4,3,0.3,0,2.5,1,2,1,0,-9.47065,0.912444,8.80976,0.295681,144.102
2180,100,0.1,0.2,100,100,500,4,3,0.3,0,2.5,1,2,2,0,-5.81851,0.913356,5.73694,0.292599,142.675
2180,100,0.1,0.2,100,100,500,4,3,0.3,0,2.5,1,2,3,0,0.0873531,0.812083,0.76788,0.634602,13.7748
2181,100,0.1,0.2,100,100,500,4,3,0.3,0,2.5,0,1,1,0,0.259533,0.905112,0.56306,0.313146,31.5549
2181,100,0.1,0.2,100,100,500,4,3,0.3,0,2.5,0,1,2,0,0.243213,0.903513,0.575469,0.318423,31.2053
2181,100,0.1,0.2,100,100,500,4,3,0.3,0,2.5,0,1,3,0,0.353689,0.899045,0.491462,0.333169,14.1338
2182,100,0.1,0.2,100,100,500,4,3,0.3,0,2.5,0,3,1,0,-0.0622732,0.708234,1.01622,0.939081,28.2307
2182,100,0.1,0.2,100,100,500,4,3,0.3,0,2.5,0,3,2,0,0.0378366,0.77616,0.920451,0.720453,28.0758
2182,100,0.1,0.2,100,100,500,4,3,0.3,0,2.5,0,3,3,0,0.0721021,0.772694,0.887671,0.731609,13.6024
2183,100,0.1,0.2,100,100,500,4,3,0.3,0,2.5,0,0,1,0,-17.8204,0.887086,18.0859,0.363196,147.09
2183,100,0.1,0.2,100,100,500,4,3,0.3,0,2.5,0,0,2,0,-200.175,0.902057,193.323,0.315039,147.446
2183,100,0.1,0.2,100,100,500,4,3,0.3,0,2.5,0,0,3,0,0.00227754,0.703159,0.958785,0.95481,11.7111
2184,100,0.1,0.2,100,100,500,4,3,0.3,0,2.5,0,2,1,0,-0.376015,0.907849,1.01425,0.315939,140.719
2184,100,0.1,0.2,100,100,500,4,3,0.3,0,2.5,0,2,2,0,-0.147583,0.886897,0.845875,0.387774,143.096
2184,100,0.1,0.2,100,100,500,4,3,0.3,0,2.5,0,2,3,0,0.315749,0.892421,0.504356,0.368836,13.5498
2185,100,0.1,0.2,100,100,500,4,3,0.3,0.1,2.5,1,1,1,0,-0.48711,0.660631,2.04087,1.6588,31.0566
2185,100,0.1,0.2,100,100,500,4,3,0.3,0.1,2.5,1,1,2,0,-0.875079,0.644125,2.57331,1.73949,31.1023
2185,100,0.1,0.2,100,100,500,4,3,0.3,0.1,2.5,1,1,3,0,-0.0488432,0.70799,1.43941,1.42732,18.7812
2186,100,0.1,0.2,100,100,500,4,3,0.3,0.1,2.5,1,3,1,0,-0.405036,0.687134,1.88919,1.71866,29.6402
2186,100,0.1,0.2,100,100,500,4,3,0.3,0.1,2.5,1,3,2,0,0.00749939,0.799181,1.3345,1.10316,27.7645
2186,100,0.1,0.2,100,100,500,4,3,0.3,0.1,2.5,1,3,3,0,0.185755,0.8231,1.09482,0.97176,18.7556
2187,100,0.1,0.2,100,100,500,4,3,0.3,0.1,2.5,1,0,1,0,-5.61822,0.603684,7.78342,2.23181,139.587
2187,100,0.1,0.2,100,100,500,4,3,0.3,0.1,2.5,1,0,2,0,-0.58147,0.770802,1.8599,1.2907,140.866
2187,100,0.1,0.2,100,100,500,4,3,0.3,0.1,2.5,1,0,3,0,0.0710843,0.812778,1.09246,1.05432,16.3687
2188,100,0.1,0.2,100,100,500,4,3,0.3,0.1,2.5,1,2,1,0,-10.1903,0.817498,20.7586,0.975457,139.015
2188,100,0.1,0.2,100,100,500,4,3,0.3,0.1,2.5,1,2,2,0,-3.27696,0.523237,7.93401,2.54826,139.131
2188,100,0.1,0.2,100,100,500,4,3,0.3,0.1,2.5,1,2,3,0,0.124803,0.711337,1.62354,1.54288,30.1606
2189,100,0.1,0.2,100,100,500,4,3,0.3,0.1,2.5,0,1,1,0,-0.125588,0.806713,0.998123,0.742931,31.5569
2189,100,0.1,0.2,100,100,500,4,3,0.3,0.1,2.5,0,1,2,0,-0.0204799,0.807383,0.904918,0.740354,30.7948
2189,100,0.1,0.2,100,100,500,4,3,0.3,0.1,2.5,0,1,3,0,0.00288512,0.805536,0.884199,0.747452,13.7314
2190,100,0.1,0.2,100,100,500,4,3,0.3,0.1,2.5,0,3,1,0,-0.235067,0.739336,1.25205,1.08575,28.3745
2190,100,0.1,0.2,100,100,500,4,3,0.3,0.1,2.5,0,3,2,0,-1.29642,0.734023,2.328,1.10787,28.2291
2190,100,0.1,0.2,100,100,500,4,3,0.3,0.1,2.5,0,3,3,0,-0.00648312,0.758614,1.02033,1.00545,16.2149
2191,100,0.1,0.2,100,100,500,4,3,0.3,0.1,2.5,0,0,1,0,-6.82963,0.779917,7.01886,0.825903,145.327
2191,100,0.1,0.2,100,100,500,4,3,0.3,0.1,2.5,0,0,2,0,-15.9999,0.76044,15.2395,0.898993,144.495
2191,100,0.1,0.2,100,100,500,4,3,0.3,0.1,2.5,0,0,3,0,0.00693217,0.764356,0.890235,0.884299,13.8362
2192,100,0.1,0.2,100,100,500,4,3,0.3,0.1,2.5,0,2,1,0,-0.571411,0.787281,1.33511,0.816836,138.688
2192,100,0.1,0.2,100,100,500,4,3,0.3,0.1,2.5,0,2,2,0,-0.567264,0.785458,1.33159,0.823837,141.837
2192,100,0.1,0.2,100,100,500,4,3,0.3,0.1,2.5,0,2,3,0,-0.0150353,0.790163,0.862402,0.805772,13.6206
2193,100,0.1,0.2,100,100,500,4,3,0.3,0.3,2.5,1,1,1,0,0.344023,0.862696,1.48309,1.07918,27.1911
2193,100,0.1,0.2,100,100,500,4,3,0.3,0.3,2.5,1,1,2,0,-2.81382,0.319035,8.62265,5.35226,26.8678
2193,100,0.1,0.2,100,100,500,4,3,0.3,0.3,2.5,1,1,3,0,0.372296,0.854884,1.41917,1.14058,18.9696
2194,100,0.1,0.2,100,100,500,4,3,0.3,0.3,2.5,1,3,1,0,-0.881575,0.844662,1.64671,1.14141,27.5505
2194,100,0.1,0.2,100,100,500,4,3,0.3,0.3,2.5,1,3,2,0,-0.202215,0.863724,1.05215,1.00134,28.0675
2194,100,0.1,0.2,100,100,500,4,3,0.3,0.3,2.5,1,3,3,0,0.011761,0.88385,0.864884,0.85346,13.6281
2195,100,0.1,0.2,100,100,500,4,3,0.3,0.3,2.5,1,0,1,0,-0.133791,0.886092,3.35225,1.01494,129.208
2195,100,0.1,0.2,100,100,500,4,3,0.3,0.3,2.5,1,0,2,0,0.0322039,0.886568,2.86145,1.01069,129.347
2195,100,0.1,0.2,100,100,500,4,3,0.3,0.3,2.5,1,0,3,0,0.487447,0.876451,1.51545,1.10084,19.1084
2196,100,0.1,0.2,100,100,500,4,3,0.3,0.3,2.5,1,2,1,0,-1.10071,0.893629,4.06839,0.999561,127.074
2196,100,0.1,0.2,100,100,500,4,3,0.3,0.3,2.5,1,2,2,0,-71.973,0.900437,141.325,0.935581,128.719
2196,100,0.1,0.2,100,100,500,4,3,0.3,0.3,2.5,1,2,3,0,0.389146,0.889792,1.18302,1.03562,16.4662
2197,100,0.1,0.2,100,100,500,4,3,0.3,0.3,2.5,0,1,1,0,-0.0565792,0.806839,1.12585,1.08361,28.3124
2197,100,0.1,0.2,100,100,500,4,3,0.3,0.3,2.5,0,1,2,0,-0.186007,0.804838,1.26376,1.09483,28.1093
2197,100,0.1,0.2,100,100,500,4,3,0.3,0.3,2.5,0,1,3,0,0.00348734,0.811112,1.06185,1.05963,13.8642
2198,100,0.1,0.2,100,100,500,4,3,0.3,0.3,2.5,0,3,1,0,-0.491172,0.579468,2.57638,2.14218,29.3887
2198,100,0.1,0.2,100,100,500,4,3,0.3,0.3,2.5,0,3,2,0,-0.251799,0.612069,2.16281,1.97611,28.6436
2198,100,0.1,0.2,100,100,500,4,3,0.3,0.3,2.5,0,3,3,0,0.137024,0.732599,1.49101,1.36214,26.6642
2199,100,0.1,0.2,100,100,500,4,3,0.3,0.3,2.5,0,0,1,0,-7970.79,0.782089,11210.1,1.16389,139.343
2199,100,0.1,0.2,100,100,500,4,3,0.3,0.3,2.5,0,0,2,0,-12.9967,0.668759,19.6824,1.76921,141.134
2199,100,0.1,0.2,100,100,500,4,3,0.3,0.3,2.5,0,0,3,0,0.120668,0.783741,1.23653,1.15507,21.7653
2200,100,0.1,0.2,100,100,500,4,3,0.3,0.3,2.5,0,2,1,0,-46.4361,0.691639,55.0598,1.56352,135.89
2200,100,0.1,0.2,100,100,500,4,3,0.3,0.3,2.5,0,2,2,0,-1.06146,0.785191,2.39277,1.08917,134.589
2200,100,0.1,0.2,100,100,500,4,3,0.3,0.3,2.5,0,2,3,0,0.0662215,0.796389,1.08385,1.03239,19.3146
2201,100,0.1,0.2,100,100,500,4,3,0.3,0.5,2.5,1,1,1,0,0.293937,0.912137,1.28415,1.04699,28.4198
2201,100,0.1,0.2,100,100,500,4,3,0.3,0.5,2.5,1,1,2,0,0.162893,0.877777,1.52249,1.45642,27.5423
2201,100,0.1,0.2,100,100,500,4,3,0.3,0.5,2.5,1,1,3,0,0.394664,0.914577,1.10096,1.01791,19.0745
2202,100,0.1,0.2,100,100,500,4,3,0.3,0.5,2.5,1,3,1,0,0.631973,0.926802,2.39972,0.876017,53.4702
2202,100,0.1,0.2,100,100,500,4,3,0.3,0.5,2.5,1,3,2,0,0.613878,0.885369,2.51771,1.37188,80.8031
2202,100,0.1,0.2,100,100,500,4,3,0.3,0.5,2.5,1,3,3,0,0.667556,0.921194,2.1677,0.943129,21.8654
2203,100,0.1,0.2,100,100,500,4,3,0.3,0.5,2.5,1,0,1,0,0.379835,0.923104,2.66069,0.98911,124.862
2203,100,0.1,0.2,100,100,500,4,3,0.3,0.5,2.5,1,0,2,0,-20.069,0.915944,90.3923,1.08121,128.138
2203,100,0.1,0.2,100,100,500,4,3,0.3,0.5,2.5,1,0,3,0,0.65622,0.920628,1.47492,1.02096,18.9192
2204,100,0.1,0.2,100,100,500,4,3,0.3,0.5,2.5,1,2,1,0,-0.349734,0.930294,2.75309,0.923081,127.807
2204,100,0.1,0.2,100,100,500,4,3,0.3,0.5,2.5,1,2,2,0,0.393821,0.929478,1.23644,0.933894,128.255
2204,100,0.1,0.2,100,100,500,4,3,0.3,0.5,2.5,1,2,3,0,0.5017,0.930754,1.0164,0.916993,17.1505
2205,100,0.1,0.2,100,100,500,4,3,0.3,0.5,2.5,0,1,1,0,0.216774,0.854269,1.13434,0.930786,28.1495
2205,100,0.1,0.2,100,100,500,4,3,0.3,0.5,2.5,0,1,2,0,0.014313,0.831665,1.42756,1.07516,27.8309
2205,100,0.1,0.2,100,100,500,4,3,0.3,0.5,2.5,0,1,3,0,0.254313,0.851389,1.07997,0.949181,16.1778
2206,100,0.1,0.2,100,100,500,4,3,0.3,0.5,2.5,0,3,1,0,-1.67807,0.814854,3.12048,1.18647,28.1649
2206,100,0.1,0.2,100,100,500,4,3,0.3,0.5,2.5,0,3,2,0,-3.72697,0.818965,5.50786,1.16012,27.3589
2206,100,0.1,0.2,100,100,500,4,3,0.3,0.5,2.5,0,3,3,0,0.105037,0.842767,1.04281,1.0076,16.0927
2207,100,0.1,0.2,100,100,500,4,3,0.3,0.5,2.5,0,0,1,0,-0.951738,0.831941,3.21115,0.980365,130.293
2207,100,0.1,0.2,100,100,500,4,3,0.3,0.5,2.5,0,0,2,0,-254.481,0.830906,420.337,0.986404,129.054
2207,100,0.1,0.2,100,100,500,4,3,0.3,0.5,2.5,0,0,3,0,0.209951,0.806988,1.29985,1.12593,16.5952
2208,100,0.1,0.2,100,100,500,4,3,0.3,0.5,2.5,0,2,1,0,-0.46093,0.834283,3.48026,1.01701,130.48
2208,100,0.1,0.2,100,100,500,4,3,0.3,0.5,2.5,0,2,2,0,-10.9775,0.829151,28.533,1.04851,132.303
2208,100,0.1,0.2,100,100,500,4,3,0.3,0.5,2.5,0,2,3,0,0.287634,0.803253,1.69701,1.20744,21.6173
2209,100,0.1,0.2,100,100,500,4,3,0.5,0,2.5,1,1,1,0,-0.0505012,0.73299,1.06675,1.03008,27.2068
2209,100,0.1,0.2,100,100,500,4,3,0.5,0,2.5,1,1,2,0,-0.142046,0.782538,1.15971,0.83893,29.1695
2209,100,0.1,0.2,100,100,500,4,3,0.5,0,2.5,1,1,3,0,0.0277324,0.750281,0.987304,0.963372,13.7457
2210,100,0.1,0.2,100,100,500,4,3,0.5,0,2.5,1,3,1,0,-0.0399011,0.750666,0.933934,0.889398,29.4613
2210,100,0.1,0.2,100,100,500,4,3,0.5,0,2.5,1,3,2,0,-0.066347,0.749331,0.957685,0.894158,28.4535
2210,100,0.1,0.2,100,100,500,4,3,0.5,0,2.5,1,3,3,0,0.00685692,0.752241,0.89194,0.883778,16.7381
2211,100,0.1,0.2,100,100,500,4,3,0.5,0,2.5,1,0,1,0,-0.247065,0.779334,1.08716,0.818531,141.206
2211,100,0.1,0.2,100,100,500,4,3,0.5,0,2.5,1,0,2,0,-73.0353,0.7115,64.542,1.07015,142.142
2211,100,0.1,0.2,100,100,500,4,3,0.5,0,2.5,1,0,3,0,0.0121823,0.773206,0.861154,0.841265,16.3341
2212,100,0.1,0.2,100,100,500,4,3,0.5,0,2.5,1,2,1,0,-4.65448,0.812659,6.27833,0.73304,137.731
2212,100,0.1,0.2,100,100,500,4,3,0.5,0,2.5,1,2,2,0,-4.00188,0.794388,5.55373,0.804531,141.447
2212,100,0.1,0.2,100,100,500,4,3,0.5,0,2.5,1,2,3,0,0.00791388,0.72357,1.10154,1.08163,14.2628
2213,100,0.1,0.2,100,100,500,4,3,0.5,0,2.5,0,1,1,0,-0.102621,0.776312,0.920256,0.835414,29.9928
2213,100,0.1,0.2,100,100,500,4,3,0.5,0,2.5,0,1,2,0,-0.182827,0.760208,0.987196,0.895557,29.0616
2213,100,0.1,0.2,100,100,500,4,3,0.5,0,2.5,0,1,3,0,0.0184434,0.783418,0.819215,0.808874,14.183
2214,100,0.1,0.2,100,100,500,4,3,0.5,0,2.5,0,3,1,0,-0.402155,0.731013,1.19309,1.01863,29.2621
2214,100,0.1,0.2,100,100,500,4,3,0.5,0,2.5,0,3,2,0,0.0108293,0.794591,0.841684,0.777863,29.6915
2214,100,0.1,0.2,100,100,500,4,3,0.5,0,2.5,0,3,3,0,0.0327273,0.787985,0.823051,0.802882,13.7955
2215,100,0.1,0.2,100,100,500,4,3,0.5,0,2.5,0,0,1,0,-1.60723,0.757252,2.41375,0.916669,140.473
2215,100,0.1,0.2,100,100,500,4,3,0.5,0,2.5,0,0,2,0,-0.218261,0.790057,1.12785,0.792788,143.146
2215,100,0.1,0.2,100,100,500,4,3,0.5,0,2.5,0,0,3,0,0.0178698,0.764334,0.909246,0.889924,14.8009
2216,100,0.1,0.2,100,100,500,4,3,0.5,0,2.5,0,2,1,0,-36.1133,0.781797,35.4484,0.812423,148.751
2216,100,0.1,0.2,100,100,500,4,3,0.5,0,2.5,0,2,2,0,-1.45747,0.766464,2.34722,0.869509,150.71
2216,100,0.1,0.2,100,100,500,4,3,0.5,0,2.5,0,2,3,0,0.00646881,0.747677,0.94896,0.939458,14.8597
2217,100,0.1,0.2,100,100,500,4,3,0.5,0.1,2.5,1,1,1,0,-0.21497,0.597613,2.28571,2.17584,30.7743
2217,100,0.1,0.2,100,100,500,4,3,0.5,0.1,2.5,1,1,2,0,-0.104779,0.710201,2.07841,1.56704,29.6632
2217,100,0.1,0.2,100,100,500,4,3,0.5,0.1,2.5,1,1,3,0,0.177718,0.743672,1.54695,1.38605,23.1731
2218,100,0.1,0.2,100,100,500,4,3,0.5,0.1,2.5,1,3,1,0,-1.16454,0.631461,3.17468,1.93387,29.8514
2218,100,0.1,0.2,100,100,500,4,3,0.5,0.1,2.5,1,3,2,0,-0.707912,0.66407,2.50496,1.76276,30.1127
2218,100,0.1,0.2,100,100,500,4,3,0.5,0.1,2.5,1,3,3,0,0.169892,0.794302,1.2175,1.07938,25.8179
2219,100,0.1,0.2,100,100,500,4,3,0.5,0.1,2.5,1,0,1,0,-838.701,0.808428,1113.76,0.999717,151.25
2219,100,0.1,0.2,100,100,500,4,3,0.5,0.1,2.5,1,0,2,0,-30.7268,0.803126,42.0815,1.02739,149.372
2219,100,0.1,0.2,100,100,500,4,3,0.5,0.1,2.5,1,0,3,0,0.113749,0.791188,1.1755,1.08968,20.7988
2220,100,0.1,0.2,100,100,500,4,3,0.5,0.1,2.5,1,2,1,0,-1.74175,0.817502,2.83251,0.994736,144.204
2220,100,0.1,0.2,100,100,500,4,3,0.5,0.1,2.5,1,2,2,0,-15.007,0.805039,16.5369,1.06267,143.566
2220,100,0.1,0.2,100,100,500,4,3,0.5,0.1,2.5,1,2,3,0,0.0298142,0.818782,1.0023,0.987758,13.9951
2221,100,0.1,0.2,100,100,500,4,3,0.5,0.1,2.5,0,1,1,0,-0.0666329,0.705158,1.25544,1.24551,28.0195
2221,100,0.1,0.2,100,100,500,4,3,0.5,0.1,2.5,0,1,2,0,-0.0755735,0.720783,1.26596,1.1795,28.1317
2221,100,0.1,0.2,100,100,500,4,3,0.5,0.1,2.5,0,1,3,0,0.0180867,0.72833,1.15572,1.14762,13.9562
2222,100,0.1,0.2,100,100,500,4,3,0.5,0.1,2.5,0,3,1,0,-0.0714206,0.727658,1.43322,1.16205,28.612
2222,100,0.1,0.2,100,100,500,4,3,0.5,0.1,2.5,0,3,2,0,-0.0394853,0.694334,1.3905,1.30424,29.2292
2222,100,0.1,0.2,100,100,500,4,3,0.5,0.1,2.5,0,3,3,0,0.00902412,0.694699,1.32561,1.30268,14.1281
2223,100,0.1,0.2,100,100,500,4,3,0.5,0.1,2.5,0,0,1,0,-32.2551,0.743959,36.5488,1.06264,141.304
2223,100,0.1,0.2,100,100,500,4,3,0.5,0.1,2.5,0,0,2,0,-2.93433,0.746291,4.32399,1.05296,144.065
2223,100,0.1,0.2,100,100,500,4,3,0.5,0.1,2.5,0,0,3,0,0.0109427,0.74102,1.08702,1.07484,13.8784
2224,100,0.1,0.2,100,100,500,4,3,0.5,0.1,2.5,0,2,1,0,-0.474077,0.768885,1.61833,0.998706,140.72
2224,100,0.1,0.2,100,100,500,4,3,0.5,0.1,2.5,0,2,2,0,-0.672364,0.745811,1.83603,1.09841,141.245
2224,100,0.1,0.2,100,100,500,4,3,0.5,0.1,2.5,0,2,3,0,0.00963532,0.749127,1.08729,1.08408,14.3006
2225,100,0.1,0.2,100,100,500,4,3,0.5,0.3,2.5,1,1,1,0,0.423628,0.882837,1.33008,1.19282,28.9454
2225,100,0.1,0.2,100,100,500,4,3,0.5,0.3,2.5,1,1,2,0,0.428477,0.887227,1.31889,1.14813,27.7138
2225,100,0.1,0.2,100,100,500,4,3,0.5,0.3,2.5,1,1,3,0,0.461184,0.897307,1.24341,1.0455,19.4893
2226,100,0.1,0.2,100,100,500,4,3,0.5,0.3,2.5,1,3,1,0,0.163869,0.892828,1.03788,0.98511,29.2589
2226,100,0.1,0.2,100,100,500,4,3,0.5,0.3,2.5,1,3,2,0,0.146117,0.892074,1.05991,0.992043,28.5041
2226,100,0.1,0.2,100,100,500,4,3,0.5,0.3,2.5,1,3,3,0,0.19049,0.895732,1.00483,0.958417,16.5898
2227,100,0.1,0.2,100,100,500,4,3,0.5,0.3,2.5,1,0,1,0,-1.76832,0.897541,2.65642,0.950397,135.49
2227,100,0.1,0.2,100,100,500,4,3,0.5,0.3,2.5,1,0,2,0,-495.342,0.897456,476.278,0.951184,132.245
2227,100,0.1,0.2,100,100,500,4,3,0.5,0.3,2.5,1,0,3,0,0.00231289,0.897077,0.957359,0.954699,13.932
2228,100,0.1,0.2,100,100,500,4,3,0.5,0.3,2.5,1,2,1,0,-7.21276,0.874224,23.0392,1.01779,134.293
2228,100,0.1,0.2,100,100,500,4,3,0.5,0.3,2.5,1,2,2,0,0.236212,0.877637,2.14265,0.990168,130.955
2228,100,0.1,0.2,100,100,500,4,3,0.5,0.3,2.5,1,2,3,0,0.467708,0.866648,1.49324,1.0791,19.6934
2229,100,0.1,0.2,100,100,500,4,3,0.5,0.3,2.5,0,1,1,0,-0.135393,0.752908,1.31608,1.25951,28.152
2229,100,0.1,0.2,100,100,500,4,3,0.5,0.3,2.5,0,1,2,0,-0.0622514,0.760662,1.23129,1.21998,28.5642
2229,100,0.1,0.2,100,100,500,4,3,0.5,0.3,2.5,0,1,3,0,0.0723012,0.79934,1.07533,1.02283,16.5319
2230,100,0.1,0.2,100,100,500,4,3,0.5,0.3,2.5,0,3,1,0,-0.271479,0.767551,1.40322,1.1375,28.8396
2230,100,0.1,0.2,100,100,500,4,3,0.5,0.3,2.5,0,3,2,0,-0.139171,0.749641,1.25721,1.22514,28.7629
2230,100,0.1,0.2,100,100,500,4,3,0.5,0.3,2.5,0,3,3,0,0.0340186,0.785983,1.06607,1.0473,16.6939
2231,100,0.1,0.2,100,100,500,4,3,0.5,0.3,2.5,0,0,1,0,-4.53825,0.78731,6.67626,1.1967,136.874
2231,100,0.1,0.2,100,100,500,4,3,0.5,0.3,2.5,0,0,2,0,-1.40322,0.829674,2.89704,0.958342,132.796
2231,100,0.1,0.2,100,100,500,4,3,0.5,0.3,2.5,0,0,3,0,0.145881,0.829501,1.02962,0.959318,19.2231
2232,100,0.1,0.2,100,100,500,4,3,0.5,0.3,2.5,0,2,1,0,-0.672779,0.826979,2.24081,0.98632,133.926
2232,100,0.1,0.2,100,100,500,4,3,0.5,0.3,2.5,0,2,2,0,-0.0437439,0.855939,1.39817,0.821232,139.048
2232,100,0.1,0.2,100,100,500,4,3,0.5,0.3,2.5,0,2,3,0,0.215069,0.838913,1.05147,0.918293,19.0973
2233,100,0.1,0.2,100,100,500,4,3,0.5,0.5,2.5,1,1,1,0,0.229338,0.848548,3.27987,1.39608,82.0745
2233,100,0.1,0.2,100,100,500,4,3,0.5,0.5,2.5,1,1,2,0,-0.107472,0.703059,4.7133,2.7372,55.2218
2233,100,0.1,0.2,100,100,500,4,3,0.5,0.5,2.5,1,1,3,0,0.478596,0.864157,2.21905,1.2522,22.064
2234,100,0.1,0.2,100,100,500,4,3,0.5,0.5,2.5,1,3,1,0,0.380693,0.823375,4.15434,1.9071,108.706
2234,100,0.1,0.2,100,100,500,4,3,0.5,0.5,2.5,1,3,2,0,0.42891,0.853132,3.83089,1.58579,163.523
2234,100,0.1,0.2,100,100,500,4,3,0.5,0.5,2.5,1,3,3,0,0.456143,0.861054,3.64821,1.50026,24.4279
2235,100,0.1,0.2,100,100,500,4,3,0.5,0.5,2.5,1,0,1,0,-9.30695,0.911931,42.9017,0.954932,132.189
2235,100,0.1,0.2,100,100,500,4,3,0.5,0.5,2.5,1,0,2,0,-0.168494,0.911976,4.86374,0.954446,130.509
2235,100,0.1,0.2,100,100,500,4,3,0.5,0.5,2.5,1,0,3,0,0.565924,0.891883,1.8068,1.17232,21.7479
2236,100,0.1,0.2,100,100,500,4,3,0.5,0.5,2.5,1,2,1,0,-0.11675,0.92109,3.24375,1.07402,125.774
2236,100,0.1,0.2,100,100,500,4,3,0.5,0.5,2.5,1,2,2,0,-0.000421554,0.926902,2.90586,0.994923,126.812
2236,100,0.1,0.2,100,100,500,4,3,0.5,0.5,2.5,1,2,3,0,0.579201,0.925128,1.22227,1.01906,19.4141
2237,100,0.1,0.2,100,100,500,4,3,0.5,0.5,2.5,0,1,1,0,0.26132,0.788693,1.63976,1.41014,56.1941
2237,100,0.1,0.2,100,100,500,4,3,0.5,0.5,2.5,0,1,2,0,0.278418,0.830926,1.6018,1.1283,27.6284
2237,100,0.1,0.2,100,100,500,4,3,0.5,0.5,2.5,0,1,3,0,0.30973,0.81853,1.5323,1.21102,19.3689
2238,100,0.1,0.2,100,100,500,4,3,0.5,0.5,2.5,0,3,1,0,0.286253,0.841496,1.27001,1.06468,28.1939
2238,100,0.1,0.2,100,100,500,4,3,0.5,0.5,2.5,0,3,2,0,0.241953,0.837525,1.34883,1.09136,28.3094
2238,100,0.1,0.2,100,100,500,4,3,0.5,0.5,2.5,0,3,3,0,0.306423,0.843847,1.23412,1.04889,19.1475
2239,100,0.1,0.2,100,100,500,4,3,0.5,0.5,2.5,0,0,1,0,-0.303322,0.861277,1.85146,0.937587,133.784
2239,100,0.1,0.2,100,100,500,4,3,0.5,0.5,2.5,0,0,2,0,-16.8637,0.840823,25.3768,1.07583,133.534
2239,100,0.1,0.2,100,100,500,4,3,0.5,0.5,2.5,0,0,3,0,0.215381,0.849031,1.11461,1.02036,19.2323
2240,100,0.1,0.2,100,100,500,4,3,0.5,0.5,2.5,0,2,1,0,-0.00474605,0.859168,1.48793,0.891965,133.535
2240,100,0.1,0.2,100,100,500,4,3,0.5,0.5,2.5,0,2,2,0,0.220642,0.863484,1.15415,0.864631,131.422
2240,100,0.1,0.2,100,100,500,4,3,0.5,0.5,2.5,0,2,3,0,0.287876,0.856255,1.05459,0.910416,16.6824
2241,100,0.1,0.2,100,100,500,8,1,0,0,2.5,1,1,1,0,1,1,8.0575e-30,-2.78888e-16,129.255
2241,100,0.1,0.2,100,100,500,8,1,0,0,2.5,1,1,2,0,1,1,1.67793e-29,-5.49616e-16,130.389
2241,100,0.1,0.2,100,100,500,8,1,0,0,2.5,1,1,3,0,1,1,7.74433e-21,-4.72287e-16,23.0897
2242,100,0.1,0.2,100,100,500,8,1,0,0,2.5,1,3,1,0,1,1,4.47295e-30,-4.92689e-16,112.087
2242,100,0.1,0.2,100,100,500,8,1,0,0,2.5,1,3,2,0,1,1,4.47295e-30,-5.07094e-16,112.162
2242,100,0.1,0.2,100,100,500,8,1,0,0,2.5,1,3,3,0,1,1,1.9731e-19,-3.14332e-16,23.9788
2243,100,0.1,0.2,100,100,500,8,1,0,0,2.5,1,0,1,0,1,1,2.0629e-29,-8.92619e-16,292.558
2243,100,0.1,0.2,100,100,500,8,1,0,0,2.5,1,0,2,0,1,1,2.10459e-30,6.84119e-16,294.095
2243,100,0.1,0.2,100,100,500,8,1,0,0,2.5,1,0,3,0,1,1,8.02049e-20,8.27738e-16,23.1754
2244,100,0.1,0.2,100,100,500,8,1,0,0,2.5,1,2,1,0,1,1,1.15448e-28,-6.03299e-16,272.978
2244,100,0.1,0.2,100,100,500,8,1,0,0,2.5,1,2,2,0,1,1,1.74397e-30,-1.38556e-16,274.271
2244,100,0.1,0.2,100,100,500,8,1,0,0,2.5,1,2,3,0,1,1,1.99813e-20,6.36036e-16,23.9465
2245,100,0.1,0.2,100,100,500,8,1,0,0,2.5,0,1,1,0,1,1,6.68069e-28,-4.26312e-16,129.434
2245,100,0.1,0.2,100,100,500,8,1,0,0,2.5,0,1,2,0,1,1,7.25123e-28,-5.50726e-16,131.527
2245,100,0.1,0.2,100,100,500,8,1,0,0,2.5,0,1,3,0,1,1,6.91975e-21,-7.25119e-17,24.0137
2246,100,0.1,0.2,100,100,500,8,1,0,0,2.5,0,3,1,0,1,1,1.85642e-29,-1.07873e-15,112.119
2246,100,0.1,0.2,100,100,500,8,1,0,0,2.5,0,3,2,0,1,1,7.40124e-29,-4.24209e-16,112.634
2246,100,0.1,0.2,100,100,500,8,1,0,0,2.5,0,3,3,0,1,1,9.41814e-20,1.89805e-17,23.6718
2247,100,0.1,0.2,100,100,500,8,1,0,0,2.5,0,0,1,0,1,1,1.27226e-28,-9.41025e-16,309.811
2247,100,0.1,0.2,100,100,500,8,1,0,0,2.5,0,0,2,0,1,1,4.10117e-29,-9.81992e-16,317.105
2247,100,0.1,0.2,100,100,500,8,1,0,0,2.5,0,0,3,0,1,1,4.69932e-19,1.12076e-15,25.2991
2248,100,0.1,0.2,100,100,500,8,1,0,0,2.5,0,2,1,0,1,1,1.23781e-28,-1.84464e-16,291.109
2248,100,0.1,0.2,100,100,500,8,1,0,0,2.5,0,2,2,0,1,1,1.20318e-28,-6.26166e-17,291.407
2248,100,0.1,0.2,100,100,500,8,1,0,0,2.5,0,2,3,0,1,1,9.86869e-21,1.83849e-16,24.8766
2249,100,0.1,0.2,100,100,500,8,1,0,0.1,2.5,1,1,1,0,-34.738,0.875437,20.5091,0.632624,75.5094
2249,100,0.1,0.2,100,100,500,8,1,0,0.1,2.5,1,1,2,0,-437.426,0.885505,251.601,0.581491,66.7862
2249,100,0.1,0.2,100,100,500,8,1,0,0.1,2.5,1,1,3,0,-0.0131459,0.887525,0.581417,0.571232,32.6583
2250,100,0.1,0.2,100,100,500,8,1,0,0.1,2.5,1,3,1,0,-1752.81,0.885795,1210.31,0.568271,65.2557
2250,100,0.1,0.2,100,100,500,8,1,0,0.1,2.5,1,3,2,0,-6.71301,0.875454,5.32278,0.619726,1822.58
2250,100,0.1,0.2,100,100,500,8,1,0,0.1,2.5,1,3,3,0,-0.0369689,0.858419,0.715617,0.70449,32.1832
2251,100,0.1,0.2,100,100,500,8,1,0,0.1,2.5,1,0,1,0,-10.1792,0.878778,6.49288,0.641521,157.245
2251,100,0.1,0.2,100,100,500,8,1,0,0.1,2.5,1,0,2,0,-3.86071,0.888889,2.8231,0.588012,162.094
2251,100,0.1,0.2,100,100,500,8,1,0,0.1,2.5,1,0,3,0,0.00904038,0.892564,0.57555,0.568565,32.523
2252,100,0.1,0.2,100,100,500,8,1,0,0.1,2.5,1,2,1,0,-154.896,0.881304,102.719,0.596165,165.091
2252,100,0.1,0.2,100,100,500,8,1,0,0.1,2.5,1,2,2,0,-46925.9,0.883297,30919.9,0.586155,163.435
2252,100,0.1,0.2,100,100,500,8,1,0,0.1,2.5,1,2,3,0,-0.0295214,0.881565,0.678347,0.594852,49.6711
2253,100,0.1,0.2,100,100,500,8,1,0,0.1,2.5,0,1,1,0,-14.268,0.915448,3.96729,0.214811,65.538
2253,100,0.1,0.2,100,100,500,8,1,0,0.1,2.5,0,1,2,0,-1.48298e+22,0.905097,3.85342e+21,0.241109,69.0439
2253,100,0.1,0.2,100,100,500,8,1,0,0.1,2.5,0,1,3,0,0.132674,0.915512,0.225369,0.214648,32.9242
2254,100,0.1,0.2,100,100,500,8,1,0,0.1,2.5,0,3,1,0,-1.2651,0.910951,1.01289,0.220095,64.0896
2254,100,0.1,0.2,100,100,500,8,1,0,0.1,2.5,0,3,2,0,-139.553,0.924595,62.8513,0.186371,68.2429
2254,100,0.1,0.2,100,100,500,8,1,0,0.1,2.5,0,3,3,0,0.292947,0.90218,0.316174,0.241773,39.7374
2255,100,0.1,0.2,100,100,500,8,1,0,0.1,2.5,0,0,1,0,-2264.18,0.920436,613.727,0.193364,164.99
2255,100,0.1,0.2,100,100,500,8,1,0,0.1,2.5,0,0,2,0,-0.235752,0.927267,0.334815,0.176762,164.819
2255,100,0.1,0.2,100,100,500,8,1,0,0.1,2.5,0,0,3,0,0.253972,0.927073,0.202129,0.177235,31.917
2256,100,0.1,0.2,100,100,500,8,1,0,0.1,2.5,0,2,1,0,-98.5541,0.914718,19.8424,0.202673,170.418
2256,100,0.1,0.2,100,100,500,8,1,0,0.1,2.5,0,2,2,0,0.0464991,0.926388,0.190045,0.17494,173.566
2256,100,0.1,0.2,100,100,500,8,1,0,0.1,2.5,0,2,3,0,0.149289,0.931923,0.169557,0.161787,32.0216
2257,100,0.1,0.2,100,100,500,8,1,0,0.3,2.5,1,1,1,0,-15.9536,0.863005,27.9681,1.82187,1190.55
2257,100,0.1,0.2,100,100,500,8,1,0,0.3,2.5,1,1,2,0,-19.2482,0.864105,33.403,1.80724,1189.65
2257,100,0.1,0.2,100,100,500,8,1,0,0.3,2.5,1,1,3,0,0.00361628,0.878282,1.64371,1.6187,39.8844
2258,100,0.1,0.2,100,100,500,8,1,0,0.3,2.5,1,3,1,0,-33.6232,0.881774,55.4273,1.55304,1137.27
2258,100,0.1,0.2,100,100,500,8,1,0,0.3,2.5,1,3,2,0,-71.8479,0.866312,116.62,1.75615,1077.05
2258,100,0.1,0.2,100,100,500,8,1,0,0.3,2.5,1,3,3,0,0.101063,0.902387,1.43908,1.28227,65.3255
2259,100,0.1,0.2,100,100,500,8,1,0,0.3,2.5,1,0,1,0,-5.15917,0.866348,12.5061,1.9274,2696.19
2259,100,0.1,0.2,100,100,500,8,1,0,0.3,2.5,1,0,2,0,-71.5938,0.885644,147.401,1.64913,2602.2
2259,100,0.1,0.2,100,100,500,8,1,0,0.3,2.5,1,0,3,0,0.00497102,0.860547,2.0204,2.01105,36.9637
2260,100,0.1,0.2,100,100,500,8,1,0,0.3,2.5,1,2,1,0,-208.567,0.817243,285.637,2.03411,2473.32
2260,100,0.1,0.2,100,100,500,8,1,0,0.3,2.5,1,2,2,0,-2.24252,0.887536,4.41951,1.25174,2606.22
2260,100,0.1,0.2,100,100,500,8,1,0,0.3,2.5,1,2,3,0,-0.0469648,0.872898,1.427,1.41466,37.4885
2261,100,0.1,0.2,100,100,500,8,1,0,0.3,2.5,0,1,1,0,-920.02,0.878491,527.999,0.655247,682.812
2261,100,0.1,0.2,100,100,500,8,1,0,0.3,2.5,0,1,2,0,-920.02,0.878491,527.999,0.655247,683.401
2261,100,0.1,0.2,100,100,500,8,1,0,0.3,2.5,0,1,3,0,0.0195724,0.898796,0.562056,0.54575,31.0977
2262,100,0.1,0.2,100,100,500,8,1,0,0.3,2.5,0,3,1,0,-0.296717,0.85057,0.758911,0.728231,684.512
2262,100,0.1,0.2,100,100,500,8,1,0,0.3,2.5,0,3,2,0,-47997.3,0.81018,28091.3,0.925068,681.573
2262,100,0.1,0.2,100,100,500,8,1,0,0.3,2.5,0,3,3,0,-0.000442943,0.880621,0.585515,0.581782,30.7822
2263,100,0.1,0.2,100,100,500,8,1,0,0.3,2.5,0,0,1,0,-1954.57,0.871372,1007.33,0.602534,1299.05
2263,100,0.1,0.2,100,100,500,8,1,0,0.3,2.5,0,0,2,0,-197.976,0.900393,102.494,0.466593,1186.3
2263,100,0.1,0.2,100,100,500,8,1,0,0.3,2.5,0,0,3,0,0.016428,0.894438,0.506645,0.494487,41.6708
2264,100,0.1,0.2,100,100,500,8,1,0,0.3,2.5,0,2,1,0,-24.7096,0.872408,14.931,0.637662,1692.75
2264,100,0.1,0.2,100,100,500,8,1,0,0.3,2.5,0,2,2,0,-61.1223,0.877884,36.0779,0.610292,1488.08
2264,100,0.1,0.2,100,100,500,8,1,0,0.3,2.5,0,2,3,0,0.0446739,0.894721,0.554811,0.52615,31.6342
2265,100,0.1,0.2,100,100,500,8,1,0,0.5,2.5,1,1,1,0,-40.2877,0.861803,97.5114,2.65097,1256.54
2265,100,0.1,0.2,100,100,500,8,1,0,0.5,2.5,1,1,2,0,-21.4155,0.650718,52.9399,6.70011,1260.9
2265,100,0.1,0.2,100,100,500,8,1,0,0.5,2.5,1,1,3,0,0.115123,0.919001,2.08986,1.55377,69.3228
2266,100,0.1,0.2,100,100,500,8,1,0,0.5,2.5,1,3,1,0,-7.69728,0.853824,21.5686,3.13216,1313.33
2266,100,0.1,0.2,100,100,500,8,1,0,0.5,2.5,1,3,2,0,-38.8683,0.863164,98.8706,2.93203,1344.33
2266,100,0.1,0.2,100,100,500,8,1,0,0.5,2.5,1,3,3,0,0.151368,0.925271,2.10455,1.60124,65.9979
2267,100,0.1,0.2,100,100,500,8,1,0,0.5,2.5,1,0,1,0,-4.96409,0.854166,14.9607,3.1558,3205.27
2267,100,0.1,0.2,100,100,500,8,1,0,0.5,2.5,1,0,2,0,-2.34451,0.886628,8.38957,2.45333,3188.63
2267,100,0.1,0.2,100,100,500,8,1,0,0.5,2.5,1,0,3,0,0.163548,0.924966,2.09821,1.62371,70.9521
2268,100,0.1,0.2,100,100,500,8,1,0,0.5,2.5,1,2,1,0,-20.2883,0.900514,60.4464,2.21075,3280.75
2268,100,0.1,0.2,100,100,500,8,1,0,0.5,2.5,1,2,2,0,-81.358,0.909395,233.849,2.0134,3539.44
2268,100,0.1,0.2,100,100,500,8,1,0,0.5,2.5,1,2,3,0,0.135987,0.922082,2.45329,1.73146,80.3504
2269,100,0.1,0.2,100,100,500,8,1,0,0.5,2.5,0,1,1,0,-2.18924,0.874369,3.51947,1.03535,1185.36
2269,100,0.1,0.2,100,100,500,8,1,0,0.5,2.5,0,1,2,0,-123.911,0.876551,137.845,1.01737,1119.59
2269,100,0.1,0.2,100,100,500,8,1,0,0.5,2.5,0,1,3,0,0.00992858,0.871149,1.09259,1.06188,44.1464
2270,100,0.1,0.2,100,100,500,8,1,0,0.5,2.5,0,3,1,0,-505.505,0.868584,469.15,1.01014,2429.88
2270,100,0.1,0.2,100,100,500,8,1,0,0.5,2.5,0,3,2,0,-359.385,0.871739,333.807,0.985893,1062.26
2270,100,0.1,0.2,100,100,500,8,1,0,0.5,2.5,0,3,3,0,0.0158035,0.884099,0.911612,0.890883,43.3396
2271,100,0.1,0.2,100,100,500,8,1,0,0.5,2.5,0,0,1,0,-222.178,0.841801,172.731,0.950417,2350.86
2271,100,0.1,0.2,100,100,500,8,1,0,0.5,2.5,0,0,2,0,-4.26715,0.871785,4.07655,0.770285,2261.1
2271,100,0.1,0.2,100,100,500,8,1,0,0.5,2.5,0,0,3,0,0.0609003,0.88644,0.726824,0.682239,48.3028
2272,100,0.1,0.2,100,100,500,8,1,0,0.5,2.5,0,2,1,0,-5736.65,0.884356,7259.8,0.940269,2406.44
2272,100,0.1,0.2,100,100,500,8,1,0,0.5,2.5,0,2,2,0,-1.49314,0.868613,3.15455,1.06827,2246.32
2272,100,0.1,0.2,100,100,500,8,1,0,0.5,2.5,0,2,3,0,0.00304819,0.849241,1.26144,1.22578,45.7804
2273,100,0.1,0.2,100,100,500,8,1,0.1,0,2.5,1,1,1,0,-11.6986,0.974355,2.7876,0.0259346,52.6465
2273,100,0.1,0.2,100,100,500,8,1,0.1,0,2.5,1,1,2,0,-15.7066,0.974197,3.66744,0.0260942,53.5845
2273,100,0.1,0.2,100,100,500,8,1,0.1,0,2.5,1,1,3,0,0.943108,0.99046,0.0124889,0.00964762,22.1548
2274,100,0.1,0.2,100,100,500,8,1,0.1,0,2.5,1,3,1,0,-0.450454,0.98947,0.24945,0.011146,61.369
2274,100,0.1,0.2,100,100,500,8,1,0.1,0,2.5,1,3,2,0,-0.629402,0.990447,0.280226,0.0101117,60.5657
2274,100,0.1,0.2,100,100,500,8,1,0.1,0,2.5,1,3,3,0,0.930597,0.99071,0.011936,0.00983428,22.3753
2275,100,0.1,0.2,100,100,500,8,1,0.1,0,2.5,1,0,1,0,-2.63457,0.991177,1.07822,0.00953284,160.348
2275,100,0.1,0.2,100,100,500,8,1,0.1,0,2.5,1,0,2,0,0.30447,0.990894,0.206333,0.00983848,160.704
2275,100,0.1,0.2,100,100,500,8,1,0.1,0,2.5,1,0,3,0,0.957794,0.991742,0.0125208,0.00892249,22.976
2276,100,0.1,0.2,100,100,500,8,1,0.1,0,2.5,1,2,1,0,-3.44525,0.988363,1.0448,0.0113674,152.567
2276,100,0.1,0.2,100,100,500,8,1,0.1,0,2.5,1,2,2,0,0.825046,0.988579,0.0411207,0.011156,155.564
2276,100,0.1,0.2,100,100,500,8,1,0.1,0,2.5,1,2,3,0,0.944782,0.990104,0.0129782,0.00966656,22.4557
2277,100,0.1,0.2,100,100,500,8,1,0.1,0,2.5,0,1,1,0,0.543048,0.991048,0.0658584,0.00968747,61.9007
2277,100,0.1,0.2,100,100,500,8,1,0.1,0,2.5,0,1,2,0,0.136258,0.991166,0.124487,0.00955991,60.8531
2277,100,0.1,0.2,100,100,500,8,1,0.1,0,2.5,0,1,3,0,0.921405,0.991074,0.0113276,0.00965937,22.6476
2278,100,0.1,0.2,100,100,500,8,1,0.1,0,2.5,0,3,1,0,0.679041,0.98216,0.0206309,0.0175287,105.122
2278,100,0.1,0.2,100,100,500,8,1,0.1,0,2.5,0,3,2,0,0.473851,0.987722,0.0338204,0.012064,109.971
2278,100,0.1,0.2,100,100,500,8,1,0.1,0,2.5,0,3,3,0,0.835386,0.990031,0.0105812,0.00979482,22.7019
2279,100,0.1,0.2,100,100,500,8,1,0.1,0,2.5,0,0,1,0,0.89379,0.990312,0.0492785,0.0106184,155.802
2279,100,0.1,0.2,100,100,500,8,1,0.1,0,2.5,0,0,2,0,0.417861,0.990846,0.270095,0.0100328,157.249
2279,100,0.1,0.2,100,100,500,8,1,0.1,0,2.5,0,0,3,0,0.959508,0.990409,0.0187873,0.0105117,23.227
2280,100,0.1,0.2,100,100,500,8,1,0.1,0,2.5,0,2,1,0,-0.575891,0.990694,0.292387,0.0098692,159.605
2280,100,0.1,0.2,100,100,500,8,1,0.1,0,2.5,0,2,2,0,0.474092,0.990637,0.0975757,0.00993011,162.01
2280,100,0.1,0.2,100,100,500,8,1,0.1,0,2.5,0,2,3,0,0.935491,0.990801,0.0119688,0.00975604,23.3067
2281,100,0.1,0.2,100,100,500,8,1,0.1,0.1,2.5,1,1,1,0,-79631,0.849759,44995.9,0.780716,53.6686
2281,100,0.1,0.2,100,100,500,8,1,0.1,0.1,2.5,1,1,2,0,-392.748,0.894379,222.486,0.548854,53.5597
2281,100,0.1,0.2,100,100,500,8,1,0.1,0.1,2.5,1,1,3,0,0.00119005,0.895162,0.564375,0.544787,29.9307
2282,100,0.1,0.2,100,100,500,8,1,0.1,0.1,2.5,1,3,1,0,-159.175,0.878121,90.8055,0.666943,212.218
2282,100,0.1,0.2,100,100,500,8,1,0.1,0.1,2.5,1,3,2,0,-27.508,0.890208,16.1616,0.600804,213.123
2282,100,0.1,0.2,100,100,500,8,1,0.1,0.1,2.5,1,3,3,0,0.000300958,0.899478,0.566745,0.550076,30.5226
2283,100,0.1,0.2,100,100,500,8,1,0.1,0.1,2.5,1,0,1,0,-1.82761,0.882998,1.85758,0.61706,130.397
2283,100,0.1,0.2,100,100,500,8,1,0.1,0.1,2.5,1,0,2,0,-87.1716,0.88665,57.9236,0.5978,131.554
2283,100,0.1,0.2,100,100,500,8,1,0.1,0.1,2.5,1,0,3,0,-0.00446625,0.875805,0.659876,0.654996,31.3072
2284,100,0.1,0.2,100,100,500,8,1,0.1,0.1,2.5,1,2,1,0,-0.668792,0.874576,1.23897,0.682986,131.172
2284,100,0.1,0.2,100,100,500,8,1,0.1,0.1,2.5,1,2,2,0,-181.963,0.869863,135.838,0.708651,259.607
2284,100,0.1,0.2,100,100,500,8,1,0.1,0.1,2.5,1,2,3,0,-0.0350729,0.863369,0.768476,0.744014,30.8853
2285,100,0.1,0.2,100,100,500,8,1,0.1,0.1,2.5,0,1,1,0,-18.228,0.90897,6.76354,0.210973,107.406
2285,100,0.1,0.2,100,100,500,8,1,0.1,0.1,2.5,0,1,2,0,-8.4876,0.913781,3.33731,0.199822,106.7
2285,100,0.1,0.2,100,100,500,8,1,0.1,0.1,2.5,0,1,3,0,0.404291,0.931032,0.209543,0.159842,30.5128
2286,100,0.1,0.2,100,100,500,8,1,0.1,0.1,2.5,0,3,1,0,-105.734,0.917259,33.0739,0.208773,106.034
2286,100,0.1,0.2,100,100,500,8,1,0.1,0.1,2.5,0,3,2,0,-69.4265,0.92234,21.8232,0.195953,106.648
2286,100,0.1,0.2,100,100,500,8,1,0.1,0.1,2.5,0,3,3,0,0.283734,0.920945,0.221951,0.199472,30.6343
2287,100,0.1,0.2,100,100,500,8,1,0.1,0.1,2.5,0,0,1,0,-83.1857,0.919442,15.2985,0.219863,132.15
2287,100,0.1,0.2,100,100,500,8,1,0.1,0.1,2.5,0,0,2,0,-3.41426,0.930939,0.802174,0.188484,133.275
2287,100,0.1,0.2,100,100,500,8,1,0.1,0.1,2.5,0,0,3,0,0.0096246,0.934467,0.179974,0.178855,23.887
2288,100,0.1,0.2,100,100,500,8,1,0.1,0.1,2.5,0,2,1,0,-4.69784,0.922454,1.57036,0.202404,131.43
2288,100,0.1,0.2,100,100,500,8,1,0.1,0.1,2.5,0,2,2,0,-8.82236,0.907092,2.7071,0.242501,131.158
2288,100,0.1,0.2,100,100,500,8,1,0.1,0.1,2.5,0,2,3,0,0.449018,0.950603,0.151854,0.128933,30.9138
2289,100,0.1,0.2,100,100,500,8,1,0.1,0.3,2.5,1,1,1,0,-3.74072,0.874202,7.43235,1.78096,1112.44
2289,100,0.1,0.2,100,100,500,8,1,0.1,0.3,2.5,1,1,2,0,-30.376,0.86786,49.1904,1.87074,1109.14
2289,100,0.1,0.2,100,100,500,8,1,0.1,0.3,2.5,1,1,3,0,0.0485539,0.898331,1.49165,1.43935,51.9408
2290,100,0.1,0.2,100,100,500,8,1,0.1,0.3,2.5,1,3,1,0,-5.96043,0.853621,11.5662,2.00263,1107.62
2290,100,0.1,0.2,100,100,500,8,1,0.1,0.3,2.5,1,3,2,0,-46.3191,0.869139,78.6307,1.79034,1104.19
2290,100,0.1,0.2,100,100,500,8,1,0.1,0.3,2.5,1,3,3,0,0.0617018,0.891583,1.55918,1.48327,66.5089
2291,100,0.1,0.2,100,100,500,8,1,0.1,0.3,2.5,1,0,1,0,-2.7277,0.913102,6.68749,1.11474,2605.56
2291,100,0.1,0.2,100,100,500,8,1,0.1,0.3,2.5,1,0,2,0,-14810.5,0.897566,26571.8,1.31404,2584.78
2291,100,0.1,0.2,100,100,500,8,1,0.1,0.3,2.5,1,0,3,0,-0.00800223,0.860166,1.80835,1.79382,41.1268
2292,100,0.1,0.2,100,100,500,8,1,0.1,0.3,2.5,1,2,1,0,-35.9079,0.865299,60.2512,1.88422,2803.53
2292,100,0.1,0.2,100,100,500,8,1,0.1,0.3,2.5,1,2,2,0,-4.22411,0.898791,8.52823,1.41572,2806.68
2292,100,0.1,0.2,100,100,500,8,1,0.1,0.3,2.5,1,2,3,0,0.0500351,0.892778,1.55079,1.49984,49.7623
2293,100,0.1,0.2,100,100,500,8,1,0.1,0.3,2.5,0,1,1,0,-39.486,0.875599,28.334,0.667025,737.378
2293,100,0.1,0.2,100,100,500,8,1,0.1,0.3,2.5,0,1,2,0,-5.0957,0.874788,4.26606,0.671372,2104.08
2293,100,0.1,0.2,100,100,500,8,1,0.1,0.3,2.5,0,1,3,0,0.0296088,0.880518,0.679126,0.640649,63.8062
2294,100,0.1,0.2,100,100,500,8,1,0.1,0.3,2.5,0,3,1,0,-25.0268,0.880473,15.0942,0.664308,741.35
2294,100,0.1,0.2,100,100,500,8,1,0.1,0.3,2.5,0,3,2,0,-30.3709,0.872925,18.1934,0.706255,746.19
2294,100,0.1,0.2,100,100,500,8,1,0.1,0.3,2.5,0,3,3,0,0.0101634,0.897111,0.574053,0.571833,33.2949
2295,100,0.1,0.2,100,100,500,8,1,0.1,0.3,2.5,0,0,1,0,-46.2606,0.889879,30.6458,0.63271,1698.65
2295,100,0.1,0.2,100,100,500,8,1,0.1,0.3,2.5,0,0,2,0,-1.46114,0.877443,1.59591,0.704163,1551.71
2295,100,0.1,0.2,100,100,500,8,1,0.1,0.3,2.5,0,0,3,0,0.0134082,0.889831,0.639749,0.632989,40.4816
2296,100,0.1,0.2,100,100,500,8,1,0.1,0.3,2.5,0,2,1,0,-968.939,0.881958,623.483,0.619028,1555.18
2296,100,0.1,0.2,100,100,500,8,1,0.1,0.3,2.5,0,2,2,0,-149.17,0.870545,96.5302,0.678879,1550.36
2296,100,0.1,0.2,100,100,500,8,1,0.1,0.3,2.5,0,2,3,0,0.0455236,0.88706,0.613543,0.59227,32.8095
2297,100,0.1,0.2,100,100,500,8,1,0.1,0.5,2.5,1,1,1,0,-6.35014,0.864099,18.3814,2.80173,1303.68
2297,100,0.1,0.2,100,100,500,8,1,0.1,0.5,2.5,1,1,2,0,-4.46088,0.864681,13.6567,2.78974,1266.06
2297,100,0.1,0.2,100,100,500,8,1,0.1,0.5,2.5,1,1,3,0,0.164099,0.923162,2.09044,1.58408,59.7223
2298,100,0.1,0.2,100,100,500,8,1,0.1,0.5,2.5,1,3,1,0,-19500.5,0.853324,53536.2,3.11856,1207.08
2298,100,0.1,0.2,100,100,500,8,1,0.1,0.5,2.5,1,3,2,0,-532.538,0.846877,1464.69,3.25562,1260.41
2298,100,0.1,0.2,100,100,500,8,1,0.1,0.5,2.5,1,3,3,0,0.00205183,0.871398,2.7396,2.73428,53.0652
2299,100,0.1,0.2,100,100,500,8,1,0.1,0.5,2.5,1,0,1,0,-17.7788,0.920389,57.7897,1.77161,2985.54
2299,100,0.1,0.2,100,100,500,8,1,0.1,0.5,2.5,1,0,2,0,-7.5361,0.91609,26.2689,1.8673,2995.65
2299,100,0.1,0.2,100,100,500,8,1,0.1,0.5,2.5,1,0,3,0,0.049011,0.878294,2.92657,2.70839,52.6664
2300,100,0.1,0.2,100,100,500,8,1,0.1,0.5,2.5,1,2,1,0,-1.07386,0.946828,4.85591,1.13041,2985.47
2300,100,0.1,0.2,100,100,500,8,1,0.1,0.5,2.5,1,2,2,0,-3.89089,0.917539,11.4519,1.75309,3161.96
2300,100,0.1,0.2,100,100,500,8,1,0.1,0.5,2.5,1,2,3,0,0.259053,0.940815,1.73491,1.25825,55.8132
2301,100,0.1,0.2,100,100,500,8,1,0.1,0.5,2.5,0,1,1,0,-38.2044,0.834075,33.3037,1.0907,1015.89
2301,100,0.1,0.2,100,100,500,8,1,0.1,0.5,2.5,0,1,2,0,-27.7384,0.892164,24.413,0.708851,1012.76
2301,100,0.1,0.2,100,100,500,8,1,0.1,0.5,2.5,0,1,3,0,0.0178283,0.876378,0.834343,0.812618,55.6618
2302,100,0.1,0.2,100,100,500,8,1,0.1,0.5,2.5,0,3,1,0,-24.2548,0.788001,26.1939,1.71807,956.464
2302,100,0.1,0.2,100,100,500,8,1,0.1,0.5,2.5,0,3,2,0,-9.47015,0.872691,10.8595,1.03173,957.385
2302,100,0.1,0.2,100,100,500,8,1,0.1,0.5,2.5,0,3,3,0,0.021577,0.876541,1.0148,1.00053,49.1532
2303,100,0.1,0.2,100,100,500,8,1,0.1,0.5,2.5,0,0,1,0,-256.57,0.888767,215.948,0.757954,3847.75
2303,100,0.1,0.2,100,100,500,8,1,0.1,0.5,2.5,0,0,2,0,-6.23699,0.887599,6.06755,0.765912,2394.19
2303,100,0.1,0.2,100,100,500,8,1,0.1,0.5,2.5,0,0,3,0,0.0137925,0.88108,0.826843,0.810338,48.4686
2304,100,0.1,0.2,100,100,500,8,1,0.1,0.5,2.5,0,2,1,0,-308398,0.8785,335219,1.00999,2425.81
2304,100,0.1,0.2,100,100,500,8,1,0.1,0.5,2.5,0,2,2,0,-12.7297,0.877041,14.9237,1.02211,2425.81
2304,100,0.1,0.2,100,100,500,8,1,0.1,0.5,2.5,0,2,3,0,0.00260523,0.87274,1.08413,1.05787,49.2671
2305,100,0.1,0.2,100,100,500,8,1,0.3,0,2.5,1,1,1,0,0.160381,0.908448,0.285231,0.140367,516.732
2305,100,0.1,0.2,100,100,500,8,1,0.3,0,2.5,1,1,2,0,-133.721,0.890948,45.7669,0.1672,576.106
2305,100,0.1,0.2,100,100,500,8,1,0.3,0,2.5,1,1,3,0,0.640134,0.940642,0.122252,0.0910077,24.5371
2306,100,0.1,0.2,100,100,500,8,1,0.3,0,2.5,1,3,1,0,-43.7594,0.80789,4.95524,0.321132,487.274
2306,100,0.1,0.2,100,100,500,8,1,0.3,0,2.5,1,3,2,0,-1.2655,0.91412,0.25081,0.143558,474.05
2306,100,0.1,0.2,100,100,500,8,1,0.3,0,2.5,1,3,3,0,0.174025,0.94695,0.0914423,0.0886782,22.557
2307,100,0.1,0.2,100,100,500,8,1,0.3,0,2.5,1,0,1,0,-19.971,0.939733,3.71138,0.094969,1037.82
2307,100,0.1,0.2,100,100,500,8,1,0.3,0,2.5,1,0,2,0,-90615.4,0.930679,16037,0.109236,1038.76
2307,100,0.1,0.2,100,100,500,8,1,0.3,0,2.5,1,0,3,0,0.468055,0.946906,0.094142,0.0836656,22.9514
2308,100,0.1,0.2,100,100,500,8,1,0.3,0,2.5,1,2,1,0,-344.457,0.93716,59.8785,0.09855,1035.39
2308,100,0.1,0.2,100,100,500,8,1,0.3,0,2.5,1,2,2,0,-27.4988,0.927994,4.93972,0.112925,1038.1
2308,100,0.1,0.2,100,100,500,8,1,0.3,0,2.5,1,2,3,0,0.467306,0.946767,0.0923324,0.0834836,22.8524
2309,100,0.1,0.2,100,100,500,8,1,0.3,0,2.5,0,1,1,0,-21.5539,0.914766,7.01508,0.13519,526.845
2309,100,0.1,0.2,100,100,500,8,1,0.3,0,2.5,0,1,2,0,-16.2241,0.935109,5.35732,0.102924,525.436
2309,100,0.1,0.2,100,100,500,8,1,0.3,0,2.5,0,1,3,0,0.652187,0.947694,0.108182,0.0829635,23.2803
2310,100,0.1,0.2,100,100,500,8,1,0.3,0,2.5,0,3,1,0,-42.515,0.920978,4.88976,0.130935,474.025
2310,100,0.1,0.2,100,100,500,8,1,0.3,0,2.5,0,3,2,0,-23.6274,0.884905,2.76737,0.190707,474.405
2310,100,0.1,0.2,100,100,500,8,1,0.3,0,2.5,0,3,3,0,0.142436,0.943353,0.096364,0.0938616,22.7423
2311,100,0.1,0.2,100,100,500,8,1,0.3,0,2.5,0,0,1,0,-54.5366,0.945045,20.0262,0.0914281,1048.66
2311,100,0.1,0.2,100,100,500,8,1,0.3,0,2.5,0,0,2,0,-8.14078,0.940327,3.29612,0.0992776,1061.67
2311,100,0.1,0.2,100,100,500,8,1,0.3,0,2.5,0,0,3,0,0.677953,0.947581,0.116129,0.0872106,22.7073
2312,100,0.1,0.2,100,100,500,8,1,0.3,0,2.5,0,2,1,0,-25.2763,0.926783,2.54662,0.119346,1062.41
2312,100,0.1,0.2,100,100,500,8,1,0.3,0,2.5,0,2,2,0,-861.218,0.901644,83.5639,0.160323,1038.95
2312,100,0.1,0.2,100,100,500,8,1,0.3,0,2.5,0,2,3,0,0.0453335,0.94378,0.0925237,0.09164,22.6332
2313,100,0.1,0.2,100,100,500,8,1,0.3,0.1,2.5,1,1,1,0,-78.9012,0.871002,64.959,0.794129,684.914
2313,100,0.1,0.2,100,100,500,8,1,0.3,0.1,2.5,1,1,2,0,-0.290164,0.874114,1.04889,0.774972,685.962
2313,100,0.1,0.2,100,100,500,8,1,0.3,0.1,2.5,1,1,3,0,-0.00972996,0.880604,0.820902,0.735015,30.474
2314,100,0.1,0.2,100,100,500,8,1,0.3,0.1,2.5,1,3,1,0,-142.157,0.84486,107.001,0.869904,633.174
2314,100,0.1,0.2,100,100,500,8,1,0.3,0.1,2.5,1,3,2,0,-430.781,0.860197,322.729,0.783906,658.351
2314,100,0.1,0.2,100,100,500,8,1,0.3,0.1,2.5,1,3,3,0,-0.0189638,0.865884,0.76161,0.752016,24.5738
2315,100,0.1,0.2,100,100,500,8,1,0.3,0.1,2.5,1,0,1,0,-225.495,0.875512,133.613,0.68005,1414.19
2315,100,0.1,0.2,100,100,500,8,1,0.3,0.1,2.5,1,0,2,0,-17.965,0.863004,11.1877,0.748378,1392.51
2315,100,0.1,0.2,100,100,500,8,1,0.3,0.1,2.5,1,0,3,0,-0.0096196,0.897476,0.595588,0.560064,40.2319
2316,100,0.1,0.2,100,100,500,8,1,0.3,0.1,2.5,1,2,1,0,-0.683299,0.880467,1.26171,0.735261,1387.9
2316,100,0.1,0.2,100,100,500,8,1,0.3,0.1,2.5,1,2,2,0,-6.61786,0.878406,5.70992,0.747939,1522.06
2316,100,0.1,0.2,100,100,500,8,1,0.3,0.1,2.5,1,2,3,0,-0.0233164,0.881444,0.767021,0.729254,40.1238
2317,100,0.1,0.2,100,100,500,8,1,0.3,0.1,2.5,0,1,1,0,-46.0051,0.896272,12.7529,0.304637,564.179
2317,100,0.1,0.2,100,100,500,8,1,0.3,0.1,2.5,0,1,2,0,-3242.4,0.871915,879.961,0.376173,558.583
2317,100,0.1,0.2,100,100,500,8,1,0.3,0.1,2.5,0,1,3,0,0.247753,0.936443,0.204091,0.186661,40.0717
2318,100,0.1,0.2,100,100,500,8,1,0.3,0.1,2.5,0,3,1,0,-1.69406,0.894108,1.02644,0.313473,673.415
2318,100,0.1,0.2,100,100,500,8,1,0.3,0.1,2.5,0,3,2,0,-80.4453,0.877569,31.0307,0.362432,673.299
2318,100,0.1,0.2,100,100,500,8,1,0.3,0.1,2.5,0,3,3,0,0.24716,0.916458,0.286833,0.247308,40.4165
2319,100,0.1,0.2,100,100,500,8,1,0.3,0.1,2.5,0,0,1,0,-96.5129,0.907548,40.5759,0.267914,2817.77
2319,100,0.1,0.2,100,100,500,8,1,0.3,0.1,2.5,0,0,2,0,-1.79324,0.904646,1.16229,0.276324,1422.65
2319,100,0.1,0.2,100,100,500,8,1,0.3,0.1,2.5,0,0,3,0,0.258098,0.907775,0.308711,0.267255,33.9621
2320,100,0.1,0.2,100,100,500,8,1,0.3,0.1,2.5,0,2,1,0,-1.05108e+08,0.891275,3.80457e+07,0.336862,1420.19
2320,100,0.1,0.2,100,100,500,8,1,0.3,0.1,2.5,0,2,2,0,-0.692671,0.884026,0.61269,0.359321,1412.1
2320,100,0.1,0.2,100,100,500,8,1,0.3,0.1,2.5,0,2,3,0,0.0448423,0.891434,0.345735,0.33637,33.5444
2321,100,0.1,0.2,100,100,500,8,1,0.3,0.3,2.5,1,1,1,0,-28.4006,0.813442,39.3275,2.13051,1203.83
2321,100,0.1,0.2,100,100,500,8,1,0.3,0.3,2.5,1,1,2,0,-5.3166,0.867197,8.44934,1.51662,1204.46
2321,100,0.1,0.2,100,100,500,8,1,0.3,0.3,2.5,1,1,3,0,0.0436941,0.8946,1.27919,1.20368,66.0448
2322,100,0.1,0.2,100,100,500,8,1,0.3,0.3,2.5,1,3,1,0,-62.026,0.800851,109.119,2.45769,1211.41
2322,100,0.1,0.2,100,100,500,8,1,0.3,0.3,2.5,1,3,2,0,-0.824448,0.867284,3.15873,1.63785,1066.06
2322,100,0.1,0.2,100,100,500,8,1,0.3,0.3,2.5,1,3,3,0,0.0318074,0.874242,1.67627,1.55198,75.2032
2323,100,0.1,0.2,100,100,500,8,1,0.3,0.3,2.5,1,0,1,0,-26.7023,0.86641,41.5898,1.85624,2608.31
2323,100,0.1,0.2,100,100,500,8,1,0.3,0.3,2.5,1,0,2,0,-9.43729,0.88588,15.6696,1.5857,2598.37
2323,100,0.1,0.2,100,100,500,8,1,0.3,0.3,2.5,1,0,3,0,0.0530684,0.901686,1.42164,1.36608,60.1962
2324,100,0.1,0.2,100,100,500,8,1,0.3,0.3,2.5,1,2,1,0,-10.4318,0.865399,20.4139,1.90875,2597.18
2324,100,0.1,0.2,100,100,500,8,1,0.3,0.3,2.5,1,2,2,0,-16.1712,0.876892,30.6628,1.74577,2592.72
2324,100,0.1,0.2,100,100,500,8,1,0.3,0.3,2.5,1,2,3,0,0.0822044,0.895883,1.63892,1.47646,52.8224
2325,100,0.1,0.2,100,100,500,8,1,0.3,0.3,2.5,0,1,1,0,-213.01,0.852182,158.218,0.849356,790.369
2325,100,0.1,0.2,100,100,500,8,1,0.3,0.3,2.5,0,1,2,0,-4.92453,0.884453,4.38,0.663927,845.933
2325,100,0.1,0.2,100,100,500,8,1,0.3,0.3,2.5,0,1,3,0,0.0339501,0.882262,0.714199,0.676515,44.5521
2326,100,0.1,0.2,100,100,500,8,1,0.3,0.3,2.5,0,3,1,0,-380.83,0.863015,240.373,0.802709,833.722
2326,100,0.1,0.2,100,100,500,8,1,0.3,0.3,2.5,0,3,2,0,-380.83,0.863015,240.373,0.802709,857.48
2326,100,0.1,0.2,100,100,500,8,1,0.3,0.3,2.5,0,3,3,0,0.00426701,0.893639,0.626843,0.623261,41.5914
2327,100,0.1,0.2,100,100,500,8,1,0.3,0.3,2.5,0,0,1,0,-5.96906,0.876016,5.51167,0.755673,1946.58
2327,100,0.1,0.2,100,100,500,8,1,0.3,0.3,2.5,0,0,2,0,-2.77501,0.862531,2.98556,0.837861,1926.48
2327,100,0.1,0.2,100,100,500,8,1,0.3,0.3,2.5,0,0,3,0,0.00624401,0.872202,0.785938,0.778915,40.2647
2328,100,0.1,0.2,100,100,500,8,1,0.3,0.3,2.5,0,2,1,0,-73.2762,0.880143,39.4867,0.618678,1925.73
2328,100,0.1,0.2,100,100,500,8,1,0.3,0.3,2.5,0,2,2,0,-7078.79,0.852734,3763.75,0.760159,1924.14
2328,100,0.1,0.2,100,100,500,8,1,0.3,0.3,2.5,0,2,3,0,-0.00171298,0.898352,0.53253,0.524685,40.6654
2329,100,0.1,0.2,100,100,500,8,1,0.3,0.5,2.5,1,1,1,0,-5.15715,0.815473,19.8675,4.33078,2850.82
2329,100,0.1,0.2,100,100,500,8,1,0.3,0.5,2.5,1,1,2,0,-378.467,0.885699,1224.44,2.6826,1435.19
2329,100,0.1,0.2,100,100,500,8,1,0.3,0.5,2.5,1,1,3,0,0.0114245,0.866087,3.18987,3.1429,48.3396
2330,100,0.1,0.2,100,100,500,8,1,0.3,0.5,2.5,1,3,1,0,-1.0865,0.883786,4.10227,1.94128,1317.02
2330,100,0.1,0.2,100,100,500,8,1,0.3,0.5,2.5,1,3,2,0,-785.118,0.862199,1545.59,2.30187,1315.52
2330,100,0.1,0.2,100,100,500,8,1,0.3,0.5,2.5,1,3,3,0,0.128389,0.91497,1.71367,1.42038,65.5711
2331,100,0.1,0.2,100,100,500,8,1,0.3,0.5,2.5,1,0,1,0,-4.67348,0.911387,14.7497,1.89823,3255.73
2331,100,0.1,0.2,100,100,500,8,1,0.3,0.5,2.5,1,0,2,0,-6971.2,0.919268,18126.1,1.72941,3018.95
2331,100,0.1,0.2,100,100,500,8,1,0.3,0.5,2.5,1,0,3,0,0.0121286,0.881509,2.56823,2.53827,52.3963
2332,100,0.1,0.2,100,100,500,8,1,0.3,0.5,2.5,1,2,1,0,-3.20258,0.941449,9.74827,1.19977,2999.27
2332,100,0.1,0.2,100,100,500,8,1,0.3,0.5,2.5,1,2,2,0,-0.980944,0.930812,4.59498,1.41774,2992.49
2332,100,0.1,0.2,100,100,500,8,1,0.3,0.5,2.5,1,2,3,0,0.175094,0.92866,1.91344,1.46183,59.3107
2333,100,0.1,0.2,100,100,500,8,1,0.3,0.5,2.5,0,1,1,0,-4.49952,0.869477,5.73348,1.11077,1004.45
2333,100,0.1,0.2,100,100,500,8,1,0.3,0.5,2.5,0,1,2,0,-5.51575,0.761805,6.79294,2.02707,949.386
2333,100,0.1,0.2,100,100,500,8,1,0.3,0.5,2.5,0,1,3,0,0.00652478,0.879581,1.03574,1.02478,45.568
2334,100,0.1,0.2,100,100,500,8,1,0.3,0.5,2.5,0,3,1,0,-11.0371,0.889614,11.7196,0.897653,1001.4
2334,100,0.1,0.2,100,100,500,8,1,0.3,0.5,2.5,0,3,2,0,-86.1881,0.857521,84.8886,1.15863,947.782
2334,100,0.1,0.2,100,100,500,8,1,0.3,0.5,2.5,0,3,3,0,-0.00455131,0.880286,0.978058,0.973507,37.0922
2335,100,0.1,0.2,100,100,500,8,1,0.3,0.5,2.5,0,0,1,0,-9.26718,0.887395,10.913,0.934439,2420.21
2335,100,0.1,0.2,100,100,500,8,1,0.3,0.5,2.5,0,0,2,0,-1533.22,0.878867,1630.72,1.00521,2821.41
2335,100,0.1,0.2,100,100,500,8,1,0.3,0.5,2.5,0,0,3,0,0.00647455,0.874555,1.05601,1.04099,41.1755
2336,100,0.1,0.2,100,100,500,8,1,0.3,0.5,2.5,0,2,1,0,-133.391,0.880807,130.619,0.991352,2589.05
2336,100,0.1,0.2,100,100,500,8,1,0.3,0.5,2.5,0,2,2,0,-36.8626,0.883719,36.7999,0.967135,2543.07
2336,100,0.1,0.2,100,100,500,8,1,0.3,0.5,2.5,0,2,3,0,0.0247228,0.888703,0.947904,0.925677,41.5508
2337,100,0.1,0.2,100,100,500,8,1,0.5,0,2.5,1,1,1,0,-1.73882,0.881986,1.02811,0.327438,2234.72
2337,100,0.1,0.2,100,100,500,8,1,0.5,0,2.5,1,1,2,0,-3.09843,0.894512,1.53848,0.292685,807.602
2337,100,0.1,0.2,100,100,500,8,1,0.5,0,2.5,1,1,3,0,0.276994,0.914299,0.271405,0.237784,33.5992
2338,100,0.1,0.2,100,100,500,8,1,0.5,0,2.5,1,3,1,0,-26.1633,0.783701,12.8189,0.614848,806.346
2338,100,0.1,0.2,100,100,500,8,1,0.5,0,2.5,1,3,2,0,-124.081,0.896063,59.028,0.29545,805.124
2338,100,0.1,0.2,100,100,500,8,1,0.5,0,2.5,1,3,3,0,0.300909,0.901288,0.329914,0.280598,33.3826
2339,100,0.1,0.2,100,100,500,8,1,0.5,0,2.5,1,0,1,0,-32.6765,0.919735,9.61407,0.217849,1848.26
2339,100,0.1,0.2,100,100,500,8,1,0.5,0,2.5,1,0,2,0,-2.90074,0.905734,1.11359,0.255848,1697.46
2339,100,0.1,0.2,100,100,500,8,1,0.5,0,2.5,1,0,3,0,0.177071,0.918326,0.234932,0.221671,33.4985
2340,100,0.1,0.2,100,100,500,8,1,0.5,0,2.5,1,2,1,0,-9.99986,0.905386,3.86742,0.260025,1697.62
2340,100,0.1,0.2,100,100,500,8,1,0.5,0,2.5,1,2,2,0,-68912.5,0.916673,24229.2,0.229006,1697.19
2340,100,0.1,0.2,100,100,500,8,1,0.5,0,2.5,1,2,3,0,0.203229,0.905955,0.280136,0.258462,30.8812
2341,100,0.1,0.2,100,100,500,8,1,0.5,0,2.5,0,1,1,0,-0.799343,0.909872,0.626154,0.256226,738.179
2341,100,0.1,0.2,100,100,500,8,1,0.5,0,2.5,0,1,2,0,-535.106,0.872743,186.56,0.361779,733.69
2341,100,0.1,0.2,100,100,500,8,1,0.5,0,2.5,0,1,3,0,0.189719,0.907362,0.28197,0.263361,30.2218
2342,100,0.1,0.2,100,100,500,8,1,0.5,0,2.5,0,3,1,0,-0.727187,0.906912,0.47807,0.264041,737.307
2342,100,0.1,0.2,100,100,500,8,1,0.5,0,2.5,0,3,2,0,-41.65,0.869089,11.8051,0.371321,683.566
2342,100,0.1,0.2,100,100,500,8,1,0.5,0,2.5,0,3,3,0,0.0963918,0.916042,0.250111,0.238141,30.9897
2343,100,0.1,0.2,100,100,500,8,1,0.5,0,2.5,0,0,1,0,-7.88911,0.900611,3.68687,0.272515,1553.01
2343,100,0.1,0.2,100,100,500,8,1,0.5,0,2.5,0,0,2,0,-7.6684,0.882071,3.59533,0.323349,1555.15
2343,100,0.1,0.2,100,100,500,8,1,0.5,0,2.5,0,0,3,0,0.246002,0.899542,0.31273,0.275446,31.1546
2344,100,0.1,0.2,100,100,500,8,1,0.5,0,2.5,0,2,1,0,-39.444,0.908399,10.2558,0.25017,1690.07
2344,100,0.1,0.2,100,100,500,8,1,0.5,0,2.5,0,2,2,0,-78.7778,0.904064,20.2302,0.26201,1741.52
2344,100,0.1,0.2,100,100,500,8,1,0.5,0,2.5,0,2,3,0,0.0472763,0.913038,0.241593,0.237499,30.325
2345,100,0.1,0.2,100,100,500,8,1,0.5,0.1,2.5,1,1,1,0,-4.59302,0.881203,4.83456,0.796915,843.397
2345,100,0.1,0.2,100,100,500,8,1,0.5,0.1,2.5,1,1,2,0,-24.3471,0.882407,21.9098,0.788834,790.042
2345,100,0.1,0.2,100,100,500,8,1,0.5,0.1,2.5,1,1,3,0,0.00311036,0.882978,0.861704,0.785006,46.0333
2346,100,0.1,0.2,100,100,500,8,1,0.5,0.1,2.5,1,3,1,0,-19.6213,0.867158,17.7045,0.916773,788.503
2346,100,0.1,0.2,100,100,500,8,1,0.5,0.1,2.5,1,3,2,0,-11.1277,0.860798,10.4123,0.960663,844.906
2346,100,0.1,0.2,100,100,500,8,1,0.5,0.1,2.5,1,3,3,0,0.0243266,0.886181,0.83767,0.785488,44.1417
2347,100,0.1,0.2,100,100,500,8,1,0.5,0.1,2.5,1,0,1,0,-52.7237,0.89601,52.2441,0.689029,2084.14
2347,100,0.1,0.2,100,100,500,8,1,0.5,0.1,2.5,1,0,2,0,-2.58368,0.864928,3.48498,0.894978,2048.59
2347,100,0.1,0.2,100,100,500,8,1,0.5,0.1,2.5,1,0,3,0,-0.0175379,0.856049,0.989513,0.953809,46.7129
2348,100,0.1,0.2,100,100,500,8,1,0.5,0.1,2.5,1,2,1,0,-31.8303,0.884542,26.0245,0.765654,2046.74
2348,100,0.1,0.2,100,100,500,8,1,0.5,0.1,2.5,1,2,2,0,-7.57925,0.855658,6.80075,0.957197,1900.78
2348,100,0.1,0.2,100,100,500,8,1,0.5,0.1,2.5,1,2,3,0,-0.0034354,0.880788,0.795421,0.790543,31.9587
2349,100,0.1,0.2,100,100,500,8,1,0.5,0.1,2.5,0,1,1,0,-15.2281,0.876168,9.35308,0.536032,830.201
2349,100,0.1,0.2,100,100,500,8,1,0.5,0.1,2.5,0,1,2,0,-8.29069,0.780467,5.35468,0.950291,2537.74
2349,100,0.1,0.2,100,100,500,8,1,0.5,0.1,2.5,0,1,3,0,0.0919761,0.888617,0.523339,0.482141,43.4534
2350,100,0.1,0.2,100,100,500,8,1,0.5,0.1,2.5,0,3,1,0,-10.356,0.876475,5.46472,0.521904,893.452
2350,100,0.1,0.2,100,100,500,8,1,0.5,0.1,2.5,0,3,2,0,-5956.1,0.769837,2866.67,0.972457,895.209
2350,100,0.1,0.2,100,100,500,8,1,0.5,0.1,2.5,0,3,3,0,0.0234409,0.892092,0.469938,0.45592,42.8022
2351,100,0.1,0.2,100,100,500,8,1,0.5,0.1,2.5,0,0,1,0,-24.6933,0.88441,11.6209,0.427446,1919.52
2351,100,0.1,0.2,100,100,500,8,1,0.5,0.1,2.5,0,0,2,0,-2.60721,0.894596,1.63153,0.38978,2067.25
2351,100,0.1,0.2,100,100,500,8,1,0.5,0.1,2.5,0,0,3,0,0.0460734,0.886977,0.431457,0.417952,33.8764
2352,100,0.1,0.2,100,100,500,8,1,0.5,0.1,2.5,0,2,1,0,-12.2039,0.85263,7.56254,0.619175,1826.63
2352,100,0.1,0.2,100,100,500,8,1,0.5,0.1,2.5,0,2,2,0,-5.46819,0.895857,3.70466,0.437559,1819.89
2352,100,0.1,0.2,100,100,500,8,1,0.5,0.1,2.5,0,2,3,0,0.0602752,0.879772,0.538228,0.50514,37.2193
2353,100,0.1,0.2,100,100,500,8,1,0.5,0.3,2.5,1,1,1,0,-1.79789,0.865692,5.40164,1.94469,1105.03
2353,100,0.1,0.2,100,100,500,8,1,0.5,0.3,2.5,1,1,2,0,-16.2736,0.826192,33.3487,2.51662,1102.1
2353,100,0.1,0.2,100,100,500,8,1,0.5,0.3,2.5,1,1,3,0,0.0680598,0.887018,1.79922,1.63591,74.452
2354,100,0.1,0.2,100,100,500,8,1,0.5,0.3,2.5,1,3,1,0,-58.4925,0.847546,84.7109,2.04778,1099.26
2354,100,0.1,0.2,100,100,500,8,1,0.5,0.3,2.5,1,3,2,0,-13439.9,0.869844,19138.4,1.74826,1120.68
2354,100,0.1,0.2,100,100,500,8,1,0.5,0.3,2.5,1,3,3,0,0.0723237,0.907707,1.32091,1.23969,60.7266
2355,100,0.1,0.2,100,100,500,8,1,0.5,0.3,2.5,1,0,1,0,-38.3098,0.885237,60.5877,1.42965,2619.57
2355,100,0.1,0.2,100,100,500,8,1,0.5,0.3,2.5,1,0,2,0,-0.616524,0.884356,2.49153,1.44063,2621.39
2355,100,0.1,0.2,100,100,500,8,1,0.5,0.3,2.5,1,0,3,0,-0.015821,0.876057,1.56567,1.54401,50.7941
2356,100,0.1,0.2,100,100,500,8,1,0.5,0.3,2.5,1,2,1,0,-12.1513,0.889989,21.1599,1.4855,2746.51
2356,100,0.1,0.2,100,100,500,8,1,0.5,0.3,2.5,1,2,2,0,-14.1128,0.912906,24.3159,1.17606,2844.01
2356,100,0.1,0.2,100,100,500,8,1,0.5,0.3,2.5,1,2,3,0,0.0256081,0.890499,1.56776,1.47863,80.8405
2357,100,0.1,0.2,100,100,500,8,1,0.5,0.3,2.5,0,1,1,0,-31.6967,0.884818,26.9868,0.751797,963.744
2357,100,0.1,0.2,100,100,500,8,1,0.5,0.3,2.5,0,1,2,0,-9.79693,0.879155,8.91143,0.78876,1033.42
2357,100,0.1,0.2,100,100,500,8,1,0.5,0.3,2.5,0,1,3,0,0.0263647,0.881397,0.803607,0.774124,48.1085
2358,100,0.1,0.2,100,100,500,8,1,0.5,0.3,2.5,0,3,1,0,-497.257,0.792954,467.478,1.52835,963.413
2358,100,0.1,0.2,100,100,500,8,1,0.5,0.3,2.5,0,3,2,0,-0.162066,0.863187,1.09028,1.00991,970.037
2358,100,0.1,0.2,100,100,500,8,1,0.5,0.3,2.5,0,3,3,0,0.011072,0.876319,0.927838,0.912978,40.5456
2359,100,0.1,0.2,100,100,500,8,1,0.5,0.3,2.5,0,0,1,0,-5.59137,0.888918,5.49508,0.719362,2388.54
2359,100,0.1,0.2,100,100,500,8,1,0.5,0.3,2.5,0,0,2,0,-13.531,0.878968,12.1142,0.783798,3710.2
2359,100,0.1,0.2,100,100,500,8,1,0.5,0.3,2.5,0,0,3,0,0.00186548,0.872315,0.832123,0.826877,40.3919
2360,100,0.1,0.2,100,100,500,8,1,0.5,0.3,2.5,0,2,1,0,-1191.25,0.863778,939.284,0.936151,2257.79
2360,100,0.1,0.2,100,100,500,8,1,0.5,0.3,2.5,0,2,2,0,-2.65723,0.885883,2.88125,0.784239,2262.31
2360,100,0.1,0.2,100,100,500,8,1,0.5,0.3,2.5,0,2,3,0,0.0137907,0.890099,0.776958,0.755266,40.6658
2361,100,0.1,0.2,100,100,500,8,1,0.5,0.5,2.5,1,1,1,0,-71.1397,0.816438,231.022,4.58543,1349.69
2361,100,0.1,0.2,100,100,500,8,1,0.5,0.5,2.5,1,1,2,0,-635.24,0.729813,2037.51,6.74936,1267.42
2361,100,0.1,0.2,100,100,500,8,1,0.5,0.5,2.5,1,1,3,0,0.163019,0.93112,2.68037,1.72064,67.4932
2362,100,0.1,0.2,100,100,500,8,1,0.5,0.5,2.5,1,3,1,0,-804.591,0.846818,1387.55,2.86814,1212.01
2362,100,0.1,0.2,100,100,500,8,1,0.5,0.5,2.5,1,3,2,0,-107.172,0.865466,186.315,2.51898,1283.56
2362,100,0.1,0.2,100,100,500,8,1,0.5,0.5,2.5,1,3,3,0,0.167594,0.935241,1.43373,1.21253,46.3535
2363,100,0.1,0.2,100,100,500,8,1,0.5,0.5,2.5,1,0,1,0,-114.599,0.859293,379.278,3.36756,2996.03
2363,100,0.1,0.2,100,100,500,8,1,0.5,0.5,2.5,1,0,2,0,-1.99794,0.87822,9.83622,2.91459,2984.01
2363,100,0.1,0.2,100,100,500,8,1,0.5,0.5,2.5,1,0,3,0,0.0989915,0.907348,2.9562,2.21746,61.9166
2364,100,0.1,0.2,100,100,500,8,1,0.5,0.5,2.5,1,2,1,0,-9.38152,0.879931,21.4846,1.97592,2863.11
2364,100,0.1,0.2,100,100,500,8,1,0.5,0.5,2.5,1,2,2,0,-39.9785,0.869342,84.8051,2.15017,3024.04
2364,100,0.1,0.2,100,100,500,8,1,0.5,0.5,2.5,1,2,3,0,0.121731,0.913047,1.81758,1.43094,73.3245
2365,100,0.1,0.2,100,100,500,8,1,0.5,0.5,2.5,0,1,1,0,-15.5981,0.802651,17.3946,1.65078,1089.48
2365,100,0.1,0.2,100,100,500,8,1,0.5,0.5,2.5,0,1,2,0,-5.70538,0.808318,7.02716,1.60337,1091.96
2365,100,0.1,0.2,100,100,500,8,1,0.5,0.5,2.5,0,1,3,0,0.000714731,0.875256,1.04724,1.04345,33.1455
2366,100,0.1,0.2,100,100,500,8,1,0.5,0.5,2.5,0,3,1,0,-695.632,0.878567,788.737,1.04763,1093.54
2366,100,0.1,0.2,100,100,500,8,1,0.5,0.5,2.5,0,3,2,0,-91.731,0.82193,104.992,1.53625,1093.47
2366,100,0.1,0.2,100,100,500,8,1,0.5,0.5,2.5,0,3,3,0,0.00740301,0.871334,1.12383,1.11003,49.3012
2367,100,0.1,0.2,100,100,500,8,1,0.5,0.5,2.5,0,0,1,0,-1.13888,0.865747,2.82105,1.35344,2713.66
2367,100,0.1,0.2,100,100,500,8,1,0.5,0.5,2.5,0,0,2,0,-6.14352,0.897772,9.42186,1.03059,4007.36
2367,100,0.1,0.2,100,100,500,8,1,0.5,0.5,2.5,0,0,3,0,0.0190386,0.874015,1.29383,1.2701,56.1469
2368,100,0.1,0.2,100,100,500,8,1,0.5,0.5,2.5,0,2,1,0,-19.7838,0.873516,19.1606,0.942737,2546.31
2368,100,0.1,0.2,100,100,500,8,1,0.5,0.5,2.5,0,2,2,0,-42.6137,0.873975,40.2075,0.939315,2557.97
2368,100,0.1,0.2,100,100,500,8,1,0.5,0.5,2.5,0,2,3,0,0.0295236,0.883755,0.894681,0.866419,56.2451
2369,100,0.1,0.2,100,100,500,8,3,0,0,2.5,1,1,1,0,1,1,1.70396e-29,-2.74239e-16,132.456
2369,100,0.1,0.2,100,100,500,8,3,0,0,2.5,1,1,2,0,1,1,1.70396e-29,-2.74239e-16,133.696
2369,100,0.1,0.2,100,100,500,8,3,0,0,2.5,1,1,3,0,1,1,2.11459e-17,6.0525e-16,24.8432
2370,100,0.1,0.2,100,100,500,8,3,0,0,2.5,1,3,1,0,1,1,2.74416e-27,-3.69565e-16,119.36
2370,100,0.1,0.2,100,100,500,8,3,0,0,2.5,1,3,2,0,1,1,2.69843e-27,-3.65458e-16,120.299
2370,100,0.1,0.2,100,100,500,8,3,0,0,2.5,1,3,3,0,1,1,8.32151e-18,-7.42881e-16,25.1975
2371,100,0.1,0.2,100,100,500,8,3,0,0,2.5,1,0,1,0,1,1,5.8446e-30,-2.64233e-17,297.889
2371,100,0.1,0.2,100,100,500,8,3,0,0,2.5,1,0,2,0,1,1,1.37907e-29,-1.18106e-15,297.534
2371,100,0.1,0.2,100,100,500,8,3,0,0,2.5,1,0,3,0,1,1,2.58853e-18,-3.99542e-16,23.4233
2372,100,0.1,0.2,100,100,500,8,3,0,0,2.5,1,2,1,0,1,1,2.02388e-29,-1.74416e-16,275.908
2372,100,0.1,0.2,100,100,500,8,3,0,0,2.5,1,2,2,0,1,1,1.17514e-30,-1.29841e-15,277.755
2372,100,0.1,0.2,100,100,500,8,3,0,0,2.5,1,2,3,0,1,1,3.78607e-17,7.81797e-16,23.3564
2373,100,0.1,0.2,100,100,500,8,3,0,0,2.5,0,1,1,0,1,1,3.17648e-29,-1.12754e-15,121.903
2373,100,0.1,0.2,100,100,500,8,3,0,0,2.5,0,1,2,0,1,1,1.97696e-30,-6.13898e-16,122.008
2373,100,0.1,0.2,100,100,500,8,3,0,0,2.5,0,1,3,0,1,1,3.31701e-17,-2.09565e-16,24.0521
2374,100,0.1,0.2,100,100,500,8,3,0,0,2.5,0,3,1,0,1,1,1.26565e-27,-2.78999e-16,110.181
2374,100,0.1,0.2,100,100,500,8,3,0,0,2.5,0,3,2,0,1,1,1.24213e-27,-9.94871e-16,109.706
2374,100,0.1,0.2,100,100,500,8,3,0,0,2.5,0,3,3,0,1,1,2.06968e-18,4.89724e-16,23.2778
2375,100,0.1,0.2,100,100,500,8,3,0,0,2.5,0,0,1,0,1,1,3.29793e-29,4.78229e-16,298.638
2375,100,0.1,0.2,100,100,500,8,3,0,0,2.5,0,0,2,0,1,1,2.84588e-30,-1.25754e-15,297.332
2375,100,0.1,0.2,100,100,500,8,3,0,0,2.5,0,0,3,0,1,1,5.97201e-18,9.43883e-16,22.7495
2376,100,0.1,0.2,100,100,500,8,3,0,0,2.5,0,2,1,0,1,1,7.15795e-29,-1.07838e-15,277.035
2376,100,0.1,0.2,100,100,500,8,3,0,0,2.5,0,2,2,0,1,1,3.45258e-30,-8.41882e-16,281.959
2376,100,0.1,0.2,100,100,500,8,3,0,0,2.5,0,2,3,0,1,1,5.27288e-19,9.71043e-16,24.3759
2377,100,0.1,0.2,100,100,500,8,3,0,0.1,2.5,1,1,1,0,-1.19219e+06,0.848839,1.88415e+06,1.96439,60.326
2377,100,0.1,0.2,100,100,500,8,3,0,0.1,2.5,1,1,2,0,-2.92503,0.837693,6.20315,2.10925,58.1612
2377,100,0.1,0.2,100,100,500,8,3,0,0.1,2.5,1,1,3,0,-0.163377,0.877039,1.83861,1.59793,128.927
2378,100,0.1,0.2,100,100,500,8,3,0,0.1,2.5,1,3,1,0,-0.782174,0.852349,2.97976,1.93436,56.9664
2378,100,0.1,0.2,100,100,500,8,3,0,0.1,2.5,1,3,2,0,-14.7147,0.847166,26.2747,2.00226,55.2698
2378,100,0.1,0.2,100,100,500,8,3,0,0.1,2.5,1,3,3,0,-0.183263,0.860652,1.97839,1.82559,45.5802
2379,100,0.1,0.2,100,100,500,8,3,0,0.1,2.5,1,0,1,0,-3.9378,0.836899,7.95764,1.9935,145.6
2379,100,0.1,0.2,100,100,500,8,3,0,0.1,2.5,1,0,2,0,-8.16409,0.84289,14.7686,1.92027,145.697
2379,100,0.1,0.2,100,100,500,8,3,0,0.1,2.5,1,0,3,0,0.0189755,0.876783,1.581,1.50602,102.669
2380,100,0.1,0.2,100,100,500,8,3,0,0.1,2.5,1,2,1,0,-2295.78,0.825243,3617,2.19094,143.757
2380,100,0.1,0.2,100,100,500,8,3,0,0.1,2.5,1,2,2,0,-8.27045,0.83698,14.5992,2.04379,145.645
2380,100,0.1,0.2,100,100,500,8,3,0,0.1,2.5,1,2,3,0,-0.11625,0.870776,1.75789,1.6201,30.8386
2381,100,0.1,0.2,100,100,500,8,3,0,0.1,2.5,0,1,1,0,-384.445,0.897881,391.861,0.613373,62.0886
2381,100,0.1,0.2,100,100,500,8,3,0,0.1,2.5,0,1,2,0,-13.6214,0.906298,14.8648,0.562814,58.4983
2381,100,0.1,0.2,100,100,500,8,3,0,0.1,2.5,0,1,3,0,0.0211937,0.880361,0.9951,0.718603,116.306
2382,100,0.1,0.2,100,100,500,8,3,0,0.1,2.5,0,3,1,0,-27.347,0.8894,14.5139,0.671034,57.9051
2382,100,0.1,0.2,100,100,500,8,3,0,0.1,2.5,0,3,2,0,-7.97512,0.889922,4.59535,0.667866,59.3087
2382,100,0.1,0.2,100,100,500,8,3,0,0.1,2.5,0,3,3,0,-0.0106971,0.919572,0.517486,0.487972,30.5518
2383,100,0.1,0.2,100,100,500,8,3,0,0.1,2.5,0,0,1,0,-545.902,0.892159,485.037,0.66363,159.468
2383,100,0.1,0.2,100,100,500,8,3,0,0.1,2.5,0,0,2,0,-1.13162,0.912825,1.89049,0.536457,156.547
2383,100,0.1,0.2,100,100,500,8,3,0,0.1,2.5,0,0,3,0,-0.215907,0.907624,1.07836,0.568465,68.5786
2384,100,0.1,0.2,100,100,500,8,3,0,0.1,2.5,0,2,1,0,-10.9135,0.918025,8.35307,0.468221,148.899
2384,100,0.1,0.2,100,100,500,8,3,0,0.1,2.5,0,2,2,0,-2.00589,0.898839,2.10755,0.577801,152.209
2384,100,0.1,0.2,100,100,500,8,3,0,0.1,2.5,0,2,3,0,-0.14707,0.895877,0.804257,0.594719,80.6465
2385,100,0.1,0.2,100,100,500,8,3,0,0.3,2.5,1,1,1,0,-77.4086,0.797516,250.002,4.78782,883.653
2385,100,0.1,0.2,100,100,500,8,3,0,0.3,2.5,1,1,2,0,-51.166,0.832635,166.329,3.95741,994.409
2385,100,0.1,0.2,100,100,500,8,3,0,0.3,2.5,1,1,3,0,0.347847,0.944985,2.07936,1.30084,69.358
2386,100,0.1,0.2,100,100,500,8,3,0,0.3,2.5,1,3,1,0,-34.0467,0.819253,127.332,5.47861,885.076
2386,100,0.1,0.2,100,100,500,8,3,0,0.3,2.5,1,3,2,0,-11.5397,0.836267,45.5592,4.96291,989.954
2386,100,0.1,0.2,100,100,500,8,3,0,0.3,2.5,1,3,3,0,0.501284,0.963373,1.81193,1.1102,60.2015
2387,100,0.1,0.2,100,100,500,8,3,0,0.3,2.5,1,0,1,0,-298.969,0.812984,481.21,5.71066,2052.96
2387,100,0.1,0.2,100,100,500,8,3,0,0.3,2.5,1,0,2,0,-65.4553,0.820702,106.607,5.475,2020.85
2387,100,0.1,0.2,100,100,500,8,3,0,0.3,2.5,1,0,3,0,0.280621,0.965572,1.15403,1.05129,53.5108
2388,100,0.1,0.2,100,100,500,8,3,0,0.3,2.5,1,2,1,0,-10412.2,0.760658,31454.8,6.66766,1917.44
2388,100,0.1,0.2,100,100,500,8,3,0,0.3,2.5,1,2,2,0,-45.3513,0.804816,140.012,5.4375,2190.6
2388,100,0.1,0.2,100,100,500,8,3,0,0.3,2.5,1,2,3,0,0.479088,0.960998,1.57351,1.08654,64.7102
2389,100,0.1,0.2,100,100,500,8,3,0,0.3,2.5,0,1,1,0,-27.0265,0.854903,45.9695,1.77128,281.158
2389,100,0.1,0.2,100,100,500,8,3,0,0.3,2.5,0,1,2,0,-27.0265,0.854903,45.9695,1.77128,113.964
2389,100,0.1,0.2,100,100,500,8,3,0,0.3,2.5,0,1,3,0,-0.02856,0.864968,1.68706,1.64841,40.434
2390,100,0.1,0.2,100,100,500,8,3,0,0.3,2.5,0,3,1,0,-6.17392,0.846665,12.1402,1.92554,561.853
2390,100,0.1,0.2,100,100,500,8,3,0,0.3,2.5,0,3,2,0,-6.17392,0.846665,12.1402,1.92554,337.797
2390,100,0.1,0.2,100,100,500,8,3,0,0.3,2.5,0,3,3,0,0.0984609,0.884134,1.52564,1.45502,88.5514
2391,100,0.1,0.2,100,100,500,8,3,0,0.3,2.5,0,0,1,0,-10.5842,0.853304,17.7452,1.6184,1024.19
2391,100,0.1,0.2,100,100,500,8,3,0,0.3,2.5,0,0,2,0,-3.76584,0.852459,7.30054,1.62773,147.697
2391,100,0.1,0.2,100,100,500,8,3,0,0.3,2.5,0,0,3,0,-0.0614542,0.85851,1.62598,1.56097,41.085
2392,100,0.1,0.2,100,100,500,8,3,0,0.3,2.5,0,2,1,0,-4.13085,0.846889,7.27418,1.87059,732.035
2392,100,0.1,0.2,100,100,500,8,3,0,0.3,2.5,0,2,2,0,-4.36758,0.853171,7.6098,1.79383,444.676
2392,100,0.1,0.2,100,100,500,8,3,0,0.3,2.5,0,2,3,0,0.0973144,0.901785,1.27977,1.19991,66.0287
2393,100,0.1,0.2,100,100,500,8,3,0,0.5,2.5,1,1,1,0,-17.7349,0.951058,113.251,2.06745,1357.61
2393,100,0.1,0.2,100,100,500,8,3,0,0.5,2.5,1,1,2,0,-0.289996,0.955615,7.79797,1.87497,1364.38
2393,100,0.1,0.2,100,100,500,8,3,0,0.5,2.5,1,1,3,0,0.539696,0.96869,2.78252,1.32262,84.7468
2394,100,0.1,0.2,100,100,500,8,3,0,0.5,2.5,1,3,1,0,-117.011,0.919279,937.509,3.86846,2900.06
2394,100,0.1,0.2,100,100,500,8,3,0,0.5,2.5,1,3,2,0,-896.98,0.810075,7133.75,9.10199,1456.22
2394,100,0.1,0.2,100,100,500,8,3,0,0.5,2.5,1,3,3,0,0.498271,0.971678,3.98585,1.35731,75.7922
2395,100,0.1,0.2,100,100,500,8,3,0,0.5,2.5,1,0,1,0,0.557512,0.977899,2.06816,1.00461,3138.68
2395,100,0.1,0.2,100,100,500,8,3,0,0.5,2.5,1,0,2,0,-5.53488,0.9773,30.5437,1.03185,2989.17
2395,100,0.1,0.2,100,100,500,8,3,0,0.5,2.5,1,0,3,0,0.643024,0.976939,1.66849,1.04825,60.2417
2396,100,0.1,0.2,100,100,500,8,3,0,0.5,2.5,1,2,1,0,-73.9003,0.90545,476.513,4.35758,2832.87
2396,100,0.1,0.2,100,100,500,8,3,0,0.5,2.5,1,2,2,0,-100.735,0.966727,647.233,1.53345,2832.29
2396,100,0.1,0.2,100,100,500,8,3,0,0.5,2.5,1,2,3,0,0.661696,0.97877,2.15228,0.978431,59.5927
2397,100,0.1,0.2,100,100,500,8,3,0,0.5,2.5,0,1,1,0,-51.0183,0.915489,116.351,1.34629,1005.68
2397,100,0.1,0.2,100,100,500,8,3,0,0.5,2.5,0,1,2,0,-78.8642,0.781734,178.635,3.47706,987.401
2397,100,0.1,0.2,100,100,500,8,3,0,0.5,2.5,0,1,3,0,0.127289,0.896159,1.95202,1.65422,59.693
2398,100,0.1,0.2,100,100,500,8,3,0,0.5,2.5,0,3,1,0,-62.5626,0.852308,103.327,2.69621,992.797
2398,100,0.1,0.2,100,100,500,8,3,0,0.5,2.5,0,3,2,0,-0.465611,0.917281,2.3825,1.51008,1044.49
2398,100,0.1,0.2,100,100,500,8,3,0,0.5,2.5,0,3,3,0,0.274459,0.946737,1.17944,0.972352,45.3238
2399,100,0.1,0.2,100,100,500,8,3,0,0.5,2.5,0,0,1,0,-7.63089,0.911728,16.3873,1.18429,2156.12
2399,100,0.1,0.2,100,100,500,8,3,0,0.5,2.5,0,0,2,0,-34.9253,0.764385,68.2107,3.16111,2158.99
2399,100,0.1,0.2,100,100,500,8,3,0,0.5,2.5,0,0,3,0,0.0663574,0.883997,1.77269,1.55635,81.7297
2400,100,0.1,0.2,100,100,500,8,3,0,0.5,2.5,0,2,1,0,-197.211,0.859105,250.841,2.20301,2350.83
2400,100,0.1,0.2,100,100,500,8,3,0,0.5,2.5,0,2,2,0,-2.99689,0.930845,5.05816,1.08129,2506.02
2400,100,0.1,0.2,100,100,500,8,3,0,0.5,2.5,0,2,3,0,0.115411,0.93356,1.11947,1.03885,50.3857
2401,100,0.1,0.2,100,100,500,8,3,0.1,0,2.5,1,1,1,0,-0.182547,0.984353,0.440731,0.0478563,341.528
2401,100,0.1,0.2,100,100,500,8,3,0.1,0,2.5,1,1,2,0,-1.46436,0.985087,0.91846,0.0456109,341.913
2401,100,0.1,0.2,100,100,500,8,3,0.1,0,2.5,1,1,3,0,0.86731,0.989033,0.0494531,0.0335442,25.0711
2402,100,0.1,0.2,100,100,500,8,3,0.1,0,2.5,1,3,1,0,-4.35517,0.985106,4.35121,0.046322,457.505
2402,100,0.1,0.2,100,100,500,8,3,0.1,0,2.5,1,3,2,0,0.250116,0.987018,0.6093,0.0403748,513.208
2402,100,0.1,0.2,100,100,500,8,3,0.1,0,2.5,1,3,3,0,0.863646,0.990131,0.110791,0.0306925,24.7204
2403,100,0.1,0.2,100,100,500,8,3,0.1,0,2.5,1,0,1,0,0.753064,0.989615,0.149088,0.0346658,295.021
2403,100,0.1,0.2,100,100,500,8,3,0.1,0,2.5,1,0,2,0,0.539067,0.988381,0.278289,0.0387867,296.116
2403,100,0.1,0.2,100,100,500,8,3,0.1,0,2.5,1,0,3,0,0.878145,0.990185,0.0735701,0.0327631,24.7085
2404,100,0.1,0.2,100,100,500,8,3,0.1,0,2.5,1,2,1,0,-0.040195,0.986871,0.162239,0.0401676,296.278
2404,100,0.1,0.2,100,100,500,8,3,0.1,0,2.5,1,2,2,0,-21.5203,0.982272,3.51249,0.0542393,148.031
2404,100,0.1,0.2,100,100,500,8,3,0.1,0,2.5,1,2,3,0,0.805426,0.991446,0.0303476,0.0261694,25.3048
2405,100,0.1,0.2,100,100,500,8,3,0.1,0,2.5,0,1,1,0,-1.47565,0.984894,0.865695,0.0448125,401.257
2405,100,0.1,0.2,100,100,500,8,3,0.1,0,2.5,0,1,2,0,-2.47303,0.952984,1.21446,0.139471,349.658
2405,100,0.1,0.2,100,100,500,8,3,0.1,0,2.5,0,1,3,0,0.878415,0.990292,0.0425164,0.0287982,25.1703
2406,100,0.1,0.2,100,100,500,8,3,0.1,0,2.5,0,3,1,0,0.165702,0.972105,0.333422,0.0860962,171.479
2406,100,0.1,0.2,100,100,500,8,3,0.1,0,2.5,0,3,2,0,-1.68553,0.985152,1.07326,0.0458284,228.686
2406,100,0.1,0.2,100,100,500,8,3,0.1,0,2.5,0,3,3,0,0.889271,0.991062,0.0442522,0.0275873,1300.34
2407,100,0.1,0.2,100,100,500,8,3,0.1,0,2.5,0,0,1,0,-30.9198,0.986912,10.6507,0.0402301,298.882
2407,100,0.1,0.2,100,100,500,8,3,0.1,0,2.5,0,0,2,0,-116.964,0.981254,39.3614,0.0576224,297.484
2407,100,0.1,0.2,100,100,500,8,3,0.1,0,2.5,0,0,3,0,0.859691,0.989841,0.046817,0.0312263,25.1416
2408,100,0.1,0.2,100,100,500,8,3,0.1,0,2.5,0,2,1,0,-7.87947,0.990144,4.26536,0.0307016,299.411
2408,100,0.1,0.2,100,100,500,8,3,0.1,0,2.5,0,2,2,0,-24.6271,0.987041,12.3103,0.0403685,148.037
2408,100,0.1,0.2,100,100,500,8,3,0.1,0,2.5,0,2,3,0,0.895519,0.991372,0.0501889,0.0268751,25.3158
2409,100,0.1,0.2,100,100,500,8,3,0.1,0.1,2.5,1,1,1,0,-3.01784,0.821343,6.53718,2.29515,574.256
2409,100,0.1,0.2,100,100,500,8,3,0.1,0.1,2.5,1,1,2,0,-60.1889,0.852505,99.5566,1.89483,575.033
2409,100,0.1,0.2,100,100,500,8,3,0.1,0.1,2.5,1,1,3,0,-0.06343,0.867658,1.73024,1.70016,108.208
2410,100,0.1,0.2,100,100,500,8,3,0.1,0.1,2.5,1,3,1,0,-35.9065,0.859176,51.9202,1.65239,458.57
2410,100,0.1,0.2,100,100,500,8,3,0.1,0.1,2.5,1,3,2,0,-6.49531,0.791259,10.5444,2.4493,512.657
2410,100,0.1,0.2,100,100,500,8,3,0.1,0.1,2.5,1,3,3,0,0.106698,0.900533,1.2567,1.16711,66.4946
2411,100,0.1,0.2,100,100,500,8,3,0.1,0.1,2.5,1,0,1,0,-10.0715,0.851441,16.2953,1.73394,594.107
2411,100,0.1,0.2,100,100,500,8,3,0.1,0.1,2.5,1,0,2,0,-29.0373,0.848467,44.2095,1.76866,743.029
2411,100,0.1,0.2,100,100,500,8,3,0.1,0.1,2.5,1,0,3,0,0.120315,0.897594,1.29474,1.19526,91.1401
2412,100,0.1,0.2,100,100,500,8,3,0.1,0.1,2.5,1,2,1,0,-18245.6,0.805351,30736.3,2.2966,592.95
2412,100,0.1,0.2,100,100,500,8,3,0.1,0.1,2.5,1,2,2,0,-2.45045,0.847259,5.81228,1.80215,746.018
2412,100,0.1,0.2,100,100,500,8,3,0.1,0.1,2.5,1,2,3,0,-0.127106,0.847993,1.89861,1.79348,40.9219
2413,100,0.1,0.2,100,100,500,8,3,0.1,0.1,2.5,0,1,1,0,-16.7791,0.895335,14.1615,0.673758,631.187
2413,100,0.1,0.2,100,100,500,8,3,0.1,0.1,2.5,0,1,2,0,-7.81273,0.901023,7.01959,0.637143,564.309
2413,100,0.1,0.2,100,100,500,8,3,0.1,0.1,2.5,0,1,3,0,-0.0983699,0.914598,0.874883,0.549756,60.169
2414,100,0.1,0.2,100,100,500,8,3,0.1,0.1,2.5,0,3,1,0,-31.1854,0.890206,21.5745,0.644648,469.751
2414,100,0.1,0.2,100,100,500,8,3,0.1,0.1,2.5,0,3,2,0,-50.5996,0.887843,34.5883,0.65852,468.831
2414,100,0.1,0.2,100,100,500,8,3,0.1,0.1,2.5,0,3,3,0,-0.0119039,0.901574,0.6783,0.577898,37.3462
2415,100,0.1,0.2,100,100,500,8,3,0.1,0.1,2.5,0,0,1,0,-168.528,0.896398,134.315,0.678637,674.156
2415,100,0.1,0.2,100,100,500,8,3,0.1,0.1,2.5,0,0,2,0,-10.0468,0.894099,8.75227,0.693691,406.103
2415,100,0.1,0.2,100,100,500,8,3,0.1,0.1,2.5,0,0,3,0,-0.0852033,0.884696,0.859794,0.755289,38.0539
2416,100,0.1,0.2,100,100,500,8,3,0.1,0.1,2.5,0,2,1,0,-8.57277,0.897257,6.96361,0.632001,538.182
2416,100,0.1,0.2,100,100,500,8,3,0.1,0.1,2.5,0,2,2,0,-4.29389,0.90021,3.85098,0.613835,540.492
2416,100,0.1,0.2,100,100,500,8,3,0.1,0.1,2.5,0,2,3,0,-0.056457,0.908834,0.768508,0.560787,45.2926
2417,100,0.1,0.2,100,100,500,8,3,0.1,0.3,2.5,1,1,1,0,-15.1065,0.874532,49.311,3.40324,985.835
2417,100,0.1,0.2,100,100,500,8,3,0.1,0.3,2.5,1,1,2,0,-89.0474,0.835625,275.686,4.45857,1039.14
2417,100,0.1,0.2,100,100,500,8,3,0.1,0.3,2.5,1,1,3,0,0.419818,0.956171,1.77627,1.18884,60.3532
2418,100,0.1,0.2,100,100,500,8,3,0.1,0.3,2.5,1,3,1,0,-6.04846,0.836302,23.336,3.98749,984.688
2418,100,0.1,0.2,100,100,500,8,3,0.1,0.3,2.5,1,3,2,0,-1493.41,0.774629,4947.67,5.48975,936.604
2418,100,0.1,0.2,100,100,500,8,3,0.1,0.3,2.5,1,3,3,0,0.307827,0.940843,2.29164,1.441,74.2805
2419,100,0.1,0.2,100,100,500,8,3,0.1,0.3,2.5,1,0,1,0,-61.2098,0.94098,253.307,1.68357,2282.54
2419,100,0.1,0.2,100,100,500,8,3,0.1,0.3,2.5,1,0,2,0,-2.89844,0.764528,15.8737,6.71692,2299.28
2419,100,0.1,0.2,100,100,500,8,3,0.1,0.3,2.5,1,0,3,0,0.292604,0.943419,2.88039,1.61399,81.7239
2420,100,0.1,0.2,100,100,500,8,3,0.1,0.3,2.5,1,2,1,0,-19.2361,0.8062,69.9805,4.55195,2025.82
2420,100,0.1,0.2,100,100,500,8,3,0.1,0.3,2.5,1,2,2,0,-13.0008,0.904611,48.4176,2.24048,2106.91
2420,100,0.1,0.2,100,100,500,8,3,0.1,0.3,2.5,1,2,3,0,0.24612,0.931733,2.60707,1.60344,90.2292
2421,100,0.1,0.2,100,100,500,8,3,0.1,0.3,2.5,0,1,1,0,-1.27215,0.845301,3.63809,1.8095,904.516
2421,100,0.1,0.2,100,100,500,8,3,0.1,0.3,2.5,0,1,2,0,-136.375,0.848017,219.961,1.77773,847.561
2421,100,0.1,0.2,100,100,500,8,3,0.1,0.3,2.5,0,1,3,0,0.0290309,0.869284,1.55469,1.52897,72.7571
2422,100,0.1,0.2,100,100,500,8,3,0.1,0.3,2.5,0,3,1,0,-2.29163,0.807882,4.98063,2.15454,903.561
2422,100,0.1,0.2,100,100,500,8,3,0.1,0.3,2.5,0,3,2,0,-2.51336,0.830206,5.31613,1.90418,903.804
2422,100,0.1,0.2,100,100,500,8,3,0.1,0.3,2.5,0,3,3,0,0.0493116,0.878371,1.4385,1.36403,80.3381
2423,100,0.1,0.2,100,100,500,8,3,0.1,0.3,2.5,0,0,1,0,-6.0435,0.841053,10.4785,1.66963,1611.97
2423,100,0.1,0.2,100,100,500,8,3,0.1,0.3,2.5,0,0,2,0,-89.5585,0.827911,134.723,1.80768,1316.59
2423,100,0.1,0.2,100,100,500,8,3,0.1,0.3,2.5,0,0,3,0,-0.0236543,0.856476,1.52288,1.50762,56.5541
2424,100,0.1,0.2,100,100,500,8,3,0.1,0.3,2.5,0,2,1,0,-2.58091,0.842998,4.37603,1.67457,3126.32
2424,100,0.1,0.2,100,100,500,8,3,0.1,0.3,2.5,0,2,2,0,-3224.94,0.847849,3942.25,1.62282,1819.14
2424,100,0.1,0.2,100,100,500,8,3,0.1,0.3,2.5,0,2,3,0,0.0592505,0.897418,1.14964,1.09413,82.101
2425,100,0.1,0.2,100,100,500,8,3,0.1,0.5,2.5,1,1,1,0,-1227.84,0.833334,7617.96,7.7916,1344.92
2425,100,0.1,0.2,100,100,500,8,3,0.1,0.5,2.5,1,1,2,0,-2.32017,0.953883,20.5827,2.15597,1382.26
2425,100,0.1,0.2,100,100,500,8,3,0.1,0.5,2.5,1,1,3,0,0.622805,0.977386,2.33834,1.05719,72.807
2426,100,0.1,0.2,100,100,500,8,3,0.1,0.5,2.5,1,3,1,0,-31.1903,0.867033,154.033,5.74003,1357.8
2426,100,0.1,0.2,100,100,500,8,3,0.1,0.5,2.5,1,3,2,0,-23.4411,0.916121,116.952,3.62094,1337.51
2426,100,0.1,0.2,100,100,500,8,3,0.1,0.5,2.5,1,3,3,0,0.619466,0.974986,1.82088,1.07981,59.9685
2427,100,0.1,0.2,100,100,500,8,3,0.1,0.5,2.5,1,0,1,0,-39.5842,0.968959,148.819,1.43829,2829.76
2427,100,0.1,0.2,100,100,500,8,3,0.1,0.5,2.5,1,0,2,0,-16.4276,0.966708,63.9054,1.54262,2830.01
2427,100,0.1,0.2,100,100,500,8,3,0.1,0.5,2.5,1,0,3,0,0.58599,0.976251,1.51814,1.10044,51.776
2428,100,0.1,0.2,100,100,500,8,3,0.1,0.5,2.5,1,2,1,0,-129.261,0.924434,744.439,3.74711,2840.36
2428,100,0.1,0.2,100,100,500,8,3,0.1,0.5,2.5,1,2,2,0,-7.51099,0.977052,48.6403,1.13795,2972.6
2428,100,0.1,0.2,100,100,500,8,3,0.1,0.5,2.5,1,2,3,0,0.595361,0.974729,2.31252,1.25312,59.9126
2429,100,0.1,0.2,100,100,500,8,3,0.1,0.5,2.5,0,1,1,0,-124.068,0.895794,331.167,1.99287,1098
2429,100,0.1,0.2,100,100,500,8,3,0.1,0.5,2.5,0,1,2,0,-3748.52,0.901696,9928.36,1.87998,1041.89
2429,100,0.1,0.2,100,100,500,8,3,0.1,0.5,2.5,0,1,3,0,0.113649,0.895741,2.34697,1.99388,67.9473
2430,100,0.1,0.2,100,100,500,8,3,0.1,0.5,2.5,0,3,1,0,-6585.17,0.867884,10876,2.42164,1043.7
2430,100,0.1,0.2,100,100,500,8,3,0.1,0.5,2.5,0,3,2,0,-1185.13,0.844928,1958.7,2.84241,1059.94
2430,100,0.1,0.2,100,100,500,8,3,0.1,0.5,2.5,0,3,3,0,0.252629,0.942621,1.23417,1.05174,56.0367
2431,100,0.1,0.2,100,100,500,8,3,0.1,0.5,2.5,0,0,1,0,-10836.4,0.908967,20452.2,1.22772,2349.79
2431,100,0.1,0.2,100,100,500,8,3,0.1,0.5,2.5,0,0,2,0,-1.07662,0.920888,3.91896,1.06694,2503.47
2431,100,0.1,0.2,100,100,500,8,3,0.1,0.5,2.5,0,0,3,0,0.122794,0.89705,1.65545,1.38844,64.9103
2432,100,0.1,0.2,100,100,500,8,3,0.1,0.5,2.5,0,2,1,0,-6.7932,0.930671,17.0737,1.0364,2596.21
2432,100,0.1,0.2,100,100,500,8,3,0.1,0.5,2.5,0,2,2,0,-14.3392,0.926051,33.6059,1.10547,4070.78
2432,100,0.1,0.2,100,100,500,8,3,0.1,0.5,2.5,0,2,3,0,0.103525,0.887794,1.96404,1.67736,104.482
2433,100,0.1,0.2,100,100,500,8,3,0.3,0,2.5,1,1,1,0,-9.2227,0.726798,7.52375,1.19509,818.112
2433,100,0.1,0.2,100,100,500,8,3,0.3,0,2.5,1,1,2,0,-1.88948,0.903021,2.12662,0.424226,797.546
2433,100,0.1,0.2,100,100,500,8,3,0.3,0,2.5,1,1,3,0,0.292561,0.913541,0.520664,0.378205,41.2153
2434,100,0.1,0.2,100,100,500,8,3,0.3,0,2.5,1,3,1,0,-12.3909,0.905703,6.17084,0.406917,860.258
2434,100,0.1,0.2,100,100,500,8,3,0.3,0,2.5,1,3,2,0,-37.1047,0.80943,17.5596,0.822362,803.562
2434,100,0.1,0.2,100,100,500,8,3,0.3,0,2.5,1,3,3,0,0.297172,0.93638,0.323881,0.274536,33.3766
2435,100,0.1,0.2,100,100,500,8,3,0.3,0,2.5,1,0,1,0,-6872.25,0.93478,4930.66,0.283713,1619.7
2435,100,0.1,0.2,100,100,500,8,3,0.3,0,2.5,1,0,2,0,-10.3065,0.939001,8.11095,0.265349,1787.55
2435,100,0.1,0.2,100,100,500,8,3,0.3,0,2.5,1,0,3,0,0.334334,0.924236,0.477529,0.329581,44.3527
2436,100,0.1,0.2,100,100,500,8,3,0.3,0,2.5,1,2,1,0,-40.434,0.917903,25.7498,0.366801,1723.88
2436,100,0.1,0.2,100,100,500,8,3,0.3,0,2.5,1,2,2,0,-29.2614,0.93924,18.8064,0.271471,1603.86
2436,100,0.1,0.2,100,100,500,8,3,0.3,0,2.5,1,2,3,0,0.377024,0.93498,0.387158,0.290504,46.0067
2437,100,0.1,0.2,100,100,500,8,3,0.3,0,2.5,0,1,1,0,-1.14456,0.943222,1.32749,0.24751,903.705
2437,100,0.1,0.2,100,100,500,8,3,0.3,0,2.5,0,1,2,0,-9.0627,0.934452,6.22887,0.285738,909.531
2437,100,0.1,0.2,100,100,500,8,3,0.3,0,2.5,0,1,3,0,0.333485,0.929439,0.412577,0.307594,45.2891
2438,100,0.1,0.2,100,100,500,8,3,0.3,0,2.5,0,3,1,0,-1.54358,0.927085,1.09698,0.310944,803.528
2438,100,0.1,0.2,100,100,500,8,3,0.3,0,2.5,0,3,2,0,-1447.9,0.92522,624.876,0.3189,849.637
2438,100,0.1,0.2,100,100,500,8,3,0.3,0,2.5,0,3,3,0,0.298204,0.93883,0.302668,0.260861,40.2296
2439,100,0.1,0.2,100,100,500,8,3,0.3,0,2.5,0,0,1,0,-0.927613,0.92935,1.4037,0.317968,1663.86
2439,100,0.1,0.2,100,100,500,8,3,0.3,0,2.5,0,0,2,0,-0.840315,0.926387,1.34013,0.331301,1608.97
2439,100,0.1,0.2,100,100,500,8,3,0.3,0,2.5,0,0,3,0,0.362847,0.927763,0.463979,0.325109,41.3885
2440,100,0.1,0.2,100,100,500,8,3,0.3,0,2.5,0,2,1,0,-192.921,0.941595,91.5087,0.251341,1666.12
2440,100,0.1,0.2,100,100,500,8,3,0.3,0,2.5,0,2,2,0,-1.859,0.922292,1.34913,0.33441,1586.88
2440,100,0.1,0.2,100,100,500,8,3,0.3,0,2.5,0,2,3,0,0.269581,0.932189,0.344675,0.291821,32.4557
2441,100,0.1,0.2,100,100,500,8,3,0.3,0.1,2.5,1,1,1,0,-5.94201,0.857417,9.76648,1.78357,893.413
2441,100,0.1,0.2,100,100,500,8,3,0.3,0.1,2.5,1,1,2,0,-2.0219,0.853778,4.25141,1.82911,983.579
2441,100,0.1,0.2,100,100,500,8,3,0.3,0.1,2.5,1,1,3,0,0.0789027,0.903705,1.29586,1.20456,75.129
2442,100,0.1,0.2,100,100,500,8,3,0.3,0.1,2.5,1,3,1,0,-335.216,0.868606,603.382,1.63366,952.615
2442,100,0.1,0.2,100,100,500,8,3,0.3,0.1,2.5,1,3,2,0,-2.86424,0.859108,6.93485,1.75175,925.54
2442,100,0.1,0.2,100,100,500,8,3,0.3,0.1,2.5,1,3,3,0,-0.0642019,0.854284,1.90984,1.81173,57.476
2443,100,0.1,0.2,100,100,500,8,3,0.3,0.1,2.5,1,0,1,0,-1.24761,0.876804,2.91504,1.47167,1794.85
2443,100,0.1,0.2,100,100,500,8,3,0.3,0.1,2.5,1,0,2,0,-450.849,0.850485,586.024,1.78607,1801.27
2443,100,0.1,0.2,100,100,500,8,3,0.3,0.1,2.5,1,0,3,0,-0.0468198,0.890323,1.35767,1.31017,66.0115
2444,100,0.1,0.2,100,100,500,8,3,0.3,0.1,2.5,1,2,1,0,-5.44021,0.847326,11.0357,2.07189,1955.62
2444,100,0.1,0.2,100,100,500,8,3,0.3,0.1,2.5,1,2,2,0,-5.71478,0.855333,11.5062,1.96323,3240.5
2444,100,0.1,0.2,100,100,500,8,3,0.3,0.1,2.5,1,2,3,0,0.106257,0.895299,1.53149,1.42087,66.4304
2445,100,0.1,0.2,100,100,500,8,3,0.3,0.1,2.5,0,1,1,0,-21.153,0.867973,19.8762,1.05091,935.07
2445,100,0.1,0.2,100,100,500,8,3,0.3,0.1,2.5,0,1,2,0,-3.61111,0.880441,4.13719,0.95167,924.272
2445,100,0.1,0.2,100,100,500,8,3,0.3,0.1,2.5,0,1,3,0,-0.0246763,0.888681,0.919362,0.886075,42.805
2446,100,0.1,0.2,100,100,500,8,3,0.3,0.1,2.5,0,3,1,0,-1.21104,0.862256,2.14363,1.05892,862.911
2446,100,0.1,0.2,100,100,500,8,3,0.3,0.1,2.5,0,3,2,0,-3.2121,0.861147,4.08368,1.06744,862.702
2446,100,0.1,0.2,100,100,500,8,3,0.3,0.1,2.5,0,3,3,0,-0.011985,0.878874,0.981129,0.931169,50.9843
2447,100,0.1,0.2,100,100,500,8,3,0.3,0.1,2.5,0,0,1,0,-93.1922,0.864039,91.5459,0.983401,1782.24
2447,100,0.1,0.2,100,100,500,8,3,0.3,0.1,2.5,0,0,2,0,-2.53099,0.870478,3.43179,0.936828,1632.88
2447,100,0.1,0.2,100,100,500,8,3,0.3,0.1,2.5,0,0,3,0,-0.0120705,0.87217,0.983637,0.924589,59.7342
2448,100,0.1,0.2,100,100,500,8,3,0.3,0.1,2.5,0,2,1,0,-84.1415,0.86051,83.1034,1.10086,1764.8
2448,100,0.1,0.2,100,100,500,8,3,0.3,0.1,2.5,0,2,2,0,-1.36139,0.886983,2.30486,0.891938,1773.44
2448,100,0.1,0.2,100,100,500,8,3,0.3,0.1,2.5,0,2,3,0,-0.0409208,0.884305,1.016,0.913071,45.8069
2449,100,0.1,0.2,100,100,500,8,3,0.3,0.3,2.5,1,1,1,0,-77.1456,0.887251,339.835,3.65423,1052.17
2449,100,0.1,0.2,100,100,500,8,3,0.3,0.3,2.5,1,1,2,0,-26.535,0.835907,119.742,5.31831,1096.46
2449,100,0.1,0.2,100,100,500,8,3,0.3,0.3,2.5,1,1,3,0,0.538561,0.96464,2.00668,1.14604,65.2252
2450,100,0.1,0.2,100,100,500,8,3,0.3,0.3,2.5,1,3,1,0,-2.52903,0.87706,12.8273,3.08499,1064.24
2450,100,0.1,0.2,100,100,500,8,3,0.3,0.3,2.5,1,3,2,0,-219.044,0.857767,799.815,3.56911,1050.4
2450,100,0.1,0.2,100,100,500,8,3,0.3,0.3,2.5,1,3,3,0,0.383317,0.949277,2.24152,1.27283,75.2828
2451,100,0.1,0.2,100,100,500,8,3,0.3,0.3,2.5,1,0,1,0,-5.60402,0.875456,25.2382,4.19388,2322.17
2451,100,0.1,0.2,100,100,500,8,3,0.3,0.3,2.5,1,0,2,0,-0.585452,0.962562,6.05902,1.2607,2471.91
2451,100,0.1,0.2,100,100,500,8,3,0.3,0.3,2.5,1,0,3,0,0.548584,0.969462,1.72515,1.02832,61.7259
2452,100,0.1,0.2,100,100,500,8,3,0.3,0.3,2.5,1,2,1,0,0.143845,0.961344,2.6925,1.17797,2690.13
2452,100,0.1,0.2,100,100,500,8,3,0.3,0.3,2.5,1,2,2,0,-1.1985,0.827304,6.914,5.26261,2686.04
2452,100,0.1,0.2,100,100,500,8,3,0.3,0.3,2.5,1,2,3,0,0.450286,0.962231,1.72878,1.15094,58.9819
2453,100,0.1,0.2,100,100,500,8,3,0.3,0.3,2.5,0,1,1,0,-79.4432,0.882938,144.94,1.57783,1106.71
2453,100,0.1,0.2,100,100,500,8,3,0.3,0.3,2.5,0,1,2,0,-2.70549,0.884083,6.67642,1.56239,1045.14
2453,100,0.1,0.2,100,100,500,8,3,0.3,0.3,2.5,0,1,3,0,0.0636462,0.879632,1.68709,1.62238,75.3404
2454,100,0.1,0.2,100,100,500,8,3,0.3,0.3,2.5,0,3,1,0,-71.4214,0.851251,129.517,2.11348,1112.33
2454,100,0.1,0.2,100,100,500,8,3,0.3,0.3,2.5,0,3,2,0,-6.13957,0.852656,12.7682,2.09351,1114.92
2454,100,0.1,0.2,100,100,500,8,3,0.3,0.3,2.5,0,3,3,0,0.13002,0.901409,1.55585,1.40081,98.9149
2455,100,0.1,0.2,100,100,500,8,3,0.3,0.3,2.5,0,0,1,0,-2.45067,0.859962,5.2566,1.64619,2496.11
2455,100,0.1,0.2,100,100,500,8,3,0.3,0.3,2.5,0,0,2,0,-111.557,0.85206,171.464,1.73908,2321.89
2455,100,0.1,0.2,100,100,500,8,3,0.3,0.3,2.5,0,0,3,0,0.0296862,0.878491,1.47813,1.42838,75.5861
2456,100,0.1,0.2,100,100,500,8,3,0.3,0.3,2.5,0,2,1,0,-491.917,0.844171,864.108,2.1653,2220.91
2456,100,0.1,0.2,100,100,500,8,3,0.3,0.3,2.5,0,2,2,0,-26.9544,0.868418,49.0054,1.82837,2256.7
2456,100,0.1,0.2,100,100,500,8,3,0.3,0.3,2.5,0,2,3,0,0.178193,0.912187,1.44067,1.22018,72.9003
2457,100,0.1,0.2,100,100,500,8,3,0.3,0.5,2.5,1,1,1,0,-718.843,0.920715,5005.61,3.10026,1434.22
2457,100,0.1,0.2,100,100,500,8,3,0.3,0.5,2.5,1,1,2,0,-18.0513,0.853136,132.478,5.74281,1426.43
2457,100,0.1,0.2,100,100,500,8,3,0.3,0.5,2.5,1,1,3,0,0.388874,0.958273,4.24962,1.63165,81.4043
2458,100,0.1,0.2,100,100,500,8,3,0.3,0.5,2.5,1,3,1,0,-282.299,0.732637,1439.92,12.7504,1368.37
2458,100,0.1,0.2,100,100,500,8,3,0.3,0.5,2.5,1,3,2,0,-5.05912,0.940979,30.7966,2.81466,1367.42
2458,100,0.1,0.2,100,100,500,8,3,0.3,0.5,2.5,1,3,3,0,0.619472,0.974676,1.9341,1.20769,66.0167
2459,100,0.1,0.2,100,100,500,8,3,0.3,0.5,2.5,1,0,1,0,-4.63353,0.934387,29.4986,2.47117,4069.79
2459,100,0.1,0.2,100,100,500,8,3,0.3,0.5,2.5,1,0,2,0,-4.20523,0.970474,27.256,1.11205,3115.14
2459,100,0.1,0.2,100,100,500,8,3,0.3,0.5,2.5,1,0,3,0,0.495361,0.966484,2.64242,1.2623,75.319
2460,100,0.1,0.2,100,100,500,8,3,0.3,0.5,2.5,1,2,1,0,0.219129,0.975412,3.65702,1.21632,3048.78
2460,100,0.1,0.2,100,100,500,8,3,0.3,0.5,2.5,1,2,2,0,-0.524275,0.966431,7.13857,1.66057,2846.67
2460,100,0.1,0.2,100,100,500,8,3,0.3,0.5,2.5,1,2,3,0,0.641466,0.977519,1.67911,1.11208,62.7088
2461,100,0.1,0.2,100,100,500,8,3,0.3,0.5,2.5,0,1,1,0,-13.8108,0.919955,37.3479,1.57643,1120.59
2461,100,0.1,0.2,100,100,500,8,3,0.3,0.5,2.5,0,1,2,0,-7.41847,0.931623,21.2286,1.34665,1046.47
2461,100,0.1,0.2,100,100,500,8,3,0.3,0.5,2.5,0,1,3,0,0.259945,0.932055,1.86617,1.33813,60.3647
2462,100,0.1,0.2,100,100,500,8,3,0.3,0.5,2.5,0,3,1,0,-37.7516,0.930955,82.7016,1.18137,1037.77
2462,100,0.1,0.2,100,100,500,8,3,0.3,0.5,2.5,0,3,2,0,-801.257,0.921769,1712.14,1.33855,1114.11
2462,100,0.1,0.2,100,100,500,8,3,0.3,0.5,2.5,0,3,3,0,0.173571,0.917768,1.76372,1.40702,68.2693
2463,100,0.1,0.2,100,100,500,8,3,0.3,0.5,2.5,0,0,1,0,-43.3565,0.926277,85.2785,1.11835,2571.02
2463,100,0.1,0.2,100,100,500,8,3,0.3,0.5,2.5,0,0,2,0,-129.204,0.935272,250.327,0.981896,2481.4
2463,100,0.1,0.2,100,100,500,8,3,0.3,0.5,2.5,0,0,3,0,0.154137,0.91173,1.62623,1.33902,59.9517
2464,100,0.1,0.2,100,100,500,8,3,0.3,0.5,2.5,0,2,1,0,-1.93801,0.938671,6.78465,1.19323,2688.71
2464,100,0.1,0.2,100,100,500,8,3,0.3,0.5,2.5,0,2,2,0,-5.03027,0.912214,13.9255,1.70799,2711.78
2464,100,0.1,0.2,100,100,500,8,3,0.3,0.5,2.5,0,2,3,0,0.300346,0.936624,1.61569,1.23307,58.8157
2465,100,0.1,0.2,100,100,500,8,3,0.5,0,2.5,1,1,1,0,-0.946497,0.868595,1.69213,0.902071,1055.46
2465,100,0.1,0.2,100,100,500,8,3,0.5,0,2.5,1,1,2,0,-11.845,0.851765,11.1664,1.0176,988.169
2465,100,0.1,0.2,100,100,500,8,3,0.5,0,2.5,1,1,3,0,0.0153268,0.877701,0.855997,0.83956,50.3251
2466,100,0.1,0.2,100,100,500,8,3,0.5,0,2.5,1,3,1,0,-326.651,0.839275,282.272,1.05442,911.735
2466,100,0.1,0.2,100,100,500,8,3,0.5,0,2.5,1,3,2,0,-1594.67,0.753171,1374.67,1.6193,906.2
2466,100,0.1,0.2,100,100,500,8,3,0.5,0,2.5,1,3,3,0,0.0299877,0.877498,0.835668,0.803666,40.7387
2467,100,0.1,0.2,100,100,500,8,3,0.5,0,2.5,1,0,1,0,-18.9233,0.903544,16.4775,0.65051,3365.27
2467,100,0.1,0.2,100,100,500,8,3,0.5,0,2.5,1,0,2,0,-28.9176,0.904914,24.7432,0.641274,2227.22
2467,100,0.1,0.2,100,100,500,8,3,0.5,0,2.5,1,0,3,0,0.0259143,0.883924,0.805612,0.782829,57.6082
2468,100,0.1,0.2,100,100,500,8,3,0.5,0,2.5,1,2,1,0,-3.08632,0.898384,3.37911,0.675515,2241.64
2468,100,0.1,0.2,100,100,500,8,3,0.5,0,2.5,1,2,2,0,-57.8433,0.894085,48.6594,0.704095,2262.56
2468,100,0.1,0.2,100,100,500,8,3,0.5,0,2.5,1,2,3,0,0.0233032,0.88087,0.807661,0.791942,42.374
2469,100,0.1,0.2,100,100,500,8,3,0.5,0,2.5,0,1,1,0,-1.16741,0.877331,1.84315,0.82109,926.139
2469,100,0.1,0.2,100,100,500,8,3,0.5,0,2.5,0,1,2,0,-6.21872,0.856899,6.13876,0.957856,895.423
2469,100,0.1,0.2,100,100,500,8,3,0.5,0,2.5,0,1,3,0,0.037223,0.881505,0.81874,0.793153,38.3847
2470,100,0.1,0.2,100,100,500,8,3,0.5,0,2.5,0,3,1,0,-13.9221,0.861669,12.3114,0.900254,884.48
2470,100,0.1,0.2,100,100,500,8,3,0.5,0,2.5,0,3,2,0,-5.79296,0.861135,5.60449,0.90373,834.033
2470,100,0.1,0.2,100,100,500,8,3,0.5,0,2.5,0,3,3,0,0.0167824,0.877888,0.811197,0.794703,37.2318
2471,100,0.1,0.2,100,100,500,8,3,0.5,0,2.5,0,0,1,0,-2.32101,0.893324,2.55662,0.687526,2051.72
2471,100,0.1,0.2,100,100,500,8,3,0.5,0,2.5,0,0,2,0,-1.41714,0.886514,1.86079,0.731415,2052.75
2471,100,0.1,0.2,100,100,500,8,3,0.5,0,2.5,0,0,3,0,0.00965085,0.882813,0.762403,0.755269,38.0313
2472,100,0.1,0.2,100,100,500,8,3,0.5,0,2.5,0,2,1,0,-3538.95,0.901631,2853.15,0.661325,2041.88
2472,100,0.1,0.2,100,100,500,8,3,0.5,0,2.5,0,2,2,0,-1.15708,0.884348,1.73858,0.777516,2055.37
2472,100,0.1,0.2,100,100,500,8,3,0.5,0,2.5,0,2,3,0,0.03641,0.88825,0.776642,0.751279,44.7803
2473,100,0.1,0.2,100,100,500,8,3,0.5,0.1,2.5,1,1,1,0,-34.2265,0.850145,68.8698,2.31716,991.795
2473,100,0.1,0.2,100,100,500,8,3,0.5,0.1,2.5,1,1,2,0,-0.147757,0.906228,2.24393,1.44997,990.166
2473,100,0.1,0.2,100,100,500,8,3,0.5,0.1,2.5,1,1,3,0,0.165532,0.905492,1.63143,1.46134,60.7525
2474,100,0.1,0.2,100,100,500,8,3,0.5,0.1,2.5,1,3,1,0,-9.72634,0.793175,20.3134,3.43676,1073.55
2474,100,0.1,0.2,100,100,500,8,3,0.5,0.1,2.5,1,3,2,0,-12.2474,0.828724,25.0877,2.84604,1099.43
2474,100,0.1,0.2,100,100,500,8,3,0.5,0.1,2.5,1,3,3,0,0.111635,0.906566,1.68237,1.55257,52.5392
2475,100,0.1,0.2,100,100,500,8,3,0.5,0.1,2.5,1,0,1,0,-80.0668,0.9221,188.933,1.12341,2486.94
2475,100,0.1,0.2,100,100,500,8,3,0.5,0.1,2.5,1,0,2,0,-4.06941,0.829053,11.8147,2.46527,2404.48
2475,100,0.1,0.2,100,100,500,8,3,0.5,0.1,2.5,1,0,3,0,0.0680251,0.857887,2.17204,2.04944,67.1649
2476,100,0.1,0.2,100,100,500,8,3,0.5,0.1,2.5,1,2,1,0,-22.8816,0.889634,38.607,1.70062,2362.21
2476,100,0.1,0.2,100,100,500,8,3,0.5,0.1,2.5,1,2,2,0,-9.42208,0.897973,16.8484,1.57213,3493.99
2476,100,0.1,0.2,100,100,500,8,3,0.5,0.1,2.5,1,2,3,0,0.178333,0.923704,1.32831,1.17564,64.5827
2477,100,0.1,0.2,100,100,500,8,3,0.5,0.1,2.5,0,1,1,0,-4.56321,0.883872,6.5286,1.11292,1022.99
2477,100,0.1,0.2,100,100,500,8,3,0.5,0.1,2.5,0,1,2,0,-30.1759,0.84489,36.5859,1.48651,961.144
2477,100,0.1,0.2,100,100,500,8,3,0.5,0.1,2.5,0,1,3,0,0.0248232,0.883693,1.1444,1.11464,41.057
2478,100,0.1,0.2,100,100,500,8,3,0.5,0.1,2.5,0,3,1,0,-3.35776,0.871193,5.30193,1.27254,1017.13
2478,100,0.1,0.2,100,100,500,8,3,0.5,0.1,2.5,0,3,2,0,-0.798313,0.871826,2.18794,1.26629,1018.62
2478,100,0.1,0.2,100,100,500,8,3,0.5,0.1,2.5,0,3,3,0,0.0181414,0.881025,1.19459,1.17541,49.1908
2479,100,0.1,0.2,100,100,500,8,3,0.5,0.1,2.5,0,0,1,0,-13.3798,0.863656,15.9079,1.30953,2359.4
2479,100,0.1,0.2,100,100,500,8,3,0.5,0.1,2.5,0,0,2,0,-107.899,0.883231,120.472,1.12152,2182
2479,100,0.1,0.2,100,100,500,8,3,0.5,0.1,2.5,0,0,3,0,0.0158911,0.888861,1.08869,1.06745,37.6211
2480,100,0.1,0.2,100,100,500,8,3,0.5,0.1,2.5,0,2,1,0,-322.551,0.893177,428.342,1.12507,2163.77
2480,100,0.1,0.2,100,100,500,8,3,0.5,0.1,2.5,0,2,2,0,-70.2663,0.878196,94.3481,1.28285,2187.87
2480,100,0.1,0.2,100,100,500,8,3,0.5,0.1,2.5,0,2,3,0,0.0349029,0.882159,1.27767,1.24111,39.4013
2481,100,0.1,0.2,100,100,500,8,3,0.5,0.3,2.5,1,1,1,0,-2.52058,0.943901,11.594,1.76129,1258.76
2481,100,0.1,0.2,100,100,500,8,3,0.5,0.3,2.5,1,1,2,0,-0.817233,0.862795,5.98453,4.30769,1154.86
2481,100,0.1,0.2,100,100,500,8,3,0.5,0.3,2.5,1,1,3,0,0.45417,0.962305,1.79753,1.18347,60.5884
2482,100,0.1,0.2,100,100,500,8,3,0.5,0.3,2.5,1,3,1,0,-5.20844,0.945791,20.9371,1.84061,1097.91
2482,100,0.1,0.2,100,100,500,8,3,0.5,0.3,2.5,1,3,2,0,-159.95,0.841573,542.783,5.37918,1147.46
2482,100,0.1,0.2,100,100,500,8,3,0.5,0.3,2.5,1,3,3,0,0.479359,0.96562,1.75579,1.16732,60.641
2483,100,0.1,0.2,100,100,500,8,3,0.5,0.3,2.5,1,0,1,0,-60.7771,0.870261,354.193,4.62085,2579.26
2483,100,0.1,0.2,100,100,500,8,3,0.5,0.3,2.5,1,0,2,0,-1.4796,0.947035,14.2165,1.88643,2877.91
2483,100,0.1,0.2,100,100,500,8,3,0.5,0.3,2.5,1,0,3,0,0.404611,0.953898,3.41361,1.64199,104.833
2484,100,0.1,0.2,100,100,500,8,3,0.5,0.3,2.5,1,2,1,0,-0.0930377,0.970246,4.26689,1.07465,2870.06
2484,100,0.1,0.2,100,100,500,8,3,0.5,0.3,2.5,1,2,2,0,-4.60459,0.927758,21.8786,2.60919,2790.54
2484,100,0.1,0.2,100,100,500,8,3,0.5,0.3,2.5,1,2,3,0,0.52213,0.968774,1.86546,1.1278,73.0499
2485,100,0.1,0.2,100,100,500,8,3,0.5,0.3,2.5,0,1,1,0,-7.13583,0.849197,19.943,2.36916,1150.42
2485,100,0.1,0.2,100,100,500,8,3,0.5,0.3,2.5,0,1,2,0,-21.4755,0.884309,55.0933,1.81753,2280.26
2485,100,0.1,0.2,100,100,500,8,3,0.5,0.3,2.5,0,1,3,0,0.11724,0.880787,2.16387,1.87286,64.9672
2486,100,0.1,0.2,100,100,500,8,3,0.5,0.3,2.5,0,3,1,0,-26.7438,0.842173,58.6339,2.5575,1136.45
2486,100,0.1,0.2,100,100,500,8,3,0.5,0.3,2.5,0,3,2,0,-15.0443,0.847477,33.9082,2.47157,1080.25
2486,100,0.1,0.2,100,100,500,8,3,0.5,0.3,2.5,0,3,3,0,0.108765,0.89467,1.88355,1.70683,58.2206
2487,100,0.1,0.2,100,100,500,8,3,0.5,0.3,2.5,0,0,1,0,-0.0969894,0.907053,2.09835,1.38343,2511.8
2487,100,0.1,0.2,100,100,500,8,3,0.5,0.3,2.5,0,0,2,0,-140.433,0.933197,270.536,0.994314,2464.48
2487,100,0.1,0.2,100,100,500,8,3,0.5,0.3,2.5,0,0,3,0,0.156312,0.907046,1.61383,1.38354,59.6763
2488,100,0.1,0.2,100,100,500,8,3,0.5,0.3,2.5,0,2,1,0,-6.27108,0.934801,14.2155,1.05277,2296.25
2488,100,0.1,0.2,100,100,500,8,3,0.5,0.3,2.5,0,2,2,0,0.14044,0.942223,1.68051,0.932917,2299.33
2488,100,0.1,0.2,100,100,500,8,3,0.5,0.3,2.5,0,2,3,0,0.266723,0.932258,1.43361,1.09383,61.3693
2489,100,0.1,0.2,100,100,500,8,3,0.5,0.5,2.5,1,1,1,0,-1.25629,0.978514,19.4615,1.131,1300.16
2489,100,0.1,0.2,100,100,500,8,3,0.5,0.5,2.5,1,1,2,0,-1.75445,0.920725,23.7583,4.17294,1196.92
2489,100,0.1,0.2,100,100,500,8,3,0.5,0.5,2.5,1,1,3,0,0.520832,0.973834,4.13304,1.37735,74.1793
2490,100,0.1,0.2,100,100,500,8,3,0.5,0.5,2.5,1,3,1,0,-17.7504,0.87268,106.464,5.05156,1202.88
2490,100,0.1,0.2,100,100,500,8,3,0.5,0.5,2.5,1,3,2,0,-0.14552,0.856224,6.50421,5.70449,1198.7
2490,100,0.1,0.2,100,100,500,8,3,0.5,0.5,2.5,1,3,3,0,0.351983,0.95649,3.67941,1.72633,75.7049
2491,100,0.1,0.2,100,100,500,8,3,0.5,0.5,2.5,1,0,1,0,-5.58031,0.981568,34.8497,0.991002,2990.57
2491,100,0.1,0.2,100,100,500,8,3,0.5,0.5,2.5,1,0,2,0,-1.09685,0.978492,11.105,1.15638,3104.98
2491,100,0.1,0.2,100,100,500,8,3,0.5,0.5,2.5,1,0,3,0,0.632922,0.979137,1.94407,1.12172,71.7566
2492,100,0.1,0.2,100,100,500,8,3,0.5,0.5,2.5,1,2,1,0,-67.2407,0.969983,409.783,1.5218,3345.22
2492,100,0.1,0.2,100,100,500,8,3,0.5,0.5,2.5,1,2,2,0,-1.35871,0.951674,14.1639,2.45001,3096.55
2492,100,0.1,0.2,100,100,500,8,3,0.5,0.5,2.5,1,2,3,0,0.634256,0.97541,2.19628,1.24667,64.8907
2493,100,0.1,0.2,100,100,500,8,3,0.5,0.5,2.5,0,1,1,0,-3.8003,0.87381,11.2761,2.2891,1194.82
2493,100,0.1,0.2,100,100,500,8,3,0.5,0.5,2.5,0,1,2,0,-50.7302,0.79074,121.516,3.79601,2345.06
2493,100,0.1,0.2,100,100,500,8,3,0.5,0.5,2.5,0,1,3,0,0.327214,0.937949,1.5804,1.12562,68.2034
2494,100,0.1,0.2,100,100,500,8,3,0.5,0.5,2.5,0,3,1,0,-6.01678,0.894239,11.0276,1.97644,1146.17
2494,100,0.1,0.2,100,100,500,8,3,0.5,0.5,2.5,0,3,2,0,-10.6255,0.857795,18.2707,2.65749,1211.79
2494,100,0.1,0.2,100,100,500,8,3,0.5,0.5,2.5,0,3,3,0,0.213629,0.941064,1.23586,1.10138,48.3063
2495,100,0.1,0.2,100,100,500,8,3,0.5,0.5,2.5,0,0,1,0,-6.934,0.896992,24.0773,2.1827,2644.11
2495,100,0.1,0.2,100,100,500,8,3,0.5,0.5,2.5,0,0,2,0,-2.31642,0.94991,10.0643,1.06138,2593.6
2495,100,0.1,0.2,100,100,500,8,3,0.5,0.5,2.5,0,0,3,0,0.328129,0.941164,2.03893,1.2467,60.4011
2496,100,0.1,0.2,100,100,500,8,3,0.5,0.5,2.5,0,2,1,0,-688.706,0.879627,1920.15,2.74061,2461.9
2496,100,0.1,0.2,100,100,500,8,3,0.5,0.5,2.5,0,2,2,0,-31.5764,0.948735,90.6929,1.16719,2588.2
2496,100,0.1,0.2,100,100,500,8,3,0.5,0.5,2.5,0,2,3,0,0.407412,0.95033,1.64977,1.13087,62.7922
2497,100,0.1,0.2,100,100,500,8,7,0,0,2.5,1,1,1,0,1,1,6.10999e-30,-1.17173e-15,94.5427
2497,100,0.1,0.2,100,100,500,8,7,0,0,2.5,1,1,2,0,1,1,1.56974e-29,-3.32601e-15,96.0849
2497,100,0.1,0.2,100,100,500,8,7,0,0,2.5,1,1,3,0,1,1,2.57189e-17,-5.91971e-16,31.1176
2498,100,0.1,0.2,100,100,500,8,7,0,0,2.5,1,3,1,0,1,1,1.39429e-29,-4.18398e-16,94.4962
2498,100,0.1,0.2,100,100,500,8,7,0,0,2.5,1,3,2,0,1,1,1.7943e-29,-1.32756e-15,92.8608
2498,100,0.1,0.2,100,100,500,8,7,0,0,2.5,1,3,3,0,1,1,1.31102e-20,-3.81292e-16,30.8033
2499,100,0.1,0.2,100,100,500,8,7,0,0,2.5,1,0,1,0,1,1,3.4463e-29,-6.96e-16,322.586
2499,100,0.1,0.2,100,100,500,8,7,0,0,2.5,1,0,2,0,1,1,2.64647e-29,-9.13972e-16,323.461
2499,100,0.1,0.2,100,100,500,8,7,0,0,2.5,1,0,3,0,1,1,3.26705e-17,-5.00685e-17,30.4964
2500,100,0.1,0.2,100,100,500,8,7,0,0,2.5,1,2,1,0,1,1,3.13135e-29,-1.00053e-15,299.092
2500,100,0.1,0.2,100,100,500,8,7,0,0,2.5,1,2,2,0,1,1,4.73684e-29,-9.68559e-16,300.256
2500,100,0.1,0.2,100,100,500,8,7,0,0,2.5,1,2,3,0,1,1,4.42915e-18,-3.53051e-16,30.5123
2501,100,0.1,0.2,100,100,500,8,7,0,0,2.5,0,1,1,0,1,1,2.11117e-29,-6.55323e-16,95.3856
2501,100,0.1,0.2,100,100,500,8,7,0,0,2.5,0,1,2,0,1,1,5.51745e-29,-1.47544e-15,95.6724
2501,100,0.1,0.2,100,100,500,8,7,0,0,2.5,0,1,3,0,1,1,1.23517e-22,-6.86076e-16,38.241
2502,100,0.1,0.2,100,100,500,8,7,0,0,2.5,0,3,1,0,1,1,1.32131e-29,-9.57012e-16,93.0192
2502,100,0.1,0.2,100,100,500,8,7,0,0,2.5,0,3,2,0,1,1,1.56182e-29,2.37144e-16,92.8156
2502,100,0.1,0.2,100,100,500,8,7,0,0,2.5,0,3,3,0,1,1,5.09349e-24,-3.2585e-16,31.3242
2503,100,0.1,0.2,100,100,500,8,7,0,0,2.5,0,0,1,0,1,1,7.42779e-29,-1.58229e-15,323.24
2503,100,0.1,0.2,100,100,500,8,7,0,0,2.5,0,0,2,0,1,1,4.33896e-29,-6.0707e-16,322.226
2503,100,0.1,0.2,100,100,500,8,7,0,0,2.5,0,0,3,0,1,1,7.59432e-21,-3.35287e-16,37.4207
2504,100,0.1,0.2,100,100,500,8,7,0,0,2.5,0,2,1,0,1,1,3.76476e-27,-2.85414e-15,299.731
2504,100,0.1,0.2,100,100,500,8,7,0,0,2.5,0,2,2,0,1,1,8.48763e-30,-4.57384e-16,302.034
2504,100,0.1,0.2,100,100,500,8,7,0,0,2.5,0,2,3,0,1,1,4.7977e-18,7.5605e-16,31.8092
2505,100,0.1,0.2,100,100,500,8,7,0,0.1,2.5,1,1,1,0,-119.759,0.650217,128.33,3.7625,64.6037
2505,100,0.1,0.2,100,100,500,8,7,0,0.1,2.5,1,1,2,0,-119.759,0.650217,128.33,3.7625,68.1792
2505,100,0.1,0.2,100,100,500,8,7,0,0.1,2.5,1,1,3,0,0.0431653,0.907192,1.01682,0.998307,45.173
2506,100,0.1,0.2,100,100,500,8,7,0,0.1,2.5,1,3,1,0,-11.2252,0.602588,22.6523,4.8125,58.2542
2506,100,0.1,0.2,100,100,500,8,7,0,0.1,2.5,1,3,2,0,-11.2252,0.602588,22.6523,4.8125,63.9794
2506,100,0.1,0.2,100,100,500,8,7,0,0.1,2.5,1,3,3,0,0.287368,0.90416,1.32045,1.16058,59.7041
2507,100,0.1,0.2,100,100,500,8,7,0,0.1,2.5,1,0,1,0,-304.13,0.598184,329.006,4.61948,244.577
2507,100,0.1,0.2,100,100,500,8,7,0,0.1,2.5,1,0,2,0,-319.32,0.594717,345.384,4.65933,242.429
2507,100,0.1,0.2,100,100,500,8,7,0,0.1,2.5,1,0,3,0,0.0337848,0.910883,1.04182,1.02453,45.4255
2508,100,0.1,0.2,100,100,500,8,7,0,0.1,2.5,1,2,1,0,-3.93499,0.633572,10.0189,3.91328,246.039
2508,100,0.1,0.2,100,100,500,8,7,0,0.1,2.5,1,2,2,0,-4.08684,0.628988,10.3272,3.96223,245.915
2508,100,0.1,0.2,100,100,500,8,7,0,0.1,2.5,1,2,3,0,0.338378,0.896549,1.34321,1.10481,97.6992
2509,100,0.1,0.2,100,100,500,8,7,0,0.1,2.5,0,1,1,0,-5.19306,0.826823,7.05476,1.44575,67.9984
2509,100,0.1,0.2,100,100,500,8,7,0,0.1,2.5,0,1,2,0,-5.33747,0.826837,7.21927,1.44563,72.6482
2509,100,0.1,0.2,100,100,500,8,7,0,0.1,2.5,0,1,3,0,-0.0881188,0.859603,1.23952,1.17209,118.648
2510,100,0.1,0.2,100,100,500,8,7,0,0.1,2.5,0,3,1,0,-5.11418,0.805386,6.82443,1.62894,64.3307
2510,100,0.1,0.2,100,100,500,8,7,0,0.1,2.5,0,3,2,0,-5.14303,0.804967,6.85663,1.63245,67.4019
2510,100,0.1,0.2,100,100,500,8,7,0,0.1,2.5,0,3,3,0,0.0347158,0.874455,1.07742,1.05082,103.779
2511,100,0.1,0.2,100,100,500,8,7,0,0.1,2.5,0,0,1,0,-148.296,0.802491,147.248,1.69362,241.721
2511,100,0.1,0.2,100,100,500,8,7,0,0.1,2.5,0,0,2,0,-108.867,0.792641,108.36,1.77808,243.602
2511,100,0.1,0.2,100,100,500,8,7,0,0.1,2.5,0,0,3,0,0.0248728,0.890504,0.961749,0.938913,46.8
2512,100,0.1,0.2,100,100,500,8,7,0,0.1,2.5,0,2,1,0,-1.7293,0.82802,3.38508,1.49916,241.554
2512,100,0.1,0.2,100,100,500,8,7,0,0.1,2.5,0,2,2,0,-1.61145,0.830304,3.23892,1.47925,239.973
2512,100,0.1,0.2,100,100,500,8,7,0,0.1,2.5,0,2,3,0,-0.442856,0.836165,1.78954,1.42816,67.8437
2513,100,0.1,0.2,100,100,500,8,7,0,0.3,2.5,1,1,1,0,-173.66,0.271508,233.872,13.0708,45.3891
2513,100,0.1,0.2,100,100,500,8,7,0,0.3,2.5,1,1,2,0,-223.826,0.267868,301.045,13.1361,45.5015
2513,100,0.1,0.2,100,100,500,8,7,0,0.3,2.5,1,1,3,0,0.282897,0.948743,0.960208,0.919676,44.6461
2514,100,0.1,0.2,100,100,500,8,7,0,0.3,2.5,1,3,1,0,-187.153,0.327405,193.873,12.242,47.2692
2514,100,0.1,0.2,100,100,500,8,7,0,0.3,2.5,1,3,2,0,-2771.52,0.278776,2856.8,13.1271,42.7675
2514,100,0.1,0.2,100,100,500,8,7,0,0.3,2.5,1,3,3,0,0.0569989,0.947248,0.971669,0.960146,38.0472
2515,100,0.1,0.2,100,100,500,8,7,0,0.3,2.5,1,0,1,0,0.250404,0.957205,1.84475,0.820241,207.071
2515,100,0.1,0.2,100,100,500,8,7,0,0.3,2.5,1,0,2,0,0.235565,0.949467,1.88127,0.968562,204.21
2515,100,0.1,0.2,100,100,500,8,7,0,0.3,2.5,1,0,3,0,0.591237,0.954127,1.00596,0.879243,53.1337
2516,100,0.1,0.2,100,100,500,8,7,0,0.3,2.5,1,2,1,0,-2.27138,0.945922,3.53983,0.910554,201.049
2516,100,0.1,0.2,100,100,500,8,7,0,0.3,2.5,1,2,2,0,-3.96761,0.939409,5.37525,1.02021,198.043
2516,100,0.1,0.2,100,100,500,8,7,0,0.3,2.5,1,2,3,0,0.0654234,0.940664,1.01127,0.999078,46.0337
2517,100,0.1,0.2,100,100,500,8,7,0,0.3,2.5,0,1,1,0,-119.521,0.618189,122.777,4.21482,43.8683
2517,100,0.1,0.2,100,100,500,8,7,0,0.3,2.5,0,1,2,0,-167.547,0.617552,171.702,4.22185,45.6878
2517,100,0.1,0.2,100,100,500,8,7,0,0.3,2.5,0,1,3,0,0.0652233,0.915581,0.952274,0.931909,46.0897
2518,100,0.1,0.2,100,100,500,8,7,0,0.3,2.5,0,3,1,0,-38.848,0.623209,52.425,4.12392,46.0235
2518,100,0.1,0.2,100,100,500,8,7,0,0.3,2.5,0,3,2,0,-31.3242,0.622519,42.5265,4.13147,43.6045
2518,100,0.1,0.2,100,100,500,8,7,0,0.3,2.5,0,3,3,0,0.201672,0.912345,1.0503,0.959374,52.549
2519,100,0.1,0.2,100,100,500,8,7,0,0.3,2.5,0,0,1,0,-31.4419,0.705534,36.3544,3.22877,226.165
2519,100,0.1,0.2,100,100,500,8,7,0,0.3,2.5,0,0,2,0,-167.721,0.700867,189.069,3.27994,230.025
2519,100,0.1,0.2,100,100,500,8,7,0,0.3,2.5,0,0,3,0,0.0285939,0.902853,1.08856,1.0652,41.828
2520,100,0.1,0.2,100,100,500,8,7,0,0.3,2.5,0,2,1,0,-16.1732,0.767472,25.8086,2.40305,218.12
2520,100,0.1,0.2,100,100,500,8,7,0,0.3,2.5,0,2,2,0,-6.5836,0.906581,11.3969,0.965438,218.605
2520,100,0.1,0.2,100,100,500,8,7,0,0.3,2.5,0,2,3,0,0.198973,0.893538,1.20381,1.10023,65.4021
2521,100,0.1,0.2,100,100,500,8,7,0,0.5,2.5,1,1,1,0,-0.448396,0.963543,1.50882,1.06337,45.0168
2521,100,0.1,0.2,100,100,500,8,7,0,0.5,2.5,1,1,2,0,-0.540293,0.96187,1.60455,1.11217,46.2008
2521,100,0.1,0.2,100,100,500,8,7,0,0.5,2.5,1,1,3,0,0.034475,0.965819,1.0058,0.996997,41.8186
2522,100,0.1,0.2,100,100,500,8,7,0,0.5,2.5,1,3,1,0,-39.1236,0.144045,147.7,22.1375,44.3877
2522,100,0.1,0.2,100,100,500,8,7,0,0.5,2.5,1,3,2,0,0.246057,0.930369,2.77537,1.80086,134.931
2522,100,0.1,0.2,100,100,500,8,7,0,0.5,2.5,1,3,3,0,0.643199,0.956621,1.31343,1.12192,64.2833
2523,100,0.1,0.2,100,100,500,8,7,0,0.5,2.5,1,0,1,0,-5.00386,0.966192,31.4426,0.973429,216.761
2523,100,0.1,0.2,100,100,500,8,7,0,0.5,2.5,1,0,2,0,-0.912874,0.969601,10.0178,0.875277,222.127
2523,100,0.1,0.2,100,100,500,8,7,0,0.5,2.5,1,0,3,0,0.768038,0.966611,1.2148,0.961378,69.3944
2524,100,0.1,0.2,100,100,500,8,7,0,0.5,2.5,1,2,1,0,0.667029,0.971698,3.11548,0.804194,217.711
2524,100,0.1,0.2,100,100,500,8,7,0,0.5,2.5,1,2,2,0,-0.750166,0.971367,16.3756,0.813606,221.053
2524,100,0.1,0.2,100,100,500,8,7,0,0.5,2.5,1,2,3,0,0.854728,0.970566,1.35925,0.836349,61.4688
2525,100,0.1,0.2,100,100,500,8,7,0,0.5,2.5,0,1,1,0,-2.96232,0.697165,7.21239,4.15075,48.5297
2525,100,0.1,0.2,100,100,500,8,7,0,0.5,2.5,0,1,2,0,0.12224,0.927874,1.59774,0.988582,48.4971
2525,100,0.1,0.2,100,100,500,8,7,0,0.5,2.5,0,1,3,0,0.417081,0.931459,1.06105,0.939438,53.5876
2526,100,0.1,0.2,100,100,500,8,7,0,0.5,2.5,0,3,1,0,-25.3826,0.475601,50.4043,7.29553,47.8433
2526,100,0.1,0.2,100,100,500,8,7,0,0.5,2.5,0,3,2,0,0.0816952,0.918116,1.75443,1.13918,48.5436
2526,100,0.1,0.2,100,100,500,8,7,0,0.5,2.5,0,3,3,0,0.403089,0.927575,1.14041,1.00759,61.5401
2527,100,0.1,0.2,100,100,500,8,7,0,0.5,2.5,0,0,1,0,-1.19034,0.935973,9.98177,0.892188,228.339
2527,100,0.1,0.2,100,100,500,8,7,0,0.5,2.5,0,0,2,0,-0.538999,0.9375,7.01348,0.870906,229.923
2527,100,0.1,0.2,100,100,500,8,7,0,0.5,2.5,0,0,3,0,0.582201,0.926433,1.90398,1.02513,70.7549
2528,100,0.1,0.2,100,100,500,8,7,0,0.5,2.5,0,2,1,0,-1.03579,0.921857,2.75204,0.907767,227.395
2528,100,0.1,0.2,100,100,500,8,7,0,0.5,2.5,0,2,2,0,-0.445777,0.91995,1.95444,0.929924,231.166
2528,100,0.1,0.2,100,100,500,8,7,0,0.5,2.5,0,2,3,0,0.24118,0.918418,1.0258,0.947722,53.9547
2529,100,0.1,0.2,100,100,500,8,7,0.1,0,2.5,1,1,1,0,0.6469,0.985496,0.184614,0.102879,65.3782
2529,100,0.1,0.2,100,100,500,8,7,0.1,0,2.5,1,1,2,0,0.612387,0.985855,0.202659,0.100332,70.7705
2529,100,0.1,0.2,100,100,500,8,7,0.1,0,2.5,1,1,3,0,0.733801,0.988716,0.139179,0.080044,26.0507
2530,100,0.1,0.2,100,100,500,8,7,0.1,0,2.5,1,3,1,0,0.123246,0.972897,0.82625,0.192738,51.3568
2530,100,0.1,0.2,100,100,500,8,7,0.1,0,2.5,1,3,2,0,0.275432,0.976804,0.682831,0.164956,51.1296
2530,100,0.1,0.2,100,100,500,8,7,0.1,0,2.5,1,3,3,0,0.372282,0.978058,0.591559,0.156039,44.1524
2531,100,0.1,0.2,100,100,500,8,7,0.1,0,2.5,1,0,1,0,-29.9354,0.988959,30.1949,0.076351,260.091
2531,100,0.1,0.2,100,100,500,8,7,0.1,0,2.5,1,0,2,0,-5.71702,0.988008,6.55625,0.0829314,259.171
2531,100,0.1,0.2,100,100,500,8,7,0.1,0,2.5,1,0,3,0,0.0785436,0.933816,0.899401,0.457688,51.2832
2532,100,0.1,0.2,100,100,500,8,7,0.1,0,2.5,1,2,1,0,-0.640333,0.988587,1.61572,0.0811976,232.978
2532,100,0.1,0.2,100,100,500,8,7,0.1,0,2.5,1,2,2,0,-0.502544,0.985343,1.48,0.104273,236.261
2532,100,0.1,0.2,100,100,500,8,7,0.1,0,2.5,1,2,3,0,0.445404,0.980842,0.546274,0.136297,42.0894
2533,100,0.1,0.2,100,100,500,8,7,0.1,0,2.5,0,1,1,0,0.444375,0.986777,0.457753,0.0920597,51.4001
2533,100,0.1,0.2,100,100,500,8,7,0.1,0,2.5,0,1,2,0,0.463046,0.986346,0.442371,0.0950597,52.4721
2533,100,0.1,0.2,100,100,500,8,7,0.1,0,2.5,0,1,3,0,0.611779,0.98695,0.319837,0.0908564,33.6831
2534,100,0.1,0.2,100,100,500,8,7,0.1,0,2.5,0,3,1,0,0.55872,0.985856,0.233035,0.0960349,60.1956
2534,100,0.1,0.2,100,100,500,8,7,0.1,0,2.5,0,3,2,0,0.700249,0.988175,0.158295,0.0802887,60.4673
2534,100,0.1,0.2,100,100,500,8,7,0.1,0,2.5,0,3,3,0,0.716603,0.988456,0.149659,0.0783786,32.6896
2535,100,0.1,0.2,100,100,500,8,7,0.1,0,2.5,0,0,1,0,0.658857,0.98931,0.233976,0.0749571,246.613
2535,100,0.1,0.2,100,100,500,8,7,0.1,0,2.5,0,0,2,0,0.695937,0.990042,0.208544,0.0698202,247.644
2535,100,0.1,0.2,100,100,500,8,7,0.1,0,2.5,0,0,3,0,0.727816,0.989304,0.18668,0.0749978,32.7504
2536,100,0.1,0.2,100,100,500,8,7,0.1,0,2.5,0,2,1,0,-0.166856,0.989357,1.09416,0.0759695,242.265
2536,100,0.1,0.2,100,100,500,8,7,0.1,0,2.5,0,2,2,0,-0.200668,0.988995,1.12587,0.0785566,242.42
2536,100,0.1,0.2,100,100,500,8,7,0.1,0,2.5,0,2,3,0,0.486808,0.983269,0.481221,0.119429,41.5643
2537,100,0.1,0.2,100,100,500,8,7,0.1,0.1,2.5,1,1,1,0,-6.86014,0.679697,9.75628,3.55702,47.6707
2537,100,0.1,0.2,100,100,500,8,7,0.1,0.1,2.5,1,1,2,0,-15.548,0.629458,20.5399,4.11494,48.3914
2537,100,0.1,0.2,100,100,500,8,7,0.1,0.1,2.5,1,1,3,0,0.24949,0.923364,0.93156,0.851051,56.8978
2538,100,0.1,0.2,100,100,500,8,7,0.1,0.1,2.5,1,3,1,0,-6.73417,0.743969,7.9869,2.58433,46.5306
2538,100,0.1,0.2,100,100,500,8,7,0.1,0.1,2.5,1,3,2,0,-9.87378,0.713387,11.2291,2.89301,44.8248
2538,100,0.1,0.2,100,100,500,8,7,0.1,0.1,2.5,1,3,3,0,0.036989,0.903785,0.994479,0.971175,40.882
2539,100,0.1,0.2,100,100,500,8,7,0.1,0.1,2.5,1,0,1,0,-129.614,0.672209,142.674,3.5443,224.865
2539,100,0.1,0.2,100,100,500,8,7,0.1,0.1,2.5,1,0,2,0,-27.7349,0.668872,31.3881,3.58039,227.493
2539,100,0.1,0.2,100,100,500,8,7,0.1,0.1,2.5,1,0,3,0,0.0441442,0.906112,1.04411,1.01518,50.0347
2540,100,0.1,0.2,100,100,500,8,7,0.1,0.1,2.5,1,2,1,0,-3.86361,0.614954,11.4053,4.38231,220.514
2540,100,0.1,0.2,100,100,500,8,7,0.1,0.1,2.5,1,2,2,0,-3.56661,0.626936,10.7089,4.24594,219.83
2540,100,0.1,0.2,100,100,500,8,7,0.1,0.1,2.5,1,2,3,0,0.45037,0.915344,1.2889,0.963492,81.7731
2541,100,0.1,0.2,100,100,500,8,7,0.1,0.1,2.5,0,1,1,0,-6.99096,0.82493,8.43367,1.3943,47.7936
2541,100,0.1,0.2,100,100,500,8,7,0.1,0.1,2.5,0,1,2,0,-283.833,0.865856,300.613,1.06836,45.0304
2541,100,0.1,0.2,100,100,500,8,7,0.1,0.1,2.5,0,1,3,0,0.0283901,0.874389,1.02544,1.0004,48.5
2542,100,0.1,0.2,100,100,500,8,7,0.1,0.1,2.5,0,3,1,0,-0.454313,0.889745,1.33161,0.979952,45.158
2542,100,0.1,0.2,100,100,500,8,7,0.1,0.1,2.5,0,3,2,0,-0.452945,0.895362,1.33036,0.930032,46.5969
2542,100,0.1,0.2,100,100,500,8,7,0.1,0.1,2.5,0,3,3,0,0.0155319,0.900138,0.901406,0.887576,41.4148
2543,100,0.1,0.2,100,100,500,8,7,0.1,0.1,2.5,0,0,1,0,-11.5521,0.827213,13.4088,1.52671,229.489
2543,100,0.1,0.2,100,100,500,8,7,0.1,0.1,2.5,0,0,2,0,-13.1493,0.833848,15.1151,1.46808,232.796
2543,100,0.1,0.2,100,100,500,8,7,0.1,0.1,2.5,0,0,3,0,0.0281068,0.885143,1.03823,1.01485,48.8305
2544,100,0.1,0.2,100,100,500,8,7,0.1,0.1,2.5,0,2,1,0,-112.925,0.79024,98.8599,1.8513,221.916
2544,100,0.1,0.2,100,100,500,8,7,0.1,0.1,2.5,0,2,2,0,-767.95,0.797985,667.265,1.78295,223.98
2544,100,0.1,0.2,100,100,500,8,7,0.1,0.1,2.5,0,2,3,0,0.0227806,0.905872,0.847993,0.830761,41.3591
2545,100,0.1,0.2,100,100,500,8,7,0.1,0.3,2.5,1,1,1,0,-0.742558,0.944198,2.14068,1.11649,44.9609
2545,100,0.1,0.2,100,100,500,8,7,0.1,0.3,2.5,1,1,2,0,-0.555398,0.944936,1.91076,1.10174,89.1557
2545,100,0.1,0.2,100,100,500,8,7,0.1,0.3,2.5,1,1,3,0,0.128933,0.948049,1.07008,1.03944,50.5377
2546,100,0.1,0.2,100,100,500,8,7,0.1,0.3,2.5,1,3,1,0,-2393.38,0.881918,4472.13,2.41238,45.6785
2546,100,0.1,0.2,100,100,500,8,7,0.1,0.3,2.5,1,3,2,0,0.282023,0.95175,1.34101,0.985741,45.8109
2546,100,0.1,0.2,100,100,500,8,7,0.1,0.3,2.5,1,3,3,0,0.43685,0.952054,1.05183,0.979522,49.8241
2547,100,0.1,0.2,100,100,500,8,7,0.1,0.3,2.5,1,0,1,0,-84267.8,0.948619,89449.3,1.00432,206.126
2547,100,0.1,0.2,100,100,500,8,7,0.1,0.3,2.5,1,0,2,0,-12.9906,0.946806,14.8507,1.03977,213.789
2547,100,0.1,0.2,100,100,500,8,7,0.1,0.3,2.5,1,0,3,0,0.0577042,0.949294,1.00022,0.991134,49.881
2548,100,0.1,0.2,100,100,500,8,7,0.1,0.3,2.5,1,2,1,0,-1.64495,0.958947,16.796,0.837643,211.119
2548,100,0.1,0.2,100,100,500,8,7,0.1,0.3,2.5,1,2,2,0,0.529167,0.953838,2.98989,0.941879,1344.65
2548,100,0.1,0.2,100,100,500,8,7,0.1,0.3,2.5,1,2,3,0,0.745515,0.950413,1.61604,1.01178,73.0741
2549,100,0.1,0.2,100,100,500,8,7,0.1,0.3,2.5,0,1,1,0,-0.292166,0.906759,1.74814,1.01838,44.8302
2549,100,0.1,0.2,100,100,500,8,7,0.1,0.3,2.5,0,1,2,0,-5.12106,0.647535,8.28103,3.84963,91.7665
2549,100,0.1,0.2,100,100,500,8,7,0.1,0.3,2.5,0,1,3,0,0.220058,0.91141,1.05516,0.967583,49.5905
2550,100,0.1,0.2,100,100,500,8,7,0.1,0.3,2.5,0,3,1,0,-1.30192,0.818028,4.19176,2.23633,45.1677
2550,100,0.1,0.2,100,100,500,8,7,0.1,0.3,2.5,0,3,2,0,-1.49414,0.780921,4.5418,2.69235,89.1293
2550,100,0.1,0.2,100,100,500,8,7,0.1,0.3,2.5,0,3,3,0,0.309106,0.909744,1.25811,1.10919,58.2772
2551,100,0.1,0.2,100,100,500,8,7,0.1,0.3,2.5,0,0,1,0,-30.0502,0.89886,32.894,1.04894,222.551
2551,100,0.1,0.2,100,100,500,8,7,0.1,0.3,2.5,0,0,2,0,-17.3051,0.889,19.3921,1.15121,222.615
2551,100,0.1,0.2,100,100,500,8,7,0.1,0.3,2.5,0,0,3,0,0.0584576,0.907116,0.997453,0.963318,48.1395
2552,100,0.1,0.2,100,100,500,8,7,0.1,0.3,2.5,0,2,1,0,-3.61927,0.915332,9.96396,1.02353,210.375
2552,100,0.1,0.2,100,100,500,8,7,0.1,0.3,2.5,0,2,2,0,-338.233,0.908915,731.739,1.10109,210.826
2552,100,0.1,0.2,100,100,500,8,7,0.1,0.3,2.5,0,2,3,0,0.423439,0.919672,1.24367,0.971055,56.327
2553,100,0.1,0.2,100,100,500,8,7,0.1,0.5,2.5,1,1,1,0,0.35488,0.953168,4.25555,1.17399,131.82
2553,100,0.1,0.2,100,100,500,8,7,0.1,0.5,2.5,1,1,2,0,0.725826,0.95059,1.8086,1.23862,89.1438
2553,100,0.1,0.2,100,100,500,8,7,0.1,0.5,2.5,1,1,3,0,0.775064,0.958926,1.4838,1.02966,58.0006
2554,100,0.1,0.2,100,100,500,8,7,0.1,0.5,2.5,1,3,1,0,-12.7546,0.95126,16.5542,1.22655,45.0159
2554,100,0.1,0.2,100,100,500,8,7,0.1,0.5,2.5,1,3,2,0,0.0854405,0.960437,1.10071,0.995607,45.4868
2554,100,0.1,0.2,100,100,500,8,7,0.1,0.5,2.5,1,3,3,0,0.164497,0.960641,1.00556,0.990483,49.328
2555,100,0.1,0.2,100,100,500,8,7,0.1,0.5,2.5,1,0,1,0,-6.54553,0.963318,7.225,0.910365,215.01
2555,100,0.1,0.2,100,100,500,8,7,0.1,0.5,2.5,1,0,2,0,-0.903603,0.964944,1.82274,0.870016,208.977
2555,100,0.1,0.2,100,100,500,8,7,0.1,0.5,2.5,1,0,3,0,0.0167451,0.962622,0.941487,0.927643,40.6504
2556,100,0.1,0.2,100,100,500,8,7,0.1,0.5,2.5,1,2,1,0,-5686.68,0.965675,9173.29,0.949345,206.765
2556,100,0.1,0.2,100,100,500,8,7,0.1,0.5,2.5,1,2,2,0,-1.69519,0.96884,4.34691,0.861802,210.197
2556,100,0.1,0.2,100,100,500,8,7,0.1,0.5,2.5,1,2,3,0,0.381088,0.966029,0.998204,0.939548,58.4553
2557,100,0.1,0.2,100,100,500,8,7,0.1,0.5,2.5,0,1,1,0,-2.73312,0.892242,4.52197,1.32928,46.1185
2557,100,0.1,0.2,100,100,500,8,7,0.1,0.5,2.5,0,1,2,0,-0.230833,0.902146,1.49092,1.20711,45.3836
2557,100,0.1,0.2,100,100,500,8,7,0.1,0.5,2.5,0,1,3,0,0.146126,0.91927,1.03431,0.995867,49.9584
2558,100,0.1,0.2,100,100,500,8,7,0.1,0.5,2.5,0,3,1,0,-0.06296,0.935431,1.90859,0.913485,90.5951
2558,100,0.1,0.2,100,100,500,8,7,0.1,0.5,2.5,0,3,2,0,0.0507538,0.926574,1.70441,1.03878,44.9889
2558,100,0.1,0.2,100,100,500,8,7,0.1,0.5,2.5,0,3,3,0,0.416691,0.935058,1.04736,0.918757,56.5449
2559,100,0.1,0.2,100,100,500,8,7,0.1,0.5,2.5,0,0,1,0,-22.1137,0.919444,22.4218,1.00878,213.092
2559,100,0.1,0.2,100,100,500,8,7,0.1,0.5,2.5,0,0,2,0,-7.91042,0.920685,8.64372,0.993239,212.711
2559,100,0.1,0.2,100,100,500,8,7,0.1,0.5,2.5,0,0,3,0,0.0202229,0.924594,0.950451,0.944289,40.8998
2560,100,0.1,0.2,100,100,500,8,7,0.1,0.5,2.5,0,2,1,0,-1.58828,0.924933,5.23815,0.968564,207.669
2560,100,0.1,0.2,100,100,500,8,7,0.1,0.5,2.5,0,2,2,0,-13.4826,0.928215,29.3098,0.926216,208.878
2560,100,0.1,0.2,100,100,500,8,7,0.1,0.5,2.5,0,2,3,0,0.380891,0.917123,1.25295,1.06934,66.1087
2561,100,0.1,0.2,100,100,500,8,7,0.3,0,2.5,1,1,1,0,-0.475808,0.880009,1.26662,0.917278,46.2666
2561,100,0.1,0.2,100,100,500,8,7,0.3,0,2.5,1,1,2,0,-1.04343,0.88385,1.75378,0.88791,45.4401
2561,100,0.1,0.2,100,100,500,8,7,0.3,0,2.5,1,1,3,0,0.0169483,0.891747,0.843708,0.827544,50.4697
2562,100,0.1,0.2,100,100,500,8,7,0.3,0,2.5,1,3,1,0,-0.740607,0.908252,1.58455,0.700908,45.2965
2562,100,0.1,0.2,100,100,500,8,7,0.3,0,2.5,1,3,2,0,-0.296789,0.905698,1.18052,0.720424,47.2677
2562,100,0.1,0.2,100,100,500,8,7,0.3,0,2.5,1,3,3,0,0.0449783,0.892942,0.869395,0.817874,41.2572
2563,100,0.1,0.2,100,100,500,8,7,0.3,0,2.5,1,0,1,0,-3.5395,0.901788,4.74955,0.77371,221.485
2563,100,0.1,0.2,100,100,500,8,7,0.3,0,2.5,1,0,2,0,-36.5525,0.913333,39.29,0.682761,223.802
2563,100,0.1,0.2,100,100,500,8,7,0.3,0,2.5,1,0,3,0,0.0532208,0.882174,0.990588,0.928227,40.7878
2564,100,0.1,0.2,100,100,500,8,7,0.3,0,2.5,1,2,1,0,-6.50237,0.897556,5.92957,0.781251,215.964
2564,100,0.1,0.2,100,100,500,8,7,0.3,0,2.5,1,2,2,0,-0.80192,0.864929,1.42416,1.03007,222.514
2564,100,0.1,0.2,100,100,500,8,7,0.3,0,2.5,1,2,3,0,0.0658761,0.908253,0.738294,0.699676,49.7586
2565,100,0.1,0.2,100,100,500,8,7,0.3,0,2.5,0,1,1,0,-0.599068,0.875978,1.42851,0.992244,48.0698
2565,100,0.1,0.2,100,100,500,8,7,0.3,0,2.5,0,1,2,0,-1.27717,0.883649,2.03428,0.930873,47.7457
2565,100,0.1,0.2,100,100,500,8,7,0.3,0,2.5,0,1,3,0,0.0454622,0.898608,0.852725,0.811198,49.8376
2566,100,0.1,0.2,100,100,500,8,7,0.3,0,2.5,0,3,1,0,-175405,0.872617,175537,1.01541,44.6549
2566,100,0.1,0.2,100,100,500,8,7,0.3,0,2.5,0,3,2,0,-0.3604,0.886573,1.36142,0.904165,88.9025
2566,100,0.1,0.2,100,100,500,8,7,0.3,0,2.5,0,3,3,0,0.0687358,0.891037,0.931963,0.868585,48.9647
2567,100,0.1,0.2,100,100,500,8,7,0.3,0,2.5,0,0,1,0,-17.5886,0.900289,19.3395,0.783771,219.595
2567,100,0.1,0.2,100,100,500,8,7,0.3,0,2.5,0,0,2,0,-13.4575,0.895754,15.0415,0.81942,222.928
2567,100,0.1,0.2,100,100,500,8,7,0.3,0,2.5,0,0,3,0,0.0137057,0.872601,1.02613,1.00141,49.8606
2568,100,0.1,0.2,100,100,500,8,7,0.3,0,2.5,0,2,1,0,-35.5042,0.915832,33.6412,0.629154,225.702
2568,100,0.1,0.2,100,100,500,8,7,0.3,0,2.5,0,2,2,0,-40.4536,0.901726,38.2025,0.734598,223.431
2568,100,0.1,0.2,100,100,500,8,7,0.3,0,2.5,0,2,3,0,0.0244638,0.882326,0.899026,0.879609,33.7321
2569,100,0.1,0.2,100,100,500,8,7,0.3,0.1,2.5,1,1,1,0,-1.62694,0.691542,6.13156,3.70468,90.3369
2569,100,0.1,0.2,100,100,500,8,7,0.3,0.1,2.5,1,1,2,0,-0.224429,0.896272,2.85795,1.24581,91.4765
2569,100,0.1,0.2,100,100,500,8,7,0.3,0.1,2.5,1,1,3,0,0.385524,0.905275,1.43425,1.13767,66.7938
2570,100,0.1,0.2,100,100,500,8,7,0.3,0.1,2.5,1,3,1,0,-0.505183,0.887909,1.56876,1.4137,84.7495
2570,100,0.1,0.2,100,100,500,8,7,0.3,0.1,2.5,1,3,2,0,-0.0528563,0.919979,1.09733,1.00923,44.7203
2570,100,0.1,0.2,100,100,500,8,7,0.3,0.1,2.5,1,3,3,0,0.0644926,0.924168,0.975024,0.9564,46.4181
2571,100,0.1,0.2,100,100,500,8,7,0.3,0.1,2.5,1,0,1,0,-173.582,0.923352,242.012,0.90554,202.837
2571,100,0.1,0.2,100,100,500,8,7,0.3,0.1,2.5,1,0,2,0,-7.9428,0.9239,12.3969,0.899061,202.96
2571,100,0.1,0.2,100,100,500,8,7,0.3,0.1,2.5,1,0,3,0,0.194863,0.911964,1.11611,1.04008,53.3727
2572,100,0.1,0.2,100,100,500,8,7,0.3,0.1,2.5,1,2,1,0,-20.4314,0.925757,67.8715,0.898231,195.674
2572,100,0.1,0.2,100,100,500,8,7,0.3,0.1,2.5,1,2,2,0,-19.495,0.916116,64.9062,1.01488,195.493
2572,100,0.1,0.2,100,100,500,8,7,0.3,0.1,2.5,1,2,3,0,0.386744,0.882265,1.94213,1.42443,90.8384
2573,100,0.1,0.2,100,100,500,8,7,0.3,0.1,2.5,0,1,1,0,-0.309142,0.857259,1.79272,1.23745,42.7259
2573,100,0.1,0.2,100,100,500,8,7,0.3,0.1,2.5,0,1,2,0,-0.488118,0.824071,2.03781,1.52517,87.0413
2573,100,0.1,0.2,100,100,500,8,7,0.3,0.1,2.5,0,1,3,0,0.0133867,0.846456,1.35106,1.33111,45.6402
2574,100,0.1,0.2,100,100,500,8,7,0.3,0.1,2.5,0,3,1,0,-0.601105,0.834065,2.00163,1.48546,41.0433
2574,100,0.1,0.2,100,100,500,8,7,0.3,0.1,2.5,0,3,2,0,-0.876027,0.864241,2.34532,1.21532,43.0048
2574,100,0.1,0.2,100,100,500,8,7,0.3,0.1,2.5,0,3,3,0,0.0949731,0.880859,1.13142,1.06655,62.6019
2575,100,0.1,0.2,100,100,500,8,7,0.3,0.1,2.5,0,0,1,0,-4.19932,0.89823,5.10029,0.894579,201.08
2575,100,0.1,0.2,100,100,500,8,7,0.3,0.1,2.5,0,0,2,0,-2.24264,0.889026,3.18087,0.975492,204.301
2575,100,0.1,0.2,100,100,500,8,7,0.3,0.1,2.5,0,0,3,0,0.0216946,0.892481,0.95967,0.945121,36.7625
2576,100,0.1,0.2,100,100,500,8,7,0.3,0.1,2.5,0,2,1,0,-9.40229,0.888022,11.9371,1.05163,202.208
2576,100,0.1,0.2,100,100,500,8,7,0.3,0.1,2.5,0,2,2,0,-2.82126,0.888286,4.38506,1.04914,211.91
2576,100,0.1,0.2,100,100,500,8,7,0.3,0.1,2.5,0,2,3,0,0.0416476,0.88586,1.09975,1.07193,50.2455
2577,100,0.1,0.2,100,100,500,8,7,0.3,0.3,2.5,1,1,1,0,0.251722,0.94836,2.6204,0.976082,80.033
2577,100,0.1,0.2,100,100,500,8,7,0.3,0.3,2.5,1,1,2,0,0.62171,0.94711,1.32474,0.999712,40.8157
2577,100,0.1,0.2,100,100,500,8,7,0.3,0.3,2.5,1,1,3,0,0.634335,0.945606,1.28053,1.02813,51.9244
2578,100,0.1,0.2,100,100,500,8,7,0.3,0.3,2.5,1,3,1,0,0.13096,0.94983,1.57946,1.03992,44.8819
2578,100,0.1,0.2,100,100,500,8,7,0.3,0.3,2.5,1,3,2,0,-0.476434,0.953985,2.68338,0.953798,82.4893
2578,100,0.1,0.2,100,100,500,8,7,0.3,0.3,2.5,1,3,3,0,0.426459,0.953457,1.0424,0.964749,52.5675
2579,100,0.1,0.2,100,100,500,8,7,0.3,0.3,2.5,1,0,1,0,-8.96354,0.958495,28.3796,0.880085,197.776
2579,100,0.1,0.2,100,100,500,8,7,0.3,0.3,2.5,1,0,2,0,-4.06538,0.956546,14.4279,0.921426,203.501
2579,100,0.1,0.2,100,100,500,8,7,0.3,0.3,2.5,1,0,3,0,0.623565,0.95623,1.07222,0.928123,53.5564
2580,100,0.1,0.2,100,100,500,8,7,0.3,0.3,2.5,1,2,1,0,-0.274842,0.947876,1.63212,0.905213,191.452
2580,100,0.1,0.2,100,100,500,8,7,0.3,0.3,2.5,1,2,2,0,-0.853284,0.947705,2.37267,0.908171,190.198
2580,100,0.1,0.2,100,100,500,8,7,0.3,0.3,2.5,1,2,3,0,0.278573,0.949467,0.923607,0.877574,45.0225
2581,100,0.1,0.2,100,100,500,8,7,0.3,0.3,2.5,0,1,1,0,-0.986188,0.885766,2.46296,1.23102,41.3554
2581,100,0.1,0.2,100,100,500,8,7,0.3,0.3,2.5,0,1,2,0,-0.126327,0.905573,1.39669,1.01757,84.1545
2581,100,0.1,0.2,100,100,500,8,7,0.3,0.3,2.5,0,1,3,0,0.160428,0.909033,1.0411,0.980288,51.9288
2582,100,0.1,0.2,100,100,500,8,7,0.3,0.3,2.5,0,3,1,0,-6.36427,0.89477,21.6563,1.25887,82.1375
2582,100,0.1,0.2,100,100,500,8,7,0.3,0.3,2.5,0,3,2,0,0.296634,0.884352,2.06841,1.3835,41.5298
2582,100,0.1,0.2,100,100,500,8,7,0.3,0.3,2.5,0,3,3,0,0.488237,0.916715,1.50495,0.996345,70.3139
2583,100,0.1,0.2,100,100,500,8,7,0.3,0.3,2.5,0,0,1,0,-7977.37,0.920922,15159.2,0.896386,197.84
2583,100,0.1,0.2,100,100,500,8,7,0.3,0.3,2.5,0,0,2,0,-31.486,0.911787,61.7247,0.999943,201.433
2583,100,0.1,0.2,100,100,500,8,7,0.3,0.3,2.5,0,0,3,0,0.28258,0.895738,1.36313,1.18187,60.5597
2584,100,0.1,0.2,100,100,500,8,7,0.3,0.3,2.5,0,2,1,0,-30.766,0.916265,36.2135,1.00325,197.246
2584,100,0.1,0.2,100,100,500,8,7,0.3,0.3,2.5,0,2,2,0,-6.08812,0.91115,8.08051,1.06452,191.66
2584,100,0.1,0.2,100,100,500,8,7,0.3,0.3,2.5,0,2,3,0,0.0445447,0.911821,1.08923,1.05649,45.0646
2585,100,0.1,0.2,100,100,500,8,7,0.3,0.5,2.5,1,1,1,0,-16.4101,0.958575,51.2238,1.22357,83.7851
2585,100,0.1,0.2,100,100,500,8,7,0.3,0.5,2.5,1,1,2,0,0.51463,0.961783,1.42805,1.1288,42.4292
2585,100,0.1,0.2,100,100,500,8,7,0.3,0.5,2.5,1,1,3,0,0.627061,0.965915,1.09725,1.00675,53.0616
2586,100,0.1,0.2,100,100,500,8,7,0.3,0.5,2.5,1,3,1,0,0.471752,0.952604,2.35158,1.12136,122.938
2586,100,0.1,0.2,100,100,500,8,7,0.3,0.5,2.5,1,3,2,0,0.575093,0.95456,1.89154,1.07509,82.5452
2586,100,0.1,0.2,100,100,500,8,7,0.3,0.5,2.5,1,3,3,0,0.694555,0.954302,1.35974,1.0812,53.9709
2587,100,0.1,0.2,100,100,500,8,7,0.3,0.5,2.5,1,0,1,0,-4.99988,0.959687,8.96786,0.944283,195.742
2587,100,0.1,0.2,100,100,500,8,7,0.3,0.5,2.5,1,0,2,0,-94.4715,0.961629,142.699,0.898783,197.6
2587,100,0.1,0.2,100,100,500,8,7,0.3,0.5,2.5,1,0,3,0,0.260788,0.954797,1.10488,1.05882,52.6239
2588,100,0.1,0.2,100,100,500,8,7,0.3,0.5,2.5,1,2,1,0,-202.769,0.965795,755.025,0.935721,185.515
2588,100,0.1,0.2,100,100,500,8,7,0.3,0.5,2.5,1,2,2,0,-16.9244,0.969397,66.4154,0.83718,189.969
2588,100,0.1,0.2,100,100,500,8,7,0.3,0.5,2.5,1,2,3,0,0.687646,0.964037,1.15736,0.983802,54.2323
2589,100,0.1,0.2,100,100,500,8,7,0.3,0.5,2.5,0,1,1,0,-0.878238,0.924431,5.16922,1.10107,82.5441
2589,100,0.1,0.2,100,100,500,8,7,0.3,0.5,2.5,0,1,2,0,-2.44971,0.925468,9.49415,1.08596,83.0159
2589,100,0.1,0.2,100,100,500,8,7,0.3,0.5,2.5,0,1,3,0,0.519306,0.928557,1.32295,1.04095,52.2395
2590,100,0.1,0.2,100,100,500,8,7,0.3,0.5,2.5,0,3,1,0,-0.903739,0.927908,2.38495,1.03241,84.5954
2590,100,0.1,0.2,100,100,500,8,7,0.3,0.5,2.5,0,3,2,0,0.0476182,0.934643,1.19312,0.93596,125.111
2590,100,0.1,0.2,100,100,500,8,7,0.3,0.5,2.5,0,3,3,0,0.182366,0.931986,1.02431,0.974011,46.3715
2591,100,0.1,0.2,100,100,500,8,7,0.3,0.5,2.5,0,0,1,0,-9.16196,0.934301,15.1109,0.922007,202.043
2591,100,0.1,0.2,100,100,500,8,7,0.3,0.5,2.5,0,0,2,0,-0.428342,0.936332,2.12395,0.893504,202.33
2591,100,0.1,0.2,100,100,500,8,7,0.3,0.5,2.5,0,0,3,0,0.30222,0.931188,1.0376,0.965691,52.6384
2592,100,0.1,0.2,100,100,500,8,7,0.3,0.5,2.5,0,2,1,0,-4.3437,0.931696,11.1334,0.952232,193.952
2592,100,0.1,0.2,100,100,500,8,7,0.3,0.5,2.5,0,2,2,0,-2.3206,0.930198,6.91832,0.97312,193.748
2592,100,0.1,0.2,100,100,500,8,7,0.3,0.5,2.5,0,2,3,0,0.424872,0.925823,1.19826,1.03411,53.0247
2593,100,0.1,0.2,100,100,500,8,7,0.5,0,2.5,1,1,1,0,-12.2076,0.866553,13.612,1.21485,42.2452
2593,100,0.1,0.2,100,100,500,8,7,0.5,0,2.5,1,1,2,0,-1.77537,0.875506,2.86037,1.13334,40.9726
2593,100,0.1,0.2,100,100,500,8,7,0.5,0,2.5,1,1,3,0,0.0179157,0.890165,1.01216,0.999893,37.4001
2594,100,0.1,0.2,100,100,500,8,7,0.5,0,2.5,1,3,1,0,-1.69139,0.874645,2.81212,1.1511,81.779
2594,100,0.1,0.2,100,100,500,8,7,0.5,0,2.5,1,3,2,0,-1.4819,0.881848,2.59323,1.08495,41.9083
2594,100,0.1,0.2,100,100,500,8,7,0.5,0,2.5,1,3,3,0,0.0187231,0.889521,1.02529,1.01449,37.9087
2595,100,0.1,0.2,100,100,500,8,7,0.5,0,2.5,1,0,1,0,-15.5915,0.895575,21.0258,0.918918,198.776
2595,100,0.1,0.2,100,100,500,8,7,0.5,0,2.5,1,0,2,0,-6.62799,0.89404,9.66669,0.932428,201.878
2595,100,0.1,0.2,100,100,500,8,7,0.5,0,2.5,1,0,3,0,0.0779882,0.876063,1.16843,1.09061,45.3157
2596,100,0.1,0.2,100,100,500,8,7,0.5,0,2.5,1,2,1,0,-4.52453,0.893587,6.58189,0.913004,197.936
2596,100,0.1,0.2,100,100,500,8,7,0.5,0,2.5,1,2,2,0,-7.88465,0.90528,10.5851,0.812676,196.003
2596,100,0.1,0.2,100,100,500,8,7,0.5,0,2.5,1,2,3,0,0.0941328,0.8868,1.07925,0.971228,44.7315
2597,100,0.1,0.2,100,100,500,8,7,0.5,0,2.5,0,1,1,0,-0.628787,0.882525,1.67403,1.04005,83.0029
2597,100,0.1,0.2,100,100,500,8,7,0.5,0,2.5,0,1,2,0,-0.35126,0.882153,1.38879,1.04334,41.9316
2597,100,0.1,0.2,100,100,500,8,7,0.5,0,2.5,0,1,3,0,0.0059018,0.885242,1.02171,1.01599,37.4977
2598,100,0.1,0.2,100,100,500,8,7,0.5,0,2.5,0,3,1,0,-6.0112,0.873934,8.56653,1.12594,41.5873
2598,100,0.1,0.2,100,100,500,8,7,0.5,0,2.5,0,3,2,0,-0.731715,0.887041,2.11587,1.00888,42.8013
2598,100,0.1,0.2,100,100,500,8,7,0.5,0,2.5,0,3,3,0,0.074892,0.883035,1.13033,1.04466,52.371
2599,100,0.1,0.2,100,100,500,8,7,0.5,0,2.5,0,0,1,0,-4.01799,0.886322,5.62068,0.983816,203.691
2599,100,0.1,0.2,100,100,500,8,7,0.5,0,2.5,0,0,2,0,-32119.9,0.882985,35978.8,1.01269,200.816
2599,100,0.1,0.2,100,100,500,8,7,0.5,0,2.5,0,0,3,0,0.0419004,0.880087,1.07317,1.03777,44.9716
2600,100,0.1,0.2,100,100,500,8,7,0.5,0,2.5,0,2,1,0,-129.213,0.887452,166.011,0.957749,197.645
2600,100,0.1,0.2,100,100,500,8,7,0.5,0,2.5,0,2,2,0,-9.1025,0.887305,12.8799,0.959002,198.034
2600,100,0.1,0.2,100,100,500,8,7,0.5,0,2.5,0,2,3,0,0.0838264,0.874807,1.16805,1.06536,51.8872
2601,100,0.1,0.2,100,100,500,8,7,0.5,0.1,2.5,1,1,1,0,-0.426498,0.892325,5.47642,1.47085,123.325
2601,100,0.1,0.2,100,100,500,8,7,0.5,0.1,2.5,1,1,2,0,0.135686,0.85661,3.31816,1.95872,81.8707
2601,100,0.1,0.2,100,100,500,8,7,0.5,0.1,2.5,1,1,3,0,0.475676,0.903699,2.01291,1.31548,82.516
2602,100,0.1,0.2,100,100,500,8,7,0.5,0.1,2.5,1,3,1,0,-0.769919,0.913645,2.20479,1.14596,41.492
2602,100,0.1,0.2,100,100,500,8,7,0.5,0.1,2.5,1,3,2,0,-0.688751,0.898776,2.10368,1.34328,40.9304
2602,100,0.1,0.2,100,100,500,8,7,0.5,0.1,2.5,1,3,3,0,0.15908,0.924503,1.04754,1.00188,45.3711
2603,100,0.1,0.2,100,100,500,8,7,0.5,0.1,2.5,1,0,1,0,-8.63165,0.932526,12.2228,0.88621,200.905
2603,100,0.1,0.2,100,100,500,8,7,0.5,0.1,2.5,1,0,2,0,-0.688792,0.933369,2.14313,0.875132,197.526
2603,100,0.1,0.2,100,100,500,8,7,0.5,0.1,2.5,1,0,3,0,0.19484,0.925896,1.02177,0.973291,46.4287
2604,100,0.1,0.2,100,100,500,8,7,0.5,0.1,2.5,1,2,1,0,-47.2376,0.932929,160.137,0.956877,194.288
2604,100,0.1,0.2,100,100,500,8,7,0.5,0.1,2.5,1,2,2,0,-1.66151,0.939976,8.83554,0.856337,196.452
2604,100,0.1,0.2,100,100,500,8,7,0.5,0.1,2.5,1,2,3,0,0.598581,0.935535,1.33261,0.919704,60.2466
2605,100,0.1,0.2,100,100,500,8,7,0.5,0.1,2.5,0,1,1,0,-0.757841,0.909045,1.7493,0.974548,82.6905
2605,100,0.1,0.2,100,100,500,8,7,0.5,0.1,2.5,0,1,2,0,-1.51147,0.893809,2.49928,1.13779,83.8164
2605,100,0.1,0.2,100,100,500,8,7,0.5,0.1,2.5,0,1,3,0,0.0142196,0.909874,0.980992,0.965668,38.4521
2606,100,0.1,0.2,100,100,500,8,7,0.5,0.1,2.5,0,3,1,0,-0.195304,0.897398,1.34439,1.05003,84.3744
2606,100,0.1,0.2,100,100,500,8,7,0.5,0.1,2.5,0,3,2,0,-0.177657,0.899887,1.32454,1.02455,41.3557
2606,100,0.1,0.2,100,100,500,8,7,0.5,0.1,2.5,0,3,3,0,0.0545231,0.900454,1.06341,1.01875,45.9435
2607,100,0.1,0.2,100,100,500,8,7,0.5,0.1,2.5,0,0,1,0,-0.378238,0.909673,1.66382,0.949569,202.48
2607,100,0.1,0.2,100,100,500,8,7,0.5,0.1,2.5,0,0,2,0,-0.399008,0.914412,1.68889,0.899747,200.154
2607,100,0.1,0.2,100,100,500,8,7,0.5,0.1,2.5,0,0,3,0,0.162594,0.91038,1.01092,0.942138,52.3467
2608,100,0.1,0.2,100,100,500,8,7,0.5,0.1,2.5,0,2,1,0,-16.8077,0.916412,36.8724,0.894945,193.167
2608,100,0.1,0.2,100,100,500,8,7,0.5,0.1,2.5,0,2,2,0,-107.767,0.920811,225.211,0.847837,191.452
2608,100,0.1,0.2,100,100,500,8,7,0.5,0.1,2.5,0,2,3,0,0.284015,0.887496,1.48251,1.20454,60.2664
2609,100,0.1,0.2,100,100,500,8,7,0.5,0.3,2.5,1,1,1,0,0.38371,0.950005,4.67091,0.978203,123.006
2609,100,0.1,0.2,100,100,500,8,7,0.5,0.3,2.5,1,1,2,0,0.503519,0.938225,3.76287,1.20869,122.066
2609,100,0.1,0.2,100,100,500,8,7,0.5,0.3,2.5,1,1,3,0,0.730461,0.946356,2.04285,1.04961,60.9941
2610,100,0.1,0.2,100,100,500,8,7,0.5,0.3,2.5,1,3,1,0,0.237259,0.947843,2.18739,1.21294,81.8875
2610,100,0.1,0.2,100,100,500,8,7,0.5,0.3,2.5,1,3,2,0,-0.126467,0.942739,3.23048,1.33165,82.2221
2610,100,0.1,0.2,100,100,500,8,7,0.5,0.3,2.5,1,3,3,0,0.612438,0.957937,1.11145,0.978199,53.3415
2611,100,0.1,0.2,100,100,500,8,7,0.5,0.3,2.5,1,0,1,0,-9.9779,0.951879,30.9082,0.949729,191.235
2611,100,0.1,0.2,100,100,500,8,7,0.5,0.3,2.5,1,0,2,0,-4.67663,0.956107,15.9825,0.866272,199.128
2611,100,0.1,0.2,100,100,500,8,7,0.5,0.3,2.5,1,0,3,0,0.588432,0.949382,1.15877,0.999007,52.3099
2612,100,0.1,0.2,100,100,500,8,7,0.5,0.3,2.5,1,2,1,0,-1.58016,0.952177,2.46402,0.996764,191.71
2612,100,0.1,0.2,100,100,500,8,7,0.5,0.3,2.5,1,2,2,0,-0.619506,0.958228,1.54661,0.870635,209.294
2612,100,0.1,0.2,100,100,500,8,7,0.5,0.3,2.5,1,2,3,0,0.0587921,0.957239,0.898843,0.891261,40.7608
2613,100,0.1,0.2,100,100,500,8,7,0.5,0.3,2.5,0,1,1,0,-0.418499,0.898864,2.84032,1.28324,46.1091
2613,100,0.1,0.2,100,100,500,8,7,0.5,0.3,2.5,0,1,2,0,-0.824251,0.911857,3.65277,1.11837,47.1727
2613,100,0.1,0.2,100,100,500,8,7,0.5,0.3,2.5,0,1,3,0,0.434647,0.92824,1.13203,0.910505,58.4082
2614,100,0.1,0.2,100,100,500,8,7,0.5,0.3,2.5,0,3,1,0,0.0595593,0.925557,1.30565,1.02762,45.5393
2614,100,0.1,0.2,100,100,500,8,7,0.5,0.3,2.5,0,3,2,0,-0.803339,0.925939,2.50364,1.02235,45.0675
2614,100,0.1,0.2,100,100,500,8,7,0.5,0.3,2.5,0,3,3,0,0.220904,0.926492,1.08165,1.01472,51.3074
2615,100,0.1,0.2,100,100,500,8,7,0.5,0.3,2.5,0,0,1,0,-17.2314,0.932891,21.1577,0.837463,216.896
2615,100,0.1,0.2,100,100,500,8,7,0.5,0.3,2.5,0,0,2,0,-0.3938,0.931569,1.61751,0.853959,218.08
2615,100,0.1,0.2,100,100,500,8,7,0.5,0.3,2.5,0,0,3,0,0.1611,0.92592,0.973548,0.924455,49.4683
2616,100,0.1,0.2,100,100,500,8,7,0.5,0.3,2.5,0,2,1,0,-11.3501,0.928988,16.0628,1.02167,208.977
2616,100,0.1,0.2,100,100,500,8,7,0.5,0.3,2.5,0,2,2,0,-1476.07,0.929786,1921.11,1.01019,209.508
2616,100,0.1,0.2,100,100,500,8,7,0.5,0.3,2.5,0,2,3,0,0.163098,0.927121,1.0885,1.04854,58.622
2617,100,0.1,0.2,100,100,500,8,7,0.5,0.5,2.5,1,1,1,0,-24.4243,0.95604,69.3552,1.04777,45.0631
2617,100,0.1,0.2,100,100,500,8,7,0.5,0.5,2.5,1,1,2,0,-0.41725,0.934527,3.86614,1.56053,44.9617
2617,100,0.1,0.2,100,100,500,8,7,0.5,0.5,2.5,1,1,3,0,0.614197,0.960621,1.05244,0.93858,56.6787
2618,100,0.1,0.2,100,100,500,8,7,0.5,0.5,2.5,1,3,1,0,0.350893,0.95757,3.07574,0.953386,98.4133
2618,100,0.1,0.2,100,100,500,8,7,0.5,0.5,2.5,1,3,2,0,0.57552,0.948903,2.01137,1.14815,53.4145
2618,100,0.1,0.2,100,100,500,8,7,0.5,0.5,2.5,1,3,3,0,0.71812,0.954408,1.33567,1.02444,57.8664
2619,100,0.1,0.2,100,100,500,8,7,0.5,0.5,2.5,1,0,1,0,-0.487812,0.965299,3.73609,0.940382,213.448
2619,100,0.1,0.2,100,100,500,8,7,0.5,0.5,2.5,1,0,2,0,0.383656,0.966865,1.54772,0.897935,211.698
2619,100,0.1,0.2,100,100,500,8,7,0.5,0.5,2.5,1,0,3,0,0.598887,0.96609,1.00725,0.918942,66.256
2620,100,0.1,0.2,100,100,500,8,7,0.5,0.5,2.5,1,2,1,0,0.146075,0.964476,6.48784,0.91072,210.137
2620,100,0.1,0.2,100,100,500,8,7,0.5,0.5,2.5,1,2,2,0,-772.221,0.965935,5874.67,0.873313,210.983
2620,100,0.1,0.2,100,100,500,8,7,0.5,0.5,2.5,1,2,3,0,0.816091,0.964449,1.39728,0.911397,70.3302
2621,100,0.1,0.2,100,100,500,8,7,0.5,0.5,2.5,0,1,1,0,-14.1438,0.915519,18.412,1.33657,47.0923
2621,100,0.1,0.2,100,100,500,8,7,0.5,0.5,2.5,0,1,2,0,-0.361863,0.92695,1.65577,1.15571,45.4109
2621,100,0.1,0.2,100,100,500,8,7,0.5,0.5,2.5,0,1,3,0,0.113789,0.933713,1.07747,1.04873,50.54
2622,100,0.1,0.2,100,100,500,8,7,0.5,0.5,2.5,0,3,1,0,-18.7621,0.919926,36.1318,1.2306,46.4972
2622,100,0.1,0.2,100,100,500,8,7,0.5,0.5,2.5,0,3,2,0,-0.16944,0.92753,2.13813,1.11374,47.9541
2622,100,0.1,0.2,100,100,500,8,7,0.5,0.5,2.5,0,3,3,0,0.396195,0.935139,1.10396,0.9968,58.2621
2623,100,0.1,0.2,100,100,500,8,7,0.5,0.5,2.5,0,0,1,0,-1.29759,0.936375,3.58355,0.986585,218.846
2623,100,0.1,0.2,100,100,500,8,7,0.5,0.5,2.5,0,0,2,0,-2.43794,0.944522,5.36217,0.860251,211.273
2623,100,0.1,0.2,100,100,500,8,7,0.5,0.5,2.5,0,0,3,0,0.348387,0.940261,1.01632,0.926319,49.2153
2624,100,0.1,0.2,100,100,500,8,7,0.5,0.5,2.5,0,2,1,0,-5.44401,0.93581,6.39564,1.01393,212.629
2624,100,0.1,0.2,100,100,500,8,7,0.5,0.5,2.5,0,2,2,0,-4.35554,0.942798,5.31535,0.903551,207.134
2624,100,0.1,0.2,100,100,500,8,7,0.5,0.5,2.5,0,2,3,0,0.0400897,0.940475,0.952706,0.940242,49.8792
2625,100,0.1,0.2,100,100,500,16,1,0,0,2.5,1,1,1,0,1,1,2.02399e-25,-9.73832e-16,279.069
2625,100,0.1,0.2,100,100,500,16,1,0,0,2.5,1,1,2,0,1,1,3.95198e-26,-4.91334e-16,277.339
2625,100,0.1,0.2,100,100,500,16,1,0,0,2.5,1,1,3,0,1,1,5.35605e-22,-8.08917e-16,85.0653
2626,100,0.1,0.2,100,100,500,16,1,0,0,2.5,1,3,1,0,1,1,7.6632e-26,-6.7446e-16,221.4
2626,100,0.1,0.2,100,100,500,16,1,0,0,2.5,1,3,2,0,1,1,5.58872e-23,-1.32838e-15,232.42
2626,100,0.1,0.2,100,100,500,16,1,0,0,2.5,1,3,3,0,1,1,4.79398e-21,1.14275e-15,83.6826
2627,100,0.1,0.2,100,100,500,16,1,0,0,2.5,1,0,1,0,1,1,1.64205e-28,-1.07958e-15,531.892
2627,100,0.1,0.2,100,100,500,16,1,0,0,2.5,1,0,2,0,1,1,1.47639e-27,-9.89417e-16,544.727
2627,100,0.1,0.2,100,100,500,16,1,0,0,2.5,1,0,3,0,1,1,1.71645e-23,-2.80995e-16,88.1659
2628,100,0.1,0.2,100,100,500,16,1,0,0,2.5,1,2,1,0,1,1,5.33635e-28,-3.58047e-17,494.037
2628,100,0.1,0.2,100,100,500,16,1,0,0,2.5,1,2,2,0,1,1,4.88054e-30,-1.0445e-15,496.438
2628,100,0.1,0.2,100,100,500,16,1,0,0,2.5,1,2,3,0,1,1,4.35117e-21,8.07758e-16,85.2904
2629,100,0.1,0.2,100,100,500,16,1,0,0,2.5,0,1,1,0,1,1,4.43386e-28,3.49609e-16,258.984
2629,100,0.1,0.2,100,100,500,16,1,0,0,2.5,0,1,2,0,1,1,1.71324e-28,-3.7859e-16,260.227
2629,100,0.1,0.2,100,100,500,16,1,0,0,2.5,0,1,3,0,1,1,6.13013e-21,7.92964e-16,86.8876
2630,100,0.1,0.2,100,100,500,16,1,0,0,2.5,0,3,1,0,1,1,5.25334e-24,-8.12017e-16,218.849
2630,100,0.1,0.2,100,100,500,16,1,0,0,2.5,0,3,2,0,1,1,4.73832e-27,-1.19685e-15,222.285
2630,100,0.1,0.2,100,100,500,16,1,0,0,2.5,0,3,3,0,1,1,2.08027e-21,-6.90283e-16,84.1199
2631,100,0.1,0.2,100,100,500,16,1,0,0,2.5,0,0,1,0,1,1,1.569e-26,-1.13221e-15,558.265
2631,100,0.1,0.2,100,100,500,16,1,0,0,2.5,0,0,2,0,1,1,2.63657e-29,-1.50724e-15,552.453
2631,100,0.1,0.2,100,100,500,16,1,0,0,2.5,0,0,3,0,1,1,3.89917e-21,1.06013e-15,86.3548
2632,100,0.1,0.2,100,100,500,16,1,0,0,2.5,0,2,1,0,1,1,8.93947e-30,-2.55022e-15,538.781
2632,100,0.1,0.2,100,100,500,16,1,0,0,2.5,0,2,2,0,1,1,5.71985e-29,-8.99947e-16,1736.63
2632,100,0.1,0.2,100,100,500,16,1,0,0,2.5,0,2,3,0,1,1,1.97339e-21,-1.20396e-15,83.9606
2633,100,0.1,0.2,100,100,500,16,1,0,0.1,2.5,1,1,1,0,-332.347,0.935271,220.465,0.643702,108.387
2633,100,0.1,0.2,100,100,500,16,1,0,0.1,2.5,1,1,2,0,-692.337,0.935204,458.55,0.644374,108.208
2633,100,0.1,0.2,100,100,500,16,1,0,0.1,2.5,1,1,3,0,0.0117782,0.939463,0.653577,0.602018,112.723
2634,100,0.1,0.2,100,100,500,16,1,0,0.1,2.5,1,3,1,0,-12.3558,0.937622,9.34173,0.64852,1828.72
2634,100,0.1,0.2,100,100,500,16,1,0,0.1,2.5,1,3,2,0,-11.6971,0.942953,8.88098,0.593093,1886.22
2634,100,0.1,0.2,100,100,500,16,1,0,0.1,2.5,1,3,3,0,0.0100662,0.938624,0.692411,0.638103,112.546
2635,100,0.1,0.2,100,100,500,16,1,0,0.1,2.5,1,0,1,0,-287.914,0.93681,170.761,0.643299,247.039
2635,100,0.1,0.2,100,100,500,16,1,0,0.1,2.5,1,0,2,0,-130.789,0.943633,77.8929,0.573839,243.11
2635,100,0.1,0.2,100,100,500,16,1,0,0.1,2.5,1,0,3,0,0.0385114,0.94611,0.568282,0.548623,139.777
2636,100,0.1,0.2,100,100,500,16,1,0,0.1,2.5,1,2,1,0,-3.64997,0.932701,3.14145,0.67151,3655.83
2636,100,0.1,0.2,100,100,500,16,1,0,0.1,2.5,1,2,2,0,-31.8486,0.941054,22.1921,0.588169,3518.63
2636,100,0.1,0.2,100,100,500,16,1,0,0.1,2.5,1,2,3,0,0.00839627,0.939719,0.669914,0.601483,126.089
2637,100,0.1,0.2,100,100,500,16,1,0,0.1,2.5,0,1,1,0,-1494,0.929871,287.278,0.280768,477.766
2637,100,0.1,0.2,100,100,500,16,1,0,0.1,2.5,0,1,2,0,-1494,0.929871,287.278,0.280768,572.698
2637,100,0.1,0.2,100,100,500,16,1,0,0.1,2.5,0,1,3,0,0.0324291,0.954349,0.185928,0.182768,103.336
2638,100,0.1,0.2,100,100,500,16,1,0,0.1,2.5,0,3,1,0,-18.0714,0.954161,4.57136,0.184783,98.0967
2638,100,0.1,0.2,100,100,500,16,1,0,0.1,2.5,0,3,2,0,-241.114,0.947996,58.034,0.209635,97.1786
2638,100,0.1,0.2,100,100,500,16,1,0,0.1,2.5,0,3,3,0,0.128072,0.950792,0.208999,0.198365,101.436
2639,100,0.1,0.2,100,100,500,16,1,0,0.1,2.5,0,0,1,0,-109.37,0.9497,28.9045,0.202816,225.234
2639,100,0.1,0.2,100,100,500,16,1,0,0.1,2.5,0,0,2,0,-426.834,0.954728,112.045,0.182541,226.272
2639,100,0.1,0.2,100,100,500,16,1,0,0.1,2.5,0,0,3,0,0.0875823,0.943275,0.238951,0.228724,134.526
2640,100,0.1,0.2,100,100,500,16,1,0,0.1,2.5,0,2,1,0,-52.0605,0.951259,15.6657,0.192977,223.298
2640,100,0.1,0.2,100,100,500,16,1,0,0.1,2.5,0,2,2,0,-3.80438,0.953582,1.41846,0.18378,223.489
2640,100,0.1,0.2,100,100,500,16,1,0,0.1,2.5,0,2,3,0,0.103577,0.936732,0.264662,0.250493,129.918
2641,100,0.1,0.2,100,100,500,16,1,0,0.3,2.5,1,1,1,0,-108.84,0.941465,183.005,1.50915,2487.12
2641,100,0.1,0.2,100,100,500,16,1,0,0.3,2.5,1,1,2,0,-54804.6,0.919441,91312.1,2.07699,2496.94
2641,100,0.1,0.2,100,100,500,16,1,0,0.3,2.5,1,1,3,0,0.0305328,0.939436,1.61524,1.56148,204.434
2642,100,0.1,0.2,100,100,500,16,1,0,0.3,2.5,1,3,1,0,-6096.67,0.939224,10088.8,1.49546,2584.75
2642,100,0.1,0.2,100,100,500,16,1,0,0.3,2.5,1,3,2,0,-228714,0.946058,378417,1.32729,2741.76
2642,100,0.1,0.2,100,100,500,16,1,0,0.3,2.5,1,3,3,0,0.0173676,0.935663,1.6258,1.58307,142.319
2643,100,0.1,0.2,100,100,500,16,1,0,0.3,2.5,1,0,1,0,-20.0172,0.944896,38.5312,1.54518,6088.04
2643,100,0.1,0.2,100,100,500,16,1,0,0.3,2.5,1,0,2,0,-27.3374,0.937159,51.9513,1.76214,7216.36
2643,100,0.1,0.2,100,100,500,16,1,0,0.3,2.5,1,0,3,0,0.0117778,0.935914,1.81172,1.79704,114.762
2644,100,0.1,0.2,100,100,500,16,1,0,0.3,2.5,1,2,1,0,-7.59964,0.936674,17.316,1.81137,5547.41
2644,100,0.1,0.2,100,100,500,16,1,0,0.3,2.5,1,2,2,0,-500.539,0.936902,1009.88,1.80484,5484.45
2644,100,0.1,0.2,100,100,500,16,1,0,0.3,2.5,1,2,3,0,0.0146917,0.931327,1.98399,1.96431,129.535
2645,100,0.1,0.2,100,100,500,16,1,0,0.3,2.5,0,1,1,0,-53.9798,0.944158,35.5779,0.534337,1929.54
2645,100,0.1,0.2,100,100,500,16,1,0,0.3,2.5,0,1,2,0,-1765.94,0.930352,1143.4,0.666443,1916.42
2645,100,0.1,0.2,100,100,500,16,1,0,0.3,2.5,0,1,3,0,0.0242668,0.936902,0.631405,0.603761,153.422
2646,100,0.1,0.2,100,100,500,16,1,0,0.3,2.5,0,3,1,0,-101890,0.940514,64667.5,0.622282,2053.52
2646,100,0.1,0.2,100,100,500,16,1,0,0.3,2.5,0,3,2,0,-15364.6,0.941408,9752.11,0.612923,2172.68
2646,100,0.1,0.2,100,100,500,16,1,0,0.3,2.5,0,3,3,0,0.0167041,0.94132,0.624071,0.61384,146.787
2647,100,0.1,0.2,100,100,500,16,1,0,0.3,2.5,0,0,1,0,-6.27718,0.941056,4.30217,0.551322,4588.97
2647,100,0.1,0.2,100,100,500,16,1,0,0.3,2.5,0,0,2,0,-1412.08,0.945153,835.393,0.513001,4539.73
2647,100,0.1,0.2,100,100,500,16,1,0,0.3,2.5,0,0,3,0,0.0480402,0.942394,0.562786,0.538799,138.667
2648,100,0.1,0.2,100,100,500,16,1,0,0.3,2.5,0,2,1,0,-1700.96,0.939138,1196.27,0.607951,4551
2648,100,0.1,0.2,100,100,500,16,1,0,0.3,2.5,0,2,2,0,-14.1638,0.938282,10.6583,0.616503,4566.58
2648,100,0.1,0.2,100,100,500,16,1,0,0.3,2.5,0,2,3,0,0.0172123,0.93246,0.690778,0.674656,139.045
2649,100,0.1,0.2,100,100,500,16,1,0,0.5,2.5,1,1,1,0,-789.794,0.949941,1991.22,2.30777,3036.69
2649,100,0.1,0.2,100,100,500,16,1,0,0.5,2.5,1,1,2,0,-12.5807,0.905198,34.1963,4.37047,4139.96
2649,100,0.1,0.2,100,100,500,16,1,0,0.5,2.5,1,1,3,0,0.227234,0.970215,1.94583,1.37312,249.255
2650,100,0.1,0.2,100,100,500,16,1,0,0.5,2.5,1,3,1,0,-1207.63,0.93829,2763.67,2.26595,2915.92
2650,100,0.1,0.2,100,100,500,16,1,0,0.5,2.5,1,3,2,0,-50.7715,0.898877,118.382,3.71319,2810.79
2650,100,0.1,0.2,100,100,500,16,1,0,0.5,2.5,1,3,3,0,0.0931866,0.954566,2.07354,1.6683,238.142
2651,100,0.1,0.2,100,100,500,16,1,0,0.5,2.5,1,0,1,0,-67.5437,0.93167,154.811,2.65633,5952.93
2651,100,0.1,0.2,100,100,500,16,1,0,0.5,2.5,1,0,2,0,-15.4584,0.953992,37.1726,1.78856,5922.84
2651,100,0.1,0.2,100,100,500,16,1,0,0.5,2.5,1,0,3,0,0.232217,0.968392,1.73409,1.22875,205.361
2652,100,0.1,0.2,100,100,500,16,1,0,0.5,2.5,1,2,1,0,-19.5681,0.934444,47.8451,2.5424,6543.74
2652,100,0.1,0.2,100,100,500,16,1,0,0.5,2.5,1,2,2,0,-659.658,0.937923,1536.81,2.4075,7613.11
2652,100,0.1,0.2,100,100,500,16,1,0,0.5,2.5,1,2,3,0,0.0382111,0.948642,2.23729,1.9918,306.547
2653,100,0.1,0.2,100,100,500,16,1,0,0.5,2.5,0,1,1,0,-199.955,0.859939,211.188,2.06509,2386.43
2653,100,0.1,0.2,100,100,500,16,1,0,0.5,2.5,0,1,2,0,-329.256,0.930318,347.073,1.02741,2385.62
2653,100,0.1,0.2,100,100,500,16,1,0,0.5,2.5,0,1,3,0,0.0225731,0.931647,1.0272,1.0078,140.932
2654,100,0.1,0.2,100,100,500,16,1,0,0.5,2.5,0,3,1,0,-122.145,0.921843,126.23,1.33205,2315.31
2654,100,0.1,0.2,100,100,500,16,1,0,0.5,2.5,0,3,2,0,-14.9998,0.927968,16.4006,1.22766,2287.41
2654,100,0.1,0.2,100,100,500,16,1,0,0.5,2.5,0,3,3,0,0.0302154,0.943061,0.994078,0.970421,126.215
2655,100,0.1,0.2,100,100,500,16,1,0,0.5,2.5,0,0,1,0,-32.3485,0.935861,38.4735,0.998138,4820.07
2655,100,0.1,0.2,100,100,500,16,1,0,0.5,2.5,0,0,2,0,-2223.98,0.927378,2566.92,1.13015,4845.81
2655,100,0.1,0.2,100,100,500,16,1,0,0.5,2.5,0,0,3,0,0.0272714,0.931145,1.12222,1.07153,196.448
2656,100,0.1,0.2,100,100,500,16,1,0,0.5,2.5,0,2,1,0,-7.63064,0.942887,7.52494,0.730479,5326.38
2656,100,0.1,0.2,100,100,500,16,1,0,0.5,2.5,0,2,2,0,-11.4813,0.939228,10.8823,0.777279,6520.73
2656,100,0.1,0.2,100,100,500,16,1,0,0.5,2.5,0,2,3,0,0.0344859,0.936504,0.84182,0.812117,168.127
2657,100,0.1,0.2,100,100,500,16,1,0.1,0,2.5,1,1,1,0,-305.244,0.989761,30.9221,0.0123337,734.839
2657,100,0.1,0.2,100,100,500,16,1,0.1,0,2.5,1,1,2,0,-156.778,0.945621,15.9311,0.0655016,630.361
2657,100,0.1,0.2,100,100,500,16,1,0.1,0,2.5,1,1,3,0,0.884171,0.991423,0.0116955,0.0103313,84.9897
2658,100,0.1,0.2,100,100,500,16,1,0.1,0,2.5,1,3,1,0,-182.147,0.964182,8.85436,0.0404667,416.698
2658,100,0.1,0.2,100,100,500,16,1,0.1,0,2.5,1,3,2,0,-15.4244,0.990412,0.794048,0.0108328,530.225
2658,100,0.1,0.2,100,100,500,16,1,0.1,0,2.5,1,3,3,0,0.799877,0.992027,0.00967508,0.00900736,85.1981
2659,100,0.1,0.2,100,100,500,16,1,0.1,0,2.5,1,0,1,0,-10.7186,0.990934,0.600283,0.0101747,721.208
2659,100,0.1,0.2,100,100,500,16,1,0.1,0,2.5,1,0,2,0,-4.82194,0.991624,0.298228,0.00940025,718.449
2659,100,0.1,0.2,100,100,500,16,1,0.1,0,2.5,1,0,3,0,0.810113,0.991841,0.00972694,0.00915666,83.9218
2660,100,0.1,0.2,100,100,500,16,1,0.1,0,2.5,1,2,1,0,-38.2451,0.989349,0.48511,0.0129536,719.467
2660,100,0.1,0.2,100,100,500,16,1,0.1,0,2.5,1,2,2,0,-24.7621,0.991795,0.318447,0.00997909,728.145
2660,100,0.1,0.2,100,100,500,16,1,0.1,0,2.5,1,2,3,0,0.187773,0.991954,0.01004,0.00978578,84.9071
2661,100,0.1,0.2,100,100,500,16,1,0.1,0,2.5,0,1,1,0,-3439.28,0.971989,704.829,0.032925,520.754
2661,100,0.1,0.2,100,100,500,16,1,0.1,0,2.5,0,1,2,0,-2.20252,0.985014,0.656118,0.0176151,523.211
2661,100,0.1,0.2,100,100,500,16,1,0.1,0,2.5,0,1,3,0,0.942879,0.99199,0.0117027,0.00941481,83.1224
2662,100,0.1,0.2,100,100,500,16,1,0.1,0,2.5,0,3,1,0,-0.439302,0.982641,0.228314,0.0197944,499.452
2662,100,0.1,0.2,100,100,500,16,1,0.1,0,2.5,0,3,2,0,-8.52987,0.989088,1.51171,0.0124432,383.472
2662,100,0.1,0.2,100,100,500,16,1,0.1,0,2.5,0,3,3,0,0.925924,0.99145,0.0117506,0.00974965,78.45
2663,100,0.1,0.2,100,100,500,16,1,0.1,0,2.5,0,0,1,0,-0.445039,0.982677,0.0754555,0.0195648,662.92
2663,100,0.1,0.2,100,100,500,16,1,0.1,0,2.5,0,0,2,0,-9.5263,0.991284,0.549651,0.00984365,663.669
2663,100,0.1,0.2,100,100,500,16,1,0.1,0,2.5,0,0,3,0,0.822152,0.992428,0.00928669,0.00855137,76.5839
2664,100,0.1,0.2,100,100,500,16,1,0.1,0,2.5,0,2,1,0,-10.391,0.990436,0.245389,0.0116165,656.206
2664,100,0.1,0.2,100,100,500,16,1,0.1,0,2.5,0,2,2,0,-20.4061,0.991455,0.461139,0.0103793,662.794
2664,100,0.1,0.2,100,100,500,16,1,0.1,0,2.5,0,2,3,0,0.529015,0.992028,0.0101461,0.00968281,51.3616
2665,100,0.1,0.2,100,100,500,16,1,0.1,0.1,2.5,1,1,1,0,-0.841019,0.938519,1.24834,0.63438,1441.18
2665,100,0.1,0.2,100,100,500,16,1,0.1,0.1,2.5,1,1,2,0,-267.662,0.936213,182.171,0.658176,1437.39
2665,100,0.1,0.2,100,100,500,16,1,0.1,0.1,2.5,1,1,3,0,-0.00909445,0.938578,0.684236,0.633775,128.715
2666,100,0.1,0.2,100,100,500,16,1,0.1,0.1,2.5,1,3,1,0,-18.8177,0.940379,14.2206,0.600505,1626.09
2666,100,0.1,0.2,100,100,500,16,1,0.1,0.1,2.5,1,3,2,0,-18.8177,0.940379,14.2206,0.600505,1621.17
2666,100,0.1,0.2,100,100,500,16,1,0.1,0.1,2.5,1,3,3,0,-0.00920761,0.928767,0.724177,0.717463,102.141
2667,100,0.1,0.2,100,100,500,16,1,0.1,0.1,2.5,1,0,1,0,-17.4817,0.93634,10.7303,0.662875,1748.68
2667,100,0.1,0.2,100,100,500,16,1,0.1,0.1,2.5,1,0,2,0,-28.2058,0.935525,16.9566,0.671361,1973.4
2667,100,0.1,0.2,100,100,500,16,1,0.1,0.1,2.5,1,0,3,0,0.0655325,0.954148,0.542541,0.47744,102.184
2668,100,0.1,0.2,100,100,500,16,1,0.1,0.1,2.5,1,2,1,0,-29.4281,0.921265,22.2776,0.816538,4122.41
2668,100,0.1,0.2,100,100,500,16,1,0.1,0.1,2.5,1,2,2,0,-182.847,0.943004,134.602,0.591092,4109.16
2668,100,0.1,0.2,100,100,500,16,1,0.1,0.1,2.5,1,2,3,0,-0.0128866,0.930713,0.741576,0.718559,111.061
2669,100,0.1,0.2,100,100,500,16,1,0.1,0.1,2.5,0,1,1,0,-31326.8,0.929039,4930.81,0.293262,1246.87
2669,100,0.1,0.2,100,100,500,16,1,0.1,0.1,2.5,0,1,2,0,-31326.8,0.929039,4930.81,0.293262,1241.63
2669,100,0.1,0.2,100,100,500,16,1,0.1,0.1,2.5,0,1,3,0,0.0397724,0.963979,0.151134,0.148865,1242.64
2670,100,0.1,0.2,100,100,500,16,1,0.1,0.1,2.5,0,3,1,0,-67.0682,0.935095,11.9303,0.242416,934.688
2670,100,0.1,0.2,100,100,500,16,1,0.1,0.1,2.5,0,3,2,0,-67.0682,0.935095,11.9303,0.242416,932.205
2670,100,0.1,0.2,100,100,500,16,1,0.1,0.1,2.5,0,3,3,0,0.0929727,0.958699,0.158975,0.154259,83.0879
2671,100,0.1,0.2,100,100,500,16,1,0.1,0.1,2.5,0,0,1,0,-90.6044,0.95819,35.1179,0.172608,1670.2
2671,100,0.1,0.2,100,100,500,16,1,0.1,0.1,2.5,0,0,2,0,-16.6105,0.950215,6.75124,0.205532,1662.44
2671,100,0.1,0.2,100,100,500,16,1,0.1,0.1,2.5,0,0,3,0,0.267947,0.94348,0.280643,0.233337,137.699
2672,100,0.1,0.2,100,100,500,16,1,0.1,0.1,2.5,0,2,1,0,-325.729,0.948198,70.8793,0.210171,1901.51
2672,100,0.1,0.2,100,100,500,16,1,0.1,0.1,2.5,0,2,2,0,-5.27645,0.949227,1.36159,0.205993,1322.72
2672,100,0.1,0.2,100,100,500,16,1,0.1,0.1,2.5,0,2,3,0,0.10572,0.954108,0.194002,0.186192,102.729
2673,100,0.1,0.2,100,100,500,16,1,0.1,0.3,2.5,1,1,1,0,-112.687,0.928108,205.12,2.10933,2486.02
2673,100,0.1,0.2,100,100,500,16,1,0.1,0.3,2.5,1,1,2,0,-7645.65,0.938599,13796.5,1.80153,2479.5
2673,100,0.1,0.2,100,100,500,16,1,0.1,0.3,2.5,1,1,3,0,0.0907082,0.948695,1.64059,1.50531,203.685
2674,100,0.1,0.2,100,100,500,16,1,0.1,0.3,2.5,1,3,1,0,-1768.18,0.93568,3125.55,1.83997,2472.85
2674,100,0.1,0.2,100,100,500,16,1,0.1,0.3,2.5,1,3,2,0,-648.897,0.938368,1148.15,1.76308,2480.14
2674,100,0.1,0.2,100,100,500,16,1,0.1,0.3,2.5,1,3,3,0,0.0138381,0.939841,1.74222,1.72094,128.379
2675,100,0.1,0.2,100,100,500,16,1,0.1,0.3,2.5,1,0,1,0,-457800,0.933548,632821,1.37167,5664.9
2675,100,0.1,0.2,100,100,500,16,1,0.1,0.3,2.5,1,0,2,0,-424.52,0.939417,588.199,1.25053,5779.21
2675,100,0.1,0.2,100,100,500,16,1,0.1,0.3,2.5,1,0,3,0,0.0395079,0.944106,1.32769,1.15374,276.432
2676,100,0.1,0.2,100,100,500,16,1,0.1,0.3,2.5,1,2,1,0,-228.745,0.931813,350.832,1.70353,7102.29
2676,100,0.1,0.2,100,100,500,16,1,0.1,0.3,2.5,1,2,2,0,-20.1468,0.939161,32.2921,1.51994,5742.55
2676,100,0.1,0.2,100,100,500,16,1,0.1,0.3,2.5,1,2,3,0,-0.00332805,0.939452,1.53213,1.51268,153.485
2677,100,0.1,0.2,100,100,500,16,1,0.1,0.3,2.5,0,1,1,0,-3432.48,0.946377,2269.87,0.491762,1934.58
2677,100,0.1,0.2,100,100,500,16,1,0.1,0.3,2.5,0,1,2,0,-172.291,0.932084,114.562,0.622842,1934.88
2677,100,0.1,0.2,100,100,500,16,1,0.1,0.3,2.5,0,1,3,0,0.0421639,0.934366,0.633225,0.601911,130.738
2678,100,0.1,0.2,100,100,500,16,1,0.1,0.3,2.5,0,3,1,0,-306.942,0.923451,194.855,0.750605,1928.76
2678,100,0.1,0.2,100,100,500,16,1,0.1,0.3,2.5,0,3,2,0,-13152.5,0.919867,8323.06,0.785749,1920.82
2678,100,0.1,0.2,100,100,500,16,1,0.1,0.3,2.5,0,3,3,0,0.0465788,0.941237,0.603293,0.576205,103.643
2679,100,0.1,0.2,100,100,500,16,1,0.1,0.3,2.5,0,0,1,0,-173.718,0.93895,106.498,0.590834,4182.97
2679,100,0.1,0.2,100,100,500,16,1,0.1,0.3,2.5,0,0,2,0,-10.1757,0.937561,6.81209,0.604279,4855.28
2679,100,0.1,0.2,100,100,500,16,1,0.1,0.3,2.5,0,0,3,0,0.0162706,0.938964,0.599626,0.590701,114.618
2680,100,0.1,0.2,100,100,500,16,1,0.1,0.3,2.5,0,2,1,0,-886.802,0.935306,544.544,0.619656,5710.41
2680,100,0.1,0.2,100,100,500,16,1,0.1,0.3,2.5,0,2,2,0,-14.8267,0.93212,9.70752,0.650172,4809.72
2680,100,0.1,0.2,100,100,500,16,1,0.1,0.3,2.5,0,2,3,0,0.0337955,0.940845,0.592633,0.566604,110.801
2681,100,0.1,0.2,100,100,500,16,1,0.1,0.5,2.5,1,1,1,0,-38.6126,0.936136,119.441,3.06265,2954.47
2681,100,0.1,0.2,100,100,500,16,1,0.1,0.5,2.5,1,1,2,0,-8.2373,0.94184,27.8525,2.78911,2767.87
2681,100,0.1,0.2,100,100,500,16,1,0.1,0.5,2.5,1,1,3,0,0.0274979,0.940403,2.93231,2.85803,177.367
2682,100,0.1,0.2,100,100,500,16,1,0.1,0.5,2.5,1,3,1,0,-36.1156,0.933752,82.0526,2.49971,2693.3
2682,100,0.1,0.2,100,100,500,16,1,0.1,0.5,2.5,1,3,2,0,-74.6859,0.937746,167.321,2.34899,2693.28
2682,100,0.1,0.2,100,100,500,16,1,0.1,0.5,2.5,1,3,3,0,0.162137,0.963338,1.85229,1.38334,206.314
2683,100,0.1,0.2,100,100,500,16,1,0.1,0.5,2.5,1,0,1,0,-42.9548,0.927631,124.681,3.35947,6305.86
2683,100,0.1,0.2,100,100,500,16,1,0.1,0.5,2.5,1,0,2,0,-241.583,0.934423,688.1,3.04418,6863.37
2683,100,0.1,0.2,100,100,500,16,1,0.1,0.5,2.5,1,0,3,0,0.0391778,0.943665,2.72543,2.61517,194.416
2684,100,0.1,0.2,100,100,500,16,1,0.1,0.5,2.5,1,2,1,0,-74.7483,0.928564,185.854,2.89924,7604.38
2684,100,0.1,0.2,100,100,500,16,1,0.1,0.5,2.5,1,2,2,0,-49.687,0.935017,124.364,2.63732,6181.19
2684,100,0.1,0.2,100,100,500,16,1,0.1,0.5,2.5,1,2,3,0,0.039936,0.948374,2.35559,2.09526,284.27
2685,100,0.1,0.2,100,100,500,16,1,0.1,0.5,2.5,0,1,1,0,-62.0583,0.913822,53.3427,1.06644,2094.68
2685,100,0.1,0.2,100,100,500,16,1,0.1,0.5,2.5,0,1,2,0,-335.317,0.939741,284.499,0.745692,2110.68
2685,100,0.1,0.2,100,100,500,16,1,0.1,0.5,2.5,0,1,3,0,-0.000911942,0.932227,0.846698,0.838677,157.224
2686,100,0.1,0.2,100,100,500,16,1,0.1,0.5,2.5,0,3,1,0,-62.5636,0.935786,58.0867,0.943538,2339.95
2686,100,0.1,0.2,100,100,500,16,1,0.1,0.5,2.5,0,3,2,0,-62.5636,0.935786,58.0867,0.943538,2423.9
2686,100,0.1,0.2,100,100,500,16,1,0.1,0.5,2.5,0,3,3,0,0.00938093,0.939689,0.905263,0.886196,159.503
2687,100,0.1,0.2,100,100,500,16,1,0.1,0.5,2.5,0,0,1,0,-29.8411,0.949734,22.0525,0.594773,5415.1
2687,100,0.1,0.2,100,100,500,16,1,0.1,0.5,2.5,0,0,2,0,-768.298,0.934355,550.075,0.776745,5254.36
2687,100,0.1,0.2,100,100,500,16,1,0.1,0.5,2.5,0,0,3,0,0.0148923,0.942176,0.704386,0.684209,169.197
2688,100,0.1,0.2,100,100,500,16,1,0.1,0.5,2.5,0,2,1,0,-34.6215,0.942591,35.9369,0.947048,6824.83
2688,100,0.1,0.2,100,100,500,16,1,0.1,0.5,2.5,0,2,2,0,-182.964,0.941327,185.593,0.967915,5310.55
2688,100,0.1,0.2,100,100,500,16,1,0.1,0.5,2.5,0,2,3,0,0.0372471,0.94275,0.971278,0.944425,155.847
2689,100,0.1,0.2,100,100,500,16,1,0.3,0,2.5,1,1,1,0,-16.7828,0.949859,3.00804,0.11949,1341.87
2689,100,0.1,0.2,100,100,500,16,1,0.3,0,2.5,1,1,2,0,-66.7708,0.958497,11.4638,0.0989029,1339.57
2689,100,0.1,0.2,100,100,500,16,1,0.3,0,2.5,1,1,3,0,0.412213,0.962139,0.099427,0.0902257,76.7375
2690,100,0.1,0.2,100,100,500,16,1,0.3,0,2.5,1,3,1,0,-30.6844,0.935462,6.45292,0.161143,1338.66
2690,100,0.1,0.2,100,100,500,16,1,0.3,0,2.5,1,3,2,0,-8.1887,0.956901,1.8714,0.107612,1335.1
2690,100,0.1,0.2,100,100,500,16,1,0.3,0,2.5,1,3,3,0,0.502653,0.963627,0.101291,0.0908183,76.3078
2691,100,0.1,0.2,100,100,500,16,1,0.3,0,2.5,1,0,1,0,-329.591,0.958141,42.3996,0.0920545,2876.88
2691,100,0.1,0.2,100,100,500,16,1,0.3,0,2.5,1,0,2,0,-6.23648,0.954517,0.928106,0.100026,2858.95
2691,100,0.1,0.2,100,100,500,16,1,0.3,0,2.5,1,0,3,0,0.293294,0.961462,0.0906377,0.084751,77.2055
2692,100,0.1,0.2,100,100,500,16,1,0.3,0,2.5,1,2,1,0,-86.6965,0.962124,10.7628,0.0883322,3188.75
2692,100,0.1,0.2,100,100,500,16,1,0.3,0,2.5,1,2,2,0,-20.1692,0.960665,2.59805,0.0917335,3208.84
2692,100,0.1,0.2,100,100,500,16,1,0.3,0,2.5,1,2,3,0,0.252481,0.963479,0.0917411,0.0851707,85.6345
2693,100,0.1,0.2,100,100,500,16,1,0.3,0,2.5,0,1,1,0,-20.8444,0.961087,2.90568,0.0872776,1466.21
2693,100,0.1,0.2,100,100,500,16,1,0.3,0,2.5,0,1,2,0,-12.3256,0.941298,1.77253,0.131664,1493
2693,100,0.1,0.2,100,100,500,16,1,0.3,0,2.5,0,1,3,0,0.271613,0.959321,0.0968879,0.0912393,83.7676
2694,100,0.1,0.2,100,100,500,16,1,0.3,0,2.5,0,3,1,0,-94.16,0.859942,15.0559,0.336637,2597.2
2694,100,0.1,0.2,100,100,500,16,1,0.3,0,2.5,0,3,2,0,-122300,0.875837,19350.1,0.298434,1456.78
2694,100,0.1,0.2,100,100,500,16,1,0.3,0,2.5,0,3,3,0,0.406026,0.96481,0.0939767,0.0845818,84.2565
2695,100,0.1,0.2,100,100,500,16,1,0.3,0,2.5,0,0,1,0,-98.2293,0.963655,12.5009,0.0878276,3139.78
2695,100,0.1,0.2,100,100,500,16,1,0.3,0,2.5,0,0,2,0,-2239.35,0.965456,282.239,0.0834753,3035.27
2695,100,0.1,0.2,100,100,500,16,1,0.3,0,2.5,0,0,3,0,0.302109,0.965686,0.0879205,0.0829194,76.8938
2696,100,0.1,0.2,100,100,500,16,1,0.3,0,2.5,0,2,1,0,-3.07831,0.95845,0.563412,0.0999737,2864.32
2696,100,0.1,0.2,100,100,500,16,1,0.3,0,2.5,0,2,2,0,-13.9207,0.963721,2.06127,0.0872915,2880.73
2696,100,0.1,0.2,100,100,500,16,1,0.3,0,2.5,0,2,3,0,0.328658,0.963936,0.0927448,0.086773,76.4608
2697,100,0.1,0.2,100,100,500,16,1,0.3,0.1,2.5,1,1,1,0,-9343.65,0.931311,5169.5,0.763633,1860.48
2697,100,0.1,0.2,100,100,500,16,1,0.3,0.1,2.5,1,1,2,0,-21898.5,0.926141,12114.9,0.82111,1837.68
2697,100,0.1,0.2,100,100,500,16,1,0.3,0.1,2.5,1,1,3,0,-0.011691,0.951378,0.559672,0.540539,129.299
2698,100,0.1,0.2,100,100,500,16,1,0.3,0.1,2.5,1,3,1,0,-299.042,0.93594,189.616,0.747017,1919.17
2698,100,0.1,0.2,100,100,500,16,1,0.3,0.1,2.5,1,3,2,0,-229.131,0.927104,145.435,0.850058,1942.65
2698,100,0.1,0.2,100,100,500,16,1,0.3,0.1,2.5,1,3,3,0,-0.00287018,0.946119,0.63378,0.628327,114.534
2699,100,0.1,0.2,100,100,500,16,1,0.3,0.1,2.5,1,0,1,0,-73.8785,0.939324,43.6893,0.622252,4457.73
2699,100,0.1,0.2,100,100,500,16,1,0.3,0.1,2.5,1,0,2,0,-50.2691,0.946138,29.9139,0.552374,4072.61
2699,100,0.1,0.2,100,100,500,16,1,0.3,0.1,2.5,1,0,3,0,0.0116317,0.945414,0.576683,0.559802,85.1199
2700,100,0.1,0.2,100,100,500,16,1,0.3,0.1,2.5,1,2,1,0,-129.726,0.931777,85.8114,0.807174,5697.68
2700,100,0.1,0.2,100,100,500,16,1,0.3,0.1,2.5,1,2,2,0,-33.1904,0.943583,22.4434,0.66749,4548.76
2700,100,0.1,0.2,100,100,500,16,1,0.3,0.1,2.5,1,2,3,0,0.0183946,0.945886,0.644349,0.640244,101.306
2701,100,0.1,0.2,100,100,500,16,1,0.3,0.1,2.5,0,1,1,0,-19.1114,0.908428,7.26955,0.504192,1526.5
2701,100,0.1,0.2,100,100,500,16,1,0.3,0.1,2.5,0,1,2,0,-116.324,0.884884,42.4084,0.633824,1626.78
2701,100,0.1,0.2,100,100,500,16,1,0.3,0.1,2.5,0,1,3,0,0.0341317,0.938327,0.349126,0.339568,103.315
2702,100,0.1,0.2,100,100,500,16,1,0.3,0.1,2.5,0,3,1,0,-18.7674,0.94685,6.56043,0.284194,1545.81
2702,100,0.1,0.2,100,100,500,16,1,0.3,0.1,2.5,0,3,2,0,-139.183,0.95071,46.5242,0.263557,1627.42
2702,100,0.1,0.2,100,100,500,16,1,0.3,0.1,2.5,0,3,3,0,0.111681,0.947961,0.294816,0.278256,102.907
2703,100,0.1,0.2,100,100,500,16,1,0.3,0.1,2.5,0,0,1,0,-8895.09,0.940675,2748.28,0.323191,3568.84
2703,100,0.1,0.2,100,100,500,16,1,0.3,0.1,2.5,0,0,2,0,-1660.47,0.948672,513.278,0.279629,3783.9
2703,100,0.1,0.2,100,100,500,16,1,0.3,0.1,2.5,0,0,3,0,0.0526714,0.948343,0.292659,0.28142,138.633
2704,100,0.1,0.2,100,100,500,16,1,0.3,0.1,2.5,0,2,1,0,-15.6145,0.948738,7.36531,0.28464,3912.84
2704,100,0.1,0.2,100,100,500,16,1,0.3,0.1,2.5,0,2,2,0,-6.67937,0.90701,3.40431,0.516346,3947.05
2704,100,0.1,0.2,100,100,500,16,1,0.3,0.1,2.5,0,2,3,0,0.208973,0.946045,0.350667,0.299596,138.628
2705,100,0.1,0.2,100,100,500,16,1,0.3,0.3,2.5,1,1,1,0,-3995.89,0.91422,6864.17,2.51083,4251.43
2705,100,0.1,0.2,100,100,500,16,1,0.3,0.3,2.5,1,1,2,0,-261.837,0.940308,451.39,1.74722,3081.69
2705,100,0.1,0.2,100,100,500,16,1,0.3,0.3,2.5,1,1,3,0,0.0202591,0.943451,1.68258,1.65521,157.087
2706,100,0.1,0.2,100,100,500,16,1,0.3,0.3,2.5,1,3,1,0,-6.19958,0.941116,9.59939,1.36834,3022.14
2706,100,0.1,0.2,100,100,500,16,1,0.3,0.3,2.5,1,3,2,0,-7.8042,0.915508,11.7389,1.96342,2685.67
2706,100,0.1,0.2,100,100,500,16,1,0.3,0.3,2.5,1,3,3,0,0.0492582,0.949179,1.26765,1.18096,231.873
2707,100,0.1,0.2,100,100,500,16,1,0.3,0.3,2.5,1,0,1,0,-129.506,0.939896,262.119,1.80164,6058.08
2707,100,0.1,0.2,100,100,500,16,1,0.3,0.3,2.5,1,0,2,0,-151.797,0.933521,306.89,1.99273,5971.94
2707,100,0.1,0.2,100,100,500,16,1,0.3,0.3,2.5,1,0,3,0,0.0497206,0.938723,1.90862,1.83678,134.1
2708,100,0.1,0.2,100,100,500,16,1,0.3,0.3,2.5,1,2,1,0,-21108.1,0.935509,36529.4,1.9373,5917.05
2708,100,0.1,0.2,100,100,500,16,1,0.3,0.3,2.5,1,2,2,0,-116.897,0.940945,204.021,1.77401,7391.3
2708,100,0.1,0.2,100,100,500,16,1,0.3,0.3,2.5,1,2,3,0,0.0693015,0.949863,1.61058,1.50612,191.738
2709,100,0.1,0.2,100,100,500,16,1,0.3,0.3,2.5,0,1,1,0,-118.38,0.935592,93.325,0.730181,2301.28
2709,100,0.1,0.2,100,100,500,16,1,0.3,0.3,2.5,0,1,2,0,-1886.11,0.940295,1475.24,0.676867,2306.1
2709,100,0.1,0.2,100,100,500,16,1,0.3,0.3,2.5,0,1,3,0,0.0317984,0.935048,0.756889,0.736348,140.396
2710,100,0.1,0.2,100,100,500,16,1,0.3,0.3,2.5,0,3,1,0,-11.6145,0.934526,9.05526,0.764917,2159
2710,100,0.1,0.2,100,100,500,16,1,0.3,0.3,2.5,0,3,2,0,-95.683,0.927435,69.4035,0.847754,2119.05
2710,100,0.1,0.2,100,100,500,16,1,0.3,0.3,2.5,0,3,3,0,0.0173637,0.941682,0.705381,0.681307,155.65
2711,100,0.1,0.2,100,100,500,16,1,0.3,0.3,2.5,0,0,1,0,-829.09,0.93071,506.02,0.777674,4389.36
2711,100,0.1,0.2,100,100,500,16,1,0.3,0.3,2.5,0,0,2,0,-70.6262,0.931007,43.6631,0.774346,4379.07
2711,100,0.1,0.2,100,100,500,16,1,0.3,0.3,2.5,0,0,3,0,0.0191828,0.947957,0.597903,0.5841,127.767
2712,100,0.1,0.2,100,100,500,16,1,0.3,0.3,2.5,0,2,1,0,-26.2259,0.93305,20.7268,0.791852,4674.73
2712,100,0.1,0.2,100,100,500,16,1,0.3,0.3,2.5,0,2,2,0,-43020.1,0.927836,32751.6,0.853521,4887.45
2712,100,0.1,0.2,100,100,500,16,1,0.3,0.3,2.5,0,2,3,0,0.0110574,0.937513,0.752873,0.739074,167.213
2713,100,0.1,0.2,100,100,500,16,1,0.3,0.5,2.5,1,1,1,0,-108.585,0.937744,274.112,2.26466,4218.69
2713,100,0.1,0.2,100,100,500,16,1,0.3,0.5,2.5,1,1,2,0,-123.862,0.923859,312.325,2.76974,3084.47
2713,100,0.1,0.2,100,100,500,16,1,0.3,0.5,2.5,1,1,3,0,0.00569811,0.93606,2.4871,2.32593,363.429
2714,100,0.1,0.2,100,100,500,16,1,0.3,0.5,2.5,1,3,1,0,-5.32733,0.921384,19.3313,3.91647,3185.66
2714,100,0.1,0.2,100,100,500,16,1,0.3,0.5,2.5,1,3,2,0,-1682.52,0.936393,5143.5,3.16875,2952.8
2714,100,0.1,0.2,100,100,500,16,1,0.3,0.5,2.5,1,3,3,0,0.0813264,0.956784,2.80674,2.15294,258.554
2715,100,0.1,0.2,100,100,500,16,1,0.3,0.5,2.5,1,0,1,0,-209.525,0.939095,396.933,1.81592,5710
2715,100,0.1,0.2,100,100,500,16,1,0.3,0.5,2.5,1,0,2,0,-273.554,0.932022,517.655,2.02678,5716.66
2715,100,0.1,0.2,100,100,500,16,1,0.3,0.5,2.5,1,0,3,0,-0.000509536,0.943765,1.8864,1.67667,385.581
2716,100,0.1,0.2,100,100,500,16,1,0.3,0.5,2.5,1,2,1,0,-18.8688,0.954234,59.2123,2.14183,6828.01
2716,100,0.1,0.2,100,100,500,16,1,0.3,0.5,2.5,1,2,2,0,-62.912,0.944254,190.468,2.60892,7864.63
2716,100,0.1,0.2,100,100,500,16,1,0.3,0.5,2.5,1,2,3,0,0.0503737,0.944455,2.83005,2.59952,254.52
2717,100,0.1,0.2,100,100,500,16,1,0.3,0.5,2.5,0,1,1,0,-1.38438,0.929419,2.29069,1.11446,2632.96
2717,100,0.1,0.2,100,100,500,16,1,0.3,0.5,2.5,0,1,2,0,-15.5712,0.933566,15.92,1.04898,2460.59
2717,100,0.1,0.2,100,100,500,16,1,0.3,0.5,2.5,0,1,3,0,0.0342506,0.94358,0.9278,0.890855,153.622
2718,100,0.1,0.2,100,100,500,16,1,0.3,0.5,2.5,0,3,1,0,-4.59704,0.947446,6.51027,0.931647,2410.74
2718,100,0.1,0.2,100,100,500,16,1,0.3,0.5,2.5,0,3,2,0,-387.942,0.932342,452.403,1.19939,2415.85
2718,100,0.1,0.2,100,100,500,16,1,0.3,0.5,2.5,0,3,3,0,0.0186967,0.937118,1.14142,1.11473,165.263
2719,100,0.1,0.2,100,100,500,16,1,0.3,0.5,2.5,0,0,1,0,-231.47,0.911544,273.199,1.58215,5045.94
2719,100,0.1,0.2,100,100,500,16,1,0.3,0.5,2.5,0,0,2,0,-3.55744e+07,0.92467,4.18071e+07,1.34737,5387.88
2719,100,0.1,0.2,100,100,500,16,1,0.3,0.5,2.5,0,0,3,0,0.0360838,0.938933,1.1328,1.09226,145.33
2720,100,0.1,0.2,100,100,500,16,1,0.3,0.5,2.5,0,2,1,0,-65.8331,0.936649,75.1068,1.14452,5855.52
2720,100,0.1,0.2,100,100,500,16,1,0.3,0.5,2.5,0,2,2,0,-5.04021,0.941679,6.78796,1.05364,5610.28
2720,100,0.1,0.2,100,100,500,16,1,0.3,0.5,2.5,0,2,3,0,0.0207617,0.940161,1.10046,1.08108,168.34
2721,100,0.1,0.2,100,100,500,16,1,0.5,0,2.5,1,1,1,0,-2390.06,0.937011,554.272,0.294929,1978.51
2721,100,0.1,0.2,100,100,500,16,1,0.5,0,2.5,1,1,2,0,-185.031,0.89082,43.124,0.511204,1973.92
2721,100,0.1,0.2,100,100,500,16,1,0.5,0,2.5,1,1,3,0,0.0219206,0.952577,0.226729,0.222044,110.72
2722,100,0.1,0.2,100,100,500,16,1,0.5,0,2.5,1,3,1,0,-240.13,0.920611,66.1373,0.371845,1993.36
2722,100,0.1,0.2,100,100,500,16,1,0.5,0,2.5,1,3,2,0,-221.082,0.920417,60.9127,0.372753,2122.97
2722,100,0.1,0.2,100,100,500,16,1,0.5,0,2.5,1,3,3,0,0.0859886,0.949325,0.250696,0.237351,113.87
2723,100,0.1,0.2,100,100,500,16,1,0.5,0,2.5,1,0,1,0,-89.3257,0.946757,24.4095,0.256762,5317.5
2723,100,0.1,0.2,100,100,500,16,1,0.5,0,2.5,1,0,2,0,-7065.37,0.94508,1909.61,0.264849,4083.71
2723,100,0.1,0.2,100,100,500,16,1,0.5,0,2.5,1,0,3,0,0.128157,0.954554,0.235606,0.219162,113.689
2724,100,0.1,0.2,100,100,500,16,1,0.5,0,2.5,1,2,1,0,-232.131,0.943833,65.8134,0.269463,3953.82
2724,100,0.1,0.2,100,100,500,16,1,0.5,0,2.5,1,2,2,0,-18.7325,0.950773,5.57054,0.236169,4068.24
2724,100,0.1,0.2,100,100,500,16,1,0.5,0,2.5,1,2,3,0,0.0912626,0.950202,0.256539,0.238908,107.305
2725,100,0.1,0.2,100,100,500,16,1,0.5,0,2.5,0,1,1,0,-373.663,0.900657,101.483,0.468978,2015.94
2725,100,0.1,0.2,100,100,500,16,1,0.5,0,2.5,0,1,2,0,-2494.49,0.91419,675.936,0.405093,1932.77
2725,100,0.1,0.2,100,100,500,16,1,0.5,0,2.5,0,1,3,0,0.0380309,0.946508,0.260562,0.252528,134.703
2726,100,0.1,0.2,100,100,500,16,1,0.5,0,2.5,0,3,1,0,-3088.08,0.941145,813.392,0.27947,1896.01
2726,100,0.1,0.2,100,100,500,16,1,0.5,0,2.5,0,3,2,0,-257.178,0.941665,67.9816,0.277,2032.53
2726,100,0.1,0.2,100,100,500,16,1,0.5,0,2.5,0,3,3,0,0.0403587,0.948569,0.252686,0.244216,89.5846
2727,100,0.1,0.2,100,100,500,16,1,0.5,0,2.5,0,0,1,0,-5.68944,0.934574,1.92017,0.320876,4773.49
2727,100,0.1,0.2,100,100,500,16,1,0.5,0,2.5,0,0,2,0,-310.398,0.941143,89.3852,0.288659,4224.56
2727,100,0.1,0.2,100,100,500,16,1,0.5,0,2.5,0,0,3,0,0.159134,0.953859,0.241366,0.226293,114.382
2728,100,0.1,0.2,100,100,500,16,1,0.5,0,2.5,0,2,1,0,-21.58,0.938326,5.71726,0.289966,5211.85
2728,100,0.1,0.2,100,100,500,16,1,0.5,0,2.5,0,2,2,0,-459.951,0.941234,116.713,0.276296,4358.67
2728,100,0.1,0.2,100,100,500,16,1,0.5,0,2.5,0,2,3,0,0.0433559,0.949512,0.242223,0.237374,117.046
2729,100,0.1,0.2,100,100,500,16,1,0.5,0.1,2.5,1,1,1,0,-18.1889,0.934766,15.0143,0.855078,2200.98
2729,100,0.1,0.2,100,100,500,16,1,0.5,0.1,2.5,1,1,2,0,-0.634757,0.94136,1.27911,0.768654,2111.31
2729,100,0.1,0.2,100,100,500,16,1,0.5,0.1,2.5,1,1,3,0,0.0160076,0.943222,0.769923,0.74424,132.319
2730,100,0.1,0.2,100,100,500,16,1,0.5,0.1,2.5,1,3,1,0,-199.67,0.934417,174.163,0.924733,2194.59
2730,100,0.1,0.2,100,100,500,16,1,0.5,0.1,2.5,1,3,2,0,-49.6777,0.937105,43.9836,0.886843,2182.78
2730,100,0.1,0.2,100,100,500,16,1,0.5,0.1,2.5,1,3,3,0,0.00248619,0.939274,0.865752,0.856253,127.306
2731,100,0.1,0.2,100,100,500,16,1,0.5,0.1,2.5,1,0,1,0,-48.1331,0.938894,36.5045,0.816386,4625.79
2731,100,0.1,0.2,100,100,500,16,1,0.5,0.1,2.5,1,0,2,0,-5848.52,0.935842,4346.03,0.857161,4834.56
2731,100,0.1,0.2,100,100,500,16,1,0.5,0.1,2.5,1,0,3,0,0.0184644,0.947061,0.729253,0.707276,113.834
2732,100,0.1,0.2,100,100,500,16,1,0.5,0.1,2.5,1,2,1,0,-208496,0.943596,155007,0.763305,5088.76
2732,100,0.1,0.2,100,100,500,16,1,0.5,0.1,2.5,1,2,2,0,-1723.13,0.938511,1281.8,0.832114,6188.23
2732,100,0.1,0.2,100,100,500,16,1,0.5,0.1,2.5,1,2,3,0,0.00468179,0.947334,0.739968,0.712715,142.101
2733,100,0.1,0.2,100,100,500,16,1,0.5,0.1,2.5,0,1,1,0,-200.299,0.814977,71.8657,1.34867,2091.08
2733,100,0.1,0.2,100,100,500,16,1,0.5,0.1,2.5,0,1,2,0,-58.417,0.93667,21.2124,0.461624,2120.07
2733,100,0.1,0.2,100,100,500,16,1,0.5,0.1,2.5,0,1,3,0,0.0621134,0.955878,0.334834,0.321613,105.011
2734,100,0.1,0.2,100,100,500,16,1,0.5,0.1,2.5,0,3,1,0,-276.368,0.897126,117.608,0.828339,2021.75
2734,100,0.1,0.2,100,100,500,16,1,0.5,0.1,2.5,0,3,2,0,-13170.2,0.931434,5584.76,0.552088,1913.1
2734,100,0.1,0.2,100,100,500,16,1,0.5,0.1,2.5,0,3,3,0,0.0290029,0.950253,0.411717,0.400557,101.375
2735,100,0.1,0.2,100,100,500,16,1,0.5,0.1,2.5,0,0,1,0,-4.92621,0.942778,3.19853,0.439108,4190.92
2735,100,0.1,0.2,100,100,500,16,1,0.5,0.1,2.5,0,0,2,0,-128.004,0.933101,69.6269,0.513372,4204.69
2735,100,0.1,0.2,100,100,500,16,1,0.5,0.1,2.5,0,0,3,0,0.0686163,0.938681,0.502693,0.470546,140.727
2736,100,0.1,0.2,100,100,500,16,1,0.5,0.1,2.5,0,2,1,0,-40.1009,0.941961,20.3107,0.431882,4566.66
2736,100,0.1,0.2,100,100,500,16,1,0.5,0.1,2.5,0,2,2,0,-33.8262,0.944906,17.2099,0.409971,4570.4
2736,100,0.1,0.2,100,100,500,16,1,0.5,0.1,2.5,0,2,3,0,0.0592616,0.941197,0.464882,0.437568,139.306
2737,100,0.1,0.2,100,100,500,16,1,0.5,0.3,2.5,1,1,1,0,-21.8013,0.937716,43.2026,1.87241,4141.61
2737,100,0.1,0.2,100,100,500,16,1,0.5,0.3,2.5,1,1,2,0,-307087,0.936317,581854,1.91447,2816.63
2737,100,0.1,0.2,100,100,500,16,1,0.5,0.3,2.5,1,1,3,0,0.00768534,0.938125,1.88018,1.86014,170.026
2738,100,0.1,0.2,100,100,500,16,1,0.5,0.3,2.5,1,3,1,0,-226.791,0.944625,438.337,1.77633,2918.7
2738,100,0.1,0.2,100,100,500,16,1,0.5,0.3,2.5,1,3,2,0,-29.2486,0.905311,58.2072,3.03747,2678.29
2738,100,0.1,0.2,100,100,500,16,1,0.5,0.3,2.5,1,3,3,0,0.0681535,0.948955,1.79314,1.63743,261.19
2739,100,0.1,0.2,100,100,500,16,1,0.5,0.3,2.5,1,0,1,0,-14.1449,0.938733,33.0775,1.89501,5717.54
2739,100,0.1,0.2,100,100,500,16,1,0.5,0.3,2.5,1,0,2,0,-693.78,0.939028,1517.44,1.88589,5709.62
2739,100,0.1,0.2,100,100,500,16,1,0.5,0.3,2.5,1,0,3,0,0.0318709,0.934002,2.11446,2.04133,193.136
2740,100,0.1,0.2,100,100,500,16,1,0.5,0.3,2.5,1,2,1,0,-38.9448,0.920377,74.919,2.34246,6116.16
2740,100,0.1,0.2,100,100,500,16,1,0.5,0.3,2.5,1,2,2,0,-81.424,0.942978,154.591,1.67754,7108.69
2740,100,0.1,0.2,100,100,500,16,1,0.5,0.3,2.5,1,2,3,0,0.0158743,0.938897,1.84579,1.79761,197.174
2741,100,0.1,0.2,100,100,500,16,1,0.5,0.3,2.5,0,1,1,0,-115.406,0.89813,83.3315,1.24692,2358.61
2741,100,0.1,0.2,100,100,500,16,1,0.5,0.3,2.5,0,1,2,0,-1.90331,0.941612,2.07839,0.714686,2382.49
2741,100,0.1,0.2,100,100,500,16,1,0.5,0.3,2.5,0,1,3,0,0.016181,0.944104,0.704286,0.68418,171.988
2742,100,0.1,0.2,100,100,500,16,1,0.5,0.3,2.5,0,3,1,0,-12.8103,0.943888,12.6346,0.755593,2351.72
2742,100,0.1,0.2,100,100,500,16,1,0.5,0.3,2.5,0,3,2,0,-370.018,0.920982,339.433,1.06405,2198.91
2742,100,0.1,0.2,100,100,500,16,1,0.5,0.3,2.5,0,3,3,0,0.010406,0.934231,0.90535,0.885638,154.842
2743,100,0.1,0.2,100,100,500,16,1,0.5,0.3,2.5,0,0,1,0,-910.393,0.938074,849.914,0.86293,4984.49
2743,100,0.1,0.2,100,100,500,16,1,0.5,0.3,2.5,0,0,2,0,-783.541,0.921978,731.618,1.08722,4733.68
2743,100,0.1,0.2,100,100,500,16,1,0.5,0.3,2.5,0,0,3,0,0.0237502,0.936654,0.910395,0.882704,131.775
2744,100,0.1,0.2,100,100,500,16,1,0.5,0.3,2.5,0,2,1,0,-141.631,0.943036,132.853,0.779364,5150.61
2744,100,0.1,0.2,100,100,500,16,1,0.5,0.3,2.5,0,2,2,0,-15049.3,0.917637,14018.5,1.12687,5136.14
2744,100,0.1,0.2,100,100,500,16,1,0.5,0.3,2.5,0,2,3,0,0.0328643,0.935803,0.900834,0.878323,178.205
2745,100,0.1,0.2,100,100,500,16,1,0.5,0.5,2.5,1,1,1,0,-451.071,0.93353,1539.28,3.30071,4392.77
2745,100,0.1,0.2,100,100,500,16,1,0.5,0.5,2.5,1,1,2,0,-25.7967,0.933561,91.2417,3.29916,3258.46
2745,100,0.1,0.2,100,100,500,16,1,0.5,0.5,2.5,1,1,3,0,0.0255263,0.937567,3.31805,3.10026,294.402
2746,100,0.1,0.2,100,100,500,16,1,0.5,0.5,2.5,1,3,1,0,-2338.82,0.939996,7694.14,3.04844,2935.85
2746,100,0.1,0.2,100,100,500,16,1,0.5,0.5,2.5,1,3,2,0,-5.89191,0.940596,22.663,3.01795,2864.57
2746,100,0.1,0.2,100,100,500,16,1,0.5,0.5,2.5,1,3,3,0,0.0489784,0.947778,3.12729,2.65309,230.969
2747,100,0.1,0.2,100,100,500,16,1,0.5,0.5,2.5,1,0,1,0,-2244.31,0.938485,5240.3,2.50244,6009.07
2747,100,0.1,0.2,100,100,500,16,1,0.5,0.5,2.5,1,0,2,0,-7.25555,0.965792,19.2675,1.39159,6539.22
2747,100,0.1,0.2,100,100,500,16,1,0.5,0.5,2.5,1,0,3,0,0.0873197,0.958509,2.13009,1.68787,260.448
2748,100,0.1,0.2,100,100,500,16,1,0.5,0.5,2.5,1,2,1,0,-16.2515,0.945223,44.1549,2.46121,6738.32
2748,100,0.1,0.2,100,100,500,16,1,0.5,0.5,2.5,1,2,2,0,-19.0933,0.932472,51.4285,3.03413,7846.39
2748,100,0.1,0.2,100,100,500,16,1,0.5,0.5,2.5,1,2,3,0,0.0933264,0.957057,2.32061,1.9295,257.695
2749,100,0.1,0.2,100,100,500,16,1,0.5,0.5,2.5,0,1,1,0,-75.487,0.934406,88.2116,1.28223,2481.85
2749,100,0.1,0.2,100,100,500,16,1,0.5,0.5,2.5,0,1,2,0,-74.4322,0.937499,86.9951,1.22177,2466.56
2749,100,0.1,0.2,100,100,500,16,1,0.5,0.5,2.5,0,1,3,0,0.0179622,0.943452,1.13257,1.1054,152.503
2750,100,0.1,0.2,100,100,500,16,1,0.5,0.5,2.5,0,3,1,0,-24.1802,0.93583,32.3974,1.31577,2475.81
2750,100,0.1,0.2,100,100,500,16,1,0.5,0.5,2.5,0,3,2,0,-62.2358,0.881746,81.3604,2.42474,2477.72
2750,100,0.1,0.2,100,100,500,16,1,0.5,0.5,2.5,0,3,3,0,0.0101831,0.938931,1.27352,1.25218,152.13
2751,100,0.1,0.2,100,100,500,16,1,0.5,0.5,2.5,0,0,1,0,-1037.84,0.938321,1044.14,0.915875,5162.13
2751,100,0.1,0.2,100,100,500,16,1,0.5,0.5,2.5,0,0,2,0,-51.0113,0.940326,52.2767,0.886098,5706.53
2751,100,0.1,0.2,100,100,500,16,1,0.5,0.5,2.5,0,0,3,0,0.0285619,0.936923,0.976396,0.936634,227.242
2752,100,0.1,0.2,100,100,500,16,1,0.5,0.5,2.5,0,2,1,0,-588.582,0.934884,674.201,1.27034,7052.35
2752,100,0.1,0.2,100,100,500,16,1,0.5,0.5,2.5,0,2,2,0,-7.60824,0.941534,9.84373,1.1406,5796.77
2752,100,0.1,0.2,100,100,500,16,1,0.5,0.5,2.5,0,2,3,0,0.024228,0.943823,1.11582,1.09594,179.419
2753,100,0.1,0.2,100,100,500,16,3,0,0,2.5,1,1,1,0,1,1,7.3437e-29,-2.1797e-15,251.585
2753,100,0.1,0.2,100,100,500,16,3,0,0,2.5,1,1,2,0,1,1,8.75922e-29,-2.15683e-15,253.184
2753,100,0.1,0.2,100,100,500,16,3,0,0,2.5,1,1,3,0,1,1,3.51682e-19,-8.03179e-16,77.4649
2754,100,0.1,0.2,100,100,500,16,3,0,0,2.5,1,3,1,0,1,1,1.23539e-28,-4.35874e-16,224.285
2754,100,0.1,0.2,100,100,500,16,3,0,0,2.5,1,3,2,0,1,1,6.89996e-28,1.57208e-16,226.483
2754,100,0.1,0.2,100,100,500,16,3,0,0,2.5,1,3,3,0,1,1,8.62682e-19,2.48059e-16,80.1603
2755,100,0.1,0.2,100,100,500,16,3,0,0,2.5,1,0,1,0,1,1,7.40879e-28,-5.73513e-16,511.87
2755,100,0.1,0.2,100,100,500,16,3,0,0,2.5,1,0,2,0,1,1,1.75325e-28,-2.86859e-15,512.265
2755,100,0.1,0.2,100,100,500,16,3,0,0,2.5,1,0,3,0,1,1,4.8726e-19,8.22776e-16,76.3803
2756,100,0.1,0.2,100,100,500,16,3,0,0,2.5,1,2,1,0,1,1,2.59356e-25,-4.26192e-15,460.669
2756,100,0.1,0.2,100,100,500,16,3,0,0,2.5,1,2,2,0,1,1,1.13015e-26,-3.0248e-15,460.809
2756,100,0.1,0.2,100,100,500,16,3,0,0,2.5,1,2,3,0,1,1,2.5414e-18,4.37882e-16,77.5476
2757,100,0.1,0.2,100,100,500,16,3,0,0,2.5,0,1,1,0,1,1,6.93673e-27,-4.09672e-16,251.559
2757,100,0.1,0.2,100,100,500,16,3,0,0,2.5,0,1,2,0,1,1,2.00947e-26,-6.31398e-16,254.279
2757,100,0.1,0.2,100,100,500,16,3,0,0,2.5,0,1,3,0,1,1,8.38145e-20,-2.35943e-16,78.152
2758,100,0.1,0.2,100,100,500,16,3,0,0,2.5,0,3,1,0,1,1,1.09435e-27,-2.89835e-15,228.36
2758,100,0.1,0.2,100,100,500,16,3,0,0,2.5,0,3,2,0,1,1,2.78583e-28,-3.11621e-15,227.356
2758,100,0.1,0.2,100,100,500,16,3,0,0,2.5,0,3,3,0,1,1,7.57144e-20,6.05777e-16,76.3601
2759,100,0.1,0.2,100,100,500,16,3,0,0,2.5,0,0,1,0,1,1,4.35358e-28,-1.49941e-15,502.346
2759,100,0.1,0.2,100,100,500,16,3,0,0,2.5,0,0,2,0,1,1,5.01773e-28,3.9968e-18,503.804
2759,100,0.1,0.2,100,100,500,16,3,0,0,2.5,0,0,3,0,1,1,5.93841e-20,-1.67533e-16,78.2125
2760,100,0.1,0.2,100,100,500,16,3,0,0,2.5,0,2,1,0,1,1,2.11568e-28,-2.42506e-15,458.472
2760,100,0.1,0.2,100,100,500,16,3,0,0,2.5,0,2,2,0,1,1,2.0621e-30,3.79696e-17,463.107
2760,100,0.1,0.2,100,100,500,16,3,0,0,2.5,0,2,3,0,1,1,8.29405e-20,8.29136e-16,77.3899
2761,100,0.1,0.2,100,100,500,16,3,0,0.1,2.5,1,1,1,0,-22.0673,0.925736,33.9571,2.03154,104.102
2761,100,0.1,0.2,100,100,500,16,3,0,0.1,2.5,1,1,2,0,-22.0673,0.925736,33.9571,2.03154,206.607
2761,100,0.1,0.2,100,100,500,16,3,0,0.1,2.5,1,1,3,0,-0.363606,0.946867,2.00735,1.45349,286.786
2762,100,0.1,0.2,100,100,500,16,3,0,0.1,2.5,1,3,1,0,-26.7203,0.925631,39.0522,1.86697,411.291
2762,100,0.1,0.2,100,100,500,16,3,0,0.1,2.5,1,3,2,0,-26.7203,0.925631,39.0522,1.86697,103.428
2762,100,0.1,0.2,100,100,500,16,3,0,0.1,2.5,1,3,3,0,-0.2748,0.936091,1.79593,1.60439,230.366
2763,100,0.1,0.2,100,100,500,16,3,0,0.1,2.5,1,0,1,0,-24.6781,0.932658,46.6683,1.77845,230.712
2763,100,0.1,0.2,100,100,500,16,3,0,0.1,2.5,1,0,2,0,-214857,0.925546,390491,1.9663,226.399
2763,100,0.1,0.2,100,100,500,16,3,0,0.1,2.5,1,0,3,0,-0.139815,0.928162,2.07154,1.89719,154.624
2764,100,0.1,0.2,100,100,500,16,3,0,0.1,2.5,1,2,1,0,-5.60719,0.927221,11.142,2.01775,1573
2764,100,0.1,0.2,100,100,500,16,3,0,0.1,2.5,1,2,2,0,-54.1362,0.923521,92.979,2.12034,1347.76
2764,100,0.1,0.2,100,100,500,16,3,0,0.1,2.5,1,2,3,0,-0.224673,0.933118,2.06523,1.85427,179.487
2765,100,0.1,0.2,100,100,500,16,3,0,0.1,2.5,0,1,1,0,-158.176,0.941231,124.395,0.679549,515.453
2765,100,0.1,0.2,100,100,500,16,3,0,0.1,2.5,0,1,2,0,-158.176,0.941231,124.395,0.679549,103.654
2765,100,0.1,0.2,100,100,500,16,3,0,0.1,2.5,0,1,3,0,-0.206114,0.940394,0.942569,0.689224,257.564
2766,100,0.1,0.2,100,100,500,16,3,0,0.1,2.5,0,3,1,0,-86.3044,0.944117,52.3202,0.599263,306.914
2766,100,0.1,0.2,100,100,500,16,3,0,0.1,2.5,0,3,2,0,-9910.84,0.929282,5940.02,0.758346,204.283
2766,100,0.1,0.2,100,100,500,16,3,0,0.1,2.5,0,3,3,0,-0.00481534,0.949804,0.602171,0.538278,131.18
2767,100,0.1,0.2,100,100,500,16,3,0,0.1,2.5,0,0,1,0,-43.8205,0.948115,30.5541,0.569624,733.585
2767,100,0.1,0.2,100,100,500,16,3,0,0.1,2.5,0,0,2,0,-122.695,0.945188,84.3228,0.601756,246.873
2767,100,0.1,0.2,100,100,500,16,3,0,0.1,2.5,0,0,3,0,-0.0516298,0.940299,0.716896,0.655426,113.104
2768,100,0.1,0.2,100,100,500,16,3,0,0.1,2.5,0,2,1,0,-313.223,0.941794,200.425,0.649579,247.843
2768,100,0.1,0.2,100,100,500,16,3,0,0.1,2.5,0,2,2,0,-55.1794,0.949994,35.8337,0.558068,1526.14
2768,100,0.1,0.2,100,100,500,16,3,0,0.1,2.5,0,2,3,0,-0.0106332,0.955641,0.644626,0.495046,149.467
2769,100,0.1,0.2,100,100,500,16,3,0,0.3,2.5,1,1,1,0,-3.96069,0.919013,22.9743,5.34786,3440.89
2769,100,0.1,0.2,100,100,500,16,3,0,0.3,2.5,1,1,2,0,-186.988,0.926849,870.62,4.83039,3455.24
2769,100,0.1,0.2,100,100,500,16,3,0,0.3,2.5,1,1,3,0,0.289368,0.97147,3.29112,1.88396,365.064
2770,100,0.1,0.2,100,100,500,16,3,0,0.3,2.5,1,3,1,0,-3296.52,0.941325,12693.6,3.21056,4479.24
2770,100,0.1,0.2,100,100,500,16,3,0,0.3,2.5,1,3,2,0,-1588.82,0.893796,6119.91,5.8112,3219.63
2770,100,0.1,0.2,100,100,500,16,3,0,0.3,2.5,1,3,3,0,-0.0941537,0.925334,4.21188,4.08552,194.14
2771,100,0.1,0.2,100,100,500,16,3,0,0.3,2.5,1,0,1,0,-121.809,0.948737,393.378,2.93006,6146.09
2771,100,0.1,0.2,100,100,500,16,3,0,0.3,2.5,1,0,2,0,-3.82347,0.961073,15.4504,2.22496,6272.76
2771,100,0.1,0.2,100,100,500,16,3,0,0.3,2.5,1,0,3,0,0.362064,0.98007,2.04341,1.13914,278.387
2772,100,0.1,0.2,100,100,500,16,3,0,0.3,2.5,1,2,1,0,-1.01572,0.983205,6.39005,1.16735,6687.66
2772,100,0.1,0.2,100,100,500,16,3,0,0.3,2.5,1,2,2,0,-0.361624,0.983326,4.3165,1.15894,8380.19
2772,100,0.1,0.2,100,100,500,16,3,0,0.3,2.5,1,2,3,0,0.386672,0.981862,1.94432,1.26066,265.71
2773,100,0.1,0.2,100,100,500,16,3,0,0.3,2.5,0,1,1,0,-2.54263,0.949306,5.09775,1.30408,2825.91
2773,100,0.1,0.2,100,100,500,16,3,0,0.3,2.5,0,1,2,0,-55396.5,0.933598,79715.5,1.70816,2690.35
2773,100,0.1,0.2,100,100,500,16,3,0,0.3,2.5,0,1,3,0,-0.0458555,0.946258,1.50496,1.38249,255.034
2774,100,0.1,0.2,100,100,500,16,3,0,0.3,2.5,0,3,1,0,-41.5833,0.937865,68.4791,1.6795,2586.47
2774,100,0.1,0.2,100,100,500,16,3,0,0.3,2.5,0,3,2,0,-63.606,0.938648,103.894,1.65833,2570.9
2774,100,0.1,0.2,100,100,500,16,3,0,0.3,2.5,0,3,3,0,-0.0250081,0.944114,1.64833,1.5106,229.368
2775,100,0.1,0.2,100,100,500,16,3,0,0.3,2.5,0,0,1,0,-29.0938,0.93716,45.5053,1.64668,4959.95
2775,100,0.1,0.2,100,100,500,16,3,0,0.3,2.5,0,0,2,0,-3.95901,0.947928,7.49861,1.3645,4993.38
2775,100,0.1,0.2,100,100,500,16,3,0,0.3,2.5,0,0,3,0,0.0130626,0.944691,1.49237,1.44932,195.659
2776,100,0.1,0.2,100,100,500,16,3,0,0.3,2.5,0,2,1,0,-37.3868,0.944984,63.6684,1.4104,5805.81
2776,100,0.1,0.2,100,100,500,16,3,0,0.3,2.5,0,2,2,0,-35.4279,0.959987,60.4194,1.02577,6852.16
2776,100,0.1,0.2,100,100,500,16,3,0,0.3,2.5,0,2,3,0,-0.018891,0.935058,1.68994,1.66487,169.929
2777,100,0.1,0.2,100,100,500,16,3,0,0.5,2.5,1,1,1,0,-34.309,0.911582,321.472,10.8578,3704.32
2777,100,0.1,0.2,100,100,500,16,3,0,0.5,2.5,1,1,2,0,-1650.71,0.928634,15038,8.76386,3506.86
2777,100,0.1,0.2,100,100,500,16,3,0,0.5,2.5,1,1,3,0,0.450856,0.987893,4.99969,1.48678,256.247
2778,100,0.1,0.2,100,100,500,16,3,0,0.5,2.5,1,3,1,0,-110.252,0.905887,811.405,11.7525,3389.49
2778,100,0.1,0.2,100,100,500,16,3,0,0.5,2.5,1,3,2,0,-133.715,0.923857,982.533,9.5085,3277.89
2778,100,0.1,0.2,100,100,500,16,3,0,0.5,2.5,1,3,3,0,0.619603,0.990535,2.7744,1.18197,257.982
2779,100,0.1,0.2,100,100,500,16,3,0,0.5,2.5,1,0,1,0,-8512,0.990491,79515.9,1.15947,7198.5
2779,100,0.1,0.2,100,100,500,16,3,0,0.5,2.5,1,0,2,0,-18.2989,0.990947,180.262,1.10386,7810.66
2779,100,0.1,0.2,100,100,500,16,3,0,0.5,2.5,1,0,3,0,0.222452,0.978192,7.26271,2.6592,370.943
2780,100,0.1,0.2,100,100,500,16,3,0,0.5,2.5,1,2,1,0,-9.83341,0.99162,78.2515,0.97487,8871.42
2780,100,0.1,0.2,100,100,500,16,3,0,0.5,2.5,1,2,2,0,-3.76941,0.990708,34.4502,1.08099,7202.45
2780,100,0.1,0.2,100,100,500,16,3,0,0.5,2.5,1,2,3,0,0.43552,0.986731,4.07733,1.54371,340.818
2781,100,0.1,0.2,100,100,500,16,3,0,0.5,2.5,0,1,1,0,-344.689,0.937297,868.545,2.43235,2762.87
2781,100,0.1,0.2,100,100,500,16,3,0,0.5,2.5,0,1,2,0,-127.548,0.94475,322.978,2.14324,2804.41
2781,100,0.1,0.2,100,100,500,16,3,0,0.5,2.5,0,1,3,0,0.0949102,0.946411,2.27404,2.0788,256.431
2782,100,0.1,0.2,100,100,500,16,3,0,0.5,2.5,0,3,1,0,-2.21647,0.943746,6.58793,1.98233,2967.05
2782,100,0.1,0.2,100,100,500,16,3,0,0.5,2.5,0,3,2,0,-556.403,0.933825,1141.66,2.33194,3158.89
2782,100,0.1,0.2,100,100,500,16,3,0,0.5,2.5,0,3,3,0,0.169222,0.959346,1.70159,1.43259,310.434
2783,100,0.1,0.2,100,100,500,16,3,0,0.5,2.5,0,0,1,0,-11270.4,0.93694,32189.6,2.57105,7261.37
2783,100,0.1,0.2,100,100,500,16,3,0,0.5,2.5,0,0,2,0,-53.7677,0.931337,156.409,2.7995,6129.65
2783,100,0.1,0.2,100,100,500,16,3,0,0.5,2.5,0,0,3,0,0.0595271,0.938214,2.68586,2.51911,203.594
2784,100,0.1,0.2,100,100,500,16,3,0,0.5,2.5,0,2,1,0,-4.51413,0.936155,10.6925,1.96346,5455.94
2784,100,0.1,0.2,100,100,500,16,3,0,0.5,2.5,0,2,2,0,-69.0763,0.924827,135.885,2.31185,5476.35
2784,100,0.1,0.2,100,100,500,16,3,0,0.5,2.5,0,2,3,0,0.083882,0.949958,1.77645,1.53899,233.048
2785,100,0.1,0.2,100,100,500,16,3,0.1,0,2.5,1,1,1,0,-1.24688,0.98908,0.337583,0.0373267,1239.07
2785,100,0.1,0.2,100,100,500,16,3,0.1,0,2.5,1,1,2,0,-8.95294,0.989202,1.49538,0.0369087,1233.41
2785,100,0.1,0.2,100,100,500,16,3,0.1,0,2.5,1,1,3,0,0.776585,0.991496,0.033567,0.0290674,77.2347
2786,100,0.1,0.2,100,100,500,16,3,0.1,0,2.5,1,3,1,0,-10.9913,0.986946,1.73105,0.041977,1325.25
2786,100,0.1,0.2,100,100,500,16,3,0.1,0,2.5,1,3,2,0,-28.425,0.984361,4.24778,0.0502878,1389.66
2786,100,0.1,0.2,100,100,500,16,3,0.1,0,2.5,1,3,3,0,0.760383,0.990821,0.0345909,0.0295169,91.536
2787,100,0.1,0.2,100,100,500,16,3,0.1,0,2.5,1,0,1,0,-0.460567,0.991207,0.351651,0.0308873,2066.87
2787,100,0.1,0.2,100,100,500,16,3,0.1,0,2.5,1,0,2,0,-0.0477038,0.989316,0.252249,0.0375309,1985.66
2787,100,0.1,0.2,100,100,500,16,3,0.1,0,2.5,1,0,3,0,0.83829,0.991283,0.0389339,0.0306204,86.1777
2788,100,0.1,0.2,100,100,500,16,3,0.1,0,2.5,1,2,1,0,-3.38767,0.978445,1.5579,0.0704659,1725.81
2788,100,0.1,0.2,100,100,500,16,3,0.1,0,2.5,1,2,2,0,-1008.62,0.988825,358.481,0.0365342,1972.16
2788,100,0.1,0.2,100,100,500,16,3,0.1,0,2.5,1,2,3,0,0.883795,0.9919,0.0412602,0.0264795,83.9584
2789,100,0.1,0.2,100,100,500,16,3,0.1,0,2.5,0,1,1,0,-8.01216,0.988297,1.08708,0.0417062,2377.4
2789,100,0.1,0.2,100,100,500,16,3,0.1,0,2.5,0,1,2,0,-345.865,0.941732,41.8401,0.207654,1219.92
2789,100,0.1,0.2,100,100,500,16,3,0.1,0,2.5,0,1,3,0,0.768531,0.993033,0.0279206,0.0248277,84.1428
2790,100,0.1,0.2,100,100,500,16,3,0.1,0,2.5,0,3,1,0,-105.61,0.989321,29.9729,0.0362561,1336.22
2790,100,0.1,0.2,100,100,500,16,3,0.1,0,2.5,0,3,2,0,-3.95088,0.964911,1.39192,0.119129,1221.77
2790,100,0.1,0.2,100,100,500,16,3,0.1,0,2.5,0,3,3,0,0.865556,0.991803,0.0377985,0.027829,84.7335
2791,100,0.1,0.2,100,100,500,16,3,0.1,0,2.5,0,0,1,0,-3.19931,0.989998,0.329599,0.0357952,1970.33
2791,100,0.1,0.2,100,100,500,16,3,0.1,0,2.5,0,0,2,0,-185.156,0.984223,14.6112,0.0564655,1620.64
2791,100,0.1,0.2,100,100,500,16,3,0.1,0,2.5,0,0,3,0,0.611321,0.99204,0.030507,0.0284876,77.5132
2792,100,0.1,0.2,100,100,500,16,3,0.1,0,2.5,0,2,1,0,-1.58459,0.991104,0.531771,0.0303344,1808.53
2792,100,0.1,0.2,100,100,500,16,3,0.1,0,2.5,0,2,2,0,-2.63539,0.991525,0.747969,0.0288982,1820.9
2792,100,0.1,0.2,100,100,500,16,3,0.1,0,2.5,0,2,3,0,0.836157,0.991928,0.0337101,0.0275228,78.9641
2793,100,0.1,0.2,100,100,500,16,3,0.1,0.1,2.5,1,1,1,0,-85.8626,0.938525,140.703,1.67097,1841.18
2793,100,0.1,0.2,100,100,500,16,3,0.1,0.1,2.5,1,1,2,0,-159.486,0.933637,259.961,1.80381,1743.27
2793,100,0.1,0.2,100,100,500,16,3,0.1,0.1,2.5,1,1,3,0,-0.0738264,0.938637,1.73942,1.66793,103.035
2794,100,0.1,0.2,100,100,500,16,3,0.1,0.1,2.5,1,3,1,0,-271.485,0.931045,449.245,1.83251,2040.7
2794,100,0.1,0.2,100,100,500,16,3,0.1,0.1,2.5,1,3,2,0,-16697.1,0.934387,27530.1,1.74368,2045.05
2794,100,0.1,0.2,100,100,500,16,3,0.1,0.1,2.5,1,3,3,0,-0.156165,0.933485,1.90617,1.76767,283.577
2795,100,0.1,0.2,100,100,500,16,3,0.1,0.1,2.5,1,0,1,0,-23538.1,0.945049,40843.9,1.51484,4238.59
2795,100,0.1,0.2,100,100,500,16,3,0.1,0.1,2.5,1,0,2,0,-50.2053,0.938069,88.8491,1.70724,3832.16
2795,100,0.1,0.2,100,100,500,16,3,0.1,0.1,2.5,1,0,3,0,-0.231265,0.93217,2.13643,1.86986,195.065
2796,100,0.1,0.2,100,100,500,16,3,0.1,0.1,2.5,1,2,1,0,-10.5767,0.933134,14.6265,1.79817,3696.99
2796,100,0.1,0.2,100,100,500,16,3,0.1,0.1,2.5,1,2,2,0,-13.5833,0.93446,18.4252,1.7625,4859.03
2796,100,0.1,0.2,100,100,500,16,3,0.1,0.1,2.5,1,2,3,0,-0.170788,0.951605,1.47922,1.30146,137.722
2797,100,0.1,0.2,100,100,500,16,3,0.1,0.1,2.5,0,1,1,0,-3451.54,0.948912,1966.91,0.59404,1786.18
2797,100,0.1,0.2,100,100,500,16,3,0.1,0.1,2.5,0,1,2,0,-5106.29,0.935853,2909.62,0.745892,1834.32
2797,100,0.1,0.2,100,100,500,16,3,0.1,0.1,2.5,0,1,3,0,-0.0131263,0.95405,0.577177,0.534302,102.31
2798,100,0.1,0.2,100,100,500,16,3,0.1,0.1,2.5,0,3,1,0,-141.436,0.907702,80.3624,1.05911,1535.34
2798,100,0.1,0.2,100,100,500,16,3,0.1,0.1,2.5,0,3,2,0,-14.8893,0.950027,8.96475,0.573434,1741.61
2798,100,0.1,0.2,100,100,500,16,3,0.1,0.1,2.5,0,3,3,0,-0.00958555,0.954583,0.569608,0.521162,102.088
2799,100,0.1,0.2,100,100,500,16,3,0.1,0.1,2.5,0,0,1,0,-27076.5,0.939766,16281.3,0.65964,3173.37
2799,100,0.1,0.2,100,100,500,16,3,0.1,0.1,2.5,0,0,2,0,-17.8864,0.941236,11.3561,0.643548,3153.43
2799,100,0.1,0.2,100,100,500,16,3,0.1,0.1,2.5,0,0,3,0,6.23922e-05,0.949261,0.601245,0.555666,108.411
2800,100,0.1,0.2,100,100,500,16,3,0.1,0.1,2.5,0,2,1,0,-535.924,0.938441,354.539,0.682715,2928.91
2800,100,0.1,0.2,100,100,500,16,3,0.1,0.1,2.5,0,2,2,0,-112.062,0.929231,74.6563,0.784859,3195.59
2800,100,0.1,0.2,100,100,500,16,3,0.1,0.1,2.5,0,2,3,0,0.0121626,0.950436,0.652283,0.549683,115.007
2801,100,0.1,0.2,100,100,500,16,3,0.1,0.3,2.5,1,1,1,0,-74.2655,0.949107,386.847,3.91843,3531.82
2801,100,0.1,0.2,100,100,500,16,3,0.1,0.3,2.5,1,1,2,0,-16.8184,0.946905,91.5826,4.08793,3459.51
2801,100,0.1,0.2,100,100,500,16,3,0.1,0.3,2.5,1,1,3,0,0.0815867,0.944073,4.72043,4.30601,164.166
2802,100,0.1,0.2,100,100,500,16,3,0.1,0.3,2.5,1,3,1,0,-10.3555,0.938447,55.244,4.68326,4510.84
2802,100,0.1,0.2,100,100,500,16,3,0.1,0.3,2.5,1,3,2,0,-596.992,0.936698,2909.21,4.81636,3341.44
2802,100,0.1,0.2,100,100,500,16,3,0.1,0.3,2.5,1,3,3,0,0.354738,0.979028,3.13918,1.59567,336.736
2803,100,0.1,0.2,100,100,500,16,3,0.1,0.3,2.5,1,0,1,0,-7.96537,0.984987,36.4508,1.02662,6849.15
2803,100,0.1,0.2,100,100,500,16,3,0.1,0.3,2.5,1,0,2,0,-983.302,0.983809,4001.91,1.10713,6990.33
2803,100,0.1,0.2,100,100,500,16,3,0.1,0.3,2.5,1,0,3,0,0.381242,0.979071,2.51571,1.43111,278.688
2804,100,0.1,0.2,100,100,500,16,3,0.1,0.3,2.5,1,2,1,0,-3.62439,0.983166,21.9905,1.12288,6910.41
2804,100,0.1,0.2,100,100,500,16,3,0.1,0.3,2.5,1,2,2,0,-0.727007,0.98454,8.21248,1.03123,6985.66
2804,100,0.1,0.2,100,100,500,16,3,0.1,0.3,2.5,1,2,3,0,0.329283,0.975224,3.18948,1.65263,363.239
2805,100,0.1,0.2,100,100,500,16,3,0.1,0.3,2.5,0,1,1,0,-61.5859,0.932044,103.001,1.86118,2779.36
2805,100,0.1,0.2,100,100,500,16,3,0.1,0.3,2.5,0,1,2,0,-51.0399,0.935782,85.6447,1.75882,2701.09
2805,100,0.1,0.2,100,100,500,16,3,0.1,0.3,2.5,0,1,3,0,0.00990912,0.942448,1.62944,1.57626,203.256
2806,100,0.1,0.2,100,100,500,16,3,0.1,0.3,2.5,0,3,1,0,-32.7461,0.93117,47.0478,1.5724,2565.02
2806,100,0.1,0.2,100,100,500,16,3,0.1,0.3,2.5,0,3,2,0,-144.07,0.932903,202.252,1.5328,2463.13
2806,100,0.1,0.2,100,100,500,16,3,0.1,0.3,2.5,0,3,3,0,-0.0117463,0.940879,1.41055,1.3506,206.218
2807,100,0.1,0.2,100,100,500,16,3,0.1,0.3,2.5,0,0,1,0,-119.976,0.935938,204.148,1.65426,4976.05
2807,100,0.1,0.2,100,100,500,16,3,0.1,0.3,2.5,0,0,2,0,-10.9695,0.933132,20.1987,1.72671,4958.42
2807,100,0.1,0.2,100,100,500,16,3,0.1,0.3,2.5,0,0,3,0,-0.00157694,0.937413,1.69017,1.61615,166.043
2808,100,0.1,0.2,100,100,500,16,3,0.1,0.3,2.5,0,2,1,0,-1.64125,0.942928,4.12835,1.45013,5381.13
2808,100,0.1,0.2,100,100,500,16,3,0.1,0.3,2.5,0,2,2,0,-264.381,0.936803,414.799,1.60577,5679.65
2808,100,0.1,0.2,100,100,500,16,3,0.1,0.3,2.5,0,2,3,0,-0.0254852,0.939241,1.60286,1.54383,149.833
2809,100,0.1,0.2,100,100,500,16,3,0.1,0.5,2.5,1,1,1,0,-5603.54,0.86604,28074.1,12.0105,3497.17
2809,100,0.1,0.2,100,100,500,16,3,0.1,0.5,2.5,1,1,2,0,-5.11857,0.950517,30.6489,4.43649,3566.17
2809,100,0.1,0.2,100,100,500,16,3,0.1,0.5,2.5,1,1,3,0,0.523537,0.985234,2.38668,1.32387,277.306
2810,100,0.1,0.2,100,100,500,16,3,0.1,0.5,2.5,1,3,1,0,-7.92108,0.924443,71.9359,9.39588,3692.31
2810,100,0.1,0.2,100,100,500,16,3,0.1,0.5,2.5,1,3,2,0,-198.127,0.93191,1605.68,8.46737,3716.94
2810,100,0.1,0.2,100,100,500,16,3,0.1,0.5,2.5,1,3,3,0,0.474112,0.988335,4.24055,1.45058,377.792
2811,100,0.1,0.2,100,100,500,16,3,0.1,0.5,2.5,1,0,1,0,-147.369,0.992371,1370.84,0.934123,7706.74
2811,100,0.1,0.2,100,100,500,16,3,0.1,0.5,2.5,1,0,2,0,-35.8763,0.992651,340.715,0.899787,8850.77
2811,100,0.1,0.2,100,100,500,16,3,0.1,0.5,2.5,1,0,3,0,0.372034,0.984583,5.80202,1.88771,350.314
2812,100,0.1,0.2,100,100,500,16,3,0.1,0.5,2.5,1,2,1,0,-3.00442,0.984526,16.9309,0.99465,7178.8
2812,100,0.1,0.2,100,100,500,16,3,0.1,0.5,2.5,1,2,2,0,-152.318,0.98471,648.237,0.982844,7145.35
2812,100,0.1,0.2,100,100,500,16,3,0.1,0.5,2.5,1,2,3,0,0.343745,0.97945,2.77468,1.32096,298.8
2813,100,0.1,0.2,100,100,500,16,3,0.1,0.5,2.5,0,1,1,0,-235.291,0.956072,608.512,1.86162,3075.38
2813,100,0.1,0.2,100,100,500,16,3,0.1,0.5,2.5,0,1,2,0,-46.317,0.935081,121.854,2.75117,2956.69
2813,100,0.1,0.2,100,100,500,16,3,0.1,0.5,2.5,0,1,3,0,0.192314,0.96034,2.08001,1.68076,272.212
2814,100,0.1,0.2,100,100,500,16,3,0.1,0.5,2.5,0,3,1,0,-191.199,0.870428,446.6,4.15474,2710.25
2814,100,0.1,0.2,100,100,500,16,3,0.1,0.5,2.5,0,3,2,0,-271.944,0.931269,634.221,2.20387,2685.9
2814,100,0.1,0.2,100,100,500,16,3,0.1,0.5,2.5,0,3,3,0,-0.0286309,0.92674,2.39016,2.34909,159.711
2815,100,0.1,0.2,100,100,500,16,3,0.1,0.5,2.5,0,0,1,0,-229.978,0.971982,735.161,1.24313,6995.4
2815,100,0.1,0.2,100,100,500,16,3,0.1,0.5,2.5,0,0,2,0,-11.8135,0.975066,40.7828,1.10632,6120
2815,100,0.1,0.2,100,100,500,16,3,0.1,0.5,2.5,0,0,3,0,0.0971555,0.943436,2.87358,2.5097,297.143
2816,100,0.1,0.2,100,100,500,16,3,0.1,0.5,2.5,0,2,1,0,-6.75067,0.96715,15.6668,1.11407,5929.11
2816,100,0.1,0.2,100,100,500,16,3,0.1,0.5,2.5,0,2,2,0,-42.6648,0.970936,88.2621,0.985674,5704.14
2816,100,0.1,0.2,100,100,500,16,3,0.1,0.5,2.5,0,2,3,0,0.0289935,0.944715,1.96275,1.87493,258.125
2817,100,0.1,0.2,100,100,500,16,3,0.3,0,2.5,1,1,1,0,-91.468,0.949787,40.3413,0.319648,2104.34
2817,100,0.1,0.2,100,100,500,16,3,0.3,0,2.5,1,1,2,0,-28.9762,0.950792,13.0778,0.313253,2220.08
2817,100,0.1,0.2,100,100,500,16,3,0.3,0,2.5,1,1,3,0,0.260243,0.956779,0.322736,0.275139,136.148
2818,100,0.1,0.2,100,100,500,16,3,0.3,0,2.5,1,3,1,0,-852.846,0.944012,352.752,0.370955,2087.75
2818,100,0.1,0.2,100,100,500,16,3,0.3,0,2.5,1,3,2,0,-27.4933,0.946512,11.7715,0.354389,2196.4
2818,100,0.1,0.2,100,100,500,16,3,0.3,0,2.5,1,3,3,0,0.262378,0.959514,0.304736,0.268241,109.779
2819,100,0.1,0.2,100,100,500,16,3,0.3,0,2.5,1,0,1,0,-4.50102,0.955881,2.80126,0.284433,3896.16
2819,100,0.1,0.2,100,100,500,16,3,0.3,0,2.5,1,0,2,0,-7.08027,0.962498,4.11468,0.241768,5799.01
2819,100,0.1,0.2,100,100,500,16,3,0.3,0,2.5,1,0,3,0,0.338897,0.957436,0.336651,0.274406,139.769
2820,100,0.1,0.2,100,100,500,16,3,0.3,0,2.5,1,2,1,0,-254.763,0.961193,76.0303,0.247811,4036.13
2820,100,0.1,0.2,100,100,500,16,3,0.3,0,2.5,1,2,2,0,-7.18862,0.96085,2.43422,0.250008,4172.87
2820,100,0.1,0.2,100,100,500,16,3,0.3,0,2.5,1,2,3,0,0.170597,0.963948,0.246555,0.230222,112.2
2821,100,0.1,0.2,100,100,500,16,3,0.3,0,2.5,0,1,1,0,-143.107,0.923657,52.9503,0.507619,2154.92
2821,100,0.1,0.2,100,100,500,16,3,0.3,0,2.5,0,1,2,0,-54.3518,0.951351,20.3383,0.323479,2109.24
2821,100,0.1,0.2,100,100,500,16,3,0.3,0,2.5,0,1,3,0,0.138872,0.955981,0.31641,0.292691,137.518
2822,100,0.1,0.2,100,100,500,16,3,0.3,0,2.5,0,3,1,0,-74.0582,0.930568,27.8954,0.44762,2172.86
2822,100,0.1,0.2,100,100,500,16,3,0.3,0,2.5,0,3,2,0,-5246.57,0.931728,1950.26,0.440141,2105.38
2822,100,0.1,0.2,100,100,500,16,3,0.3,0,2.5,0,3,3,0,0.193677,0.958364,0.29967,0.268426,114.223
2823,100,0.1,0.2,100,100,500,16,3,0.3,0,2.5,0,0,1,0,-4.53901,0.956562,3.11764,0.280031,4197.73
2823,100,0.1,0.2,100,100,500,16,3,0.3,0,2.5,0,0,2,0,-500.607,0.960647,282.33,0.253697,4197.65
2823,100,0.1,0.2,100,100,500,16,3,0.3,0,2.5,0,0,3,0,0.347709,0.95519,0.367143,0.288876,139.821
2824,100,0.1,0.2,100,100,500,16,3,0.3,0,2.5,0,2,1,0,-0.462047,0.960065,0.738906,0.258536,4953.18
2824,100,0.1,0.2,100,100,500,16,3,0.3,0,2.5,0,2,2,0,-3.89114,0.958071,2.47194,0.271446,4027.49
2824,100,0.1,0.2,100,100,500,16,3,0.3,0,2.5,0,2,3,0,0.284734,0.95304,0.361489,0.304017,134.357
2825,100,0.1,0.2,100,100,500,16,3,0.3,0.1,2.5,1,1,1,0,-145.31,0.937052,249.341,1.80822,2620.89
2825,100,0.1,0.2,100,100,500,16,3,0.3,0.1,2.5,1,1,2,0,-7.04917,0.934314,13.7173,1.88686,2629.75
2825,100,0.1,0.2,100,100,500,16,3,0.3,0.1,2.5,1,1,3,0,-0.00949501,0.942384,1.72038,1.65505,135.334
2826,100,0.1,0.2,100,100,500,16,3,0.3,0.1,2.5,1,3,1,0,-54.5854,0.93836,126.4,1.92054,2608.44
2826,100,0.1,0.2,100,100,500,16,3,0.3,0.1,2.5,1,3,2,0,-7.37847,0.930509,19.0525,2.16516,2411.03
2826,100,0.1,0.2,100,100,500,16,3,0.3,0.1,2.5,1,3,3,0,-0.00437702,0.929046,2.28394,2.21075,178.452
2827,100,0.1,0.2,100,100,500,16,3,0.3,0.1,2.5,1,0,1,0,-8.60416,0.947921,17.352,1.64496,4968.98
2827,100,0.1,0.2,100,100,500,16,3,0.3,0.1,2.5,1,0,2,0,-59.7464,0.943103,109.752,1.79715,5025.66
2827,100,0.1,0.2,100,100,500,16,3,0.3,0.1,2.5,1,0,3,0,0.0441604,0.947059,1.72693,1.67219,192.774
2828,100,0.1,0.2,100,100,500,16,3,0.3,0.1,2.5,1,2,1,0,-217.088,0.940986,451.508,1.95082,5103.37
2828,100,0.1,0.2,100,100,500,16,3,0.3,0.1,2.5,1,2,2,0,-5.14368,0.92425,12.7193,2.50408,6155.6
2828,100,0.1,0.2,100,100,500,16,3,0.3,0.1,2.5,1,2,3,0,-0.00503127,0.939621,2.08072,1.99594,136.753
2829,100,0.1,0.2,100,100,500,16,3,0.3,0.1,2.5,0,1,1,0,-69.0506,0.928958,68.1427,0.99432,2273.64
2829,100,0.1,0.2,100,100,500,16,3,0.3,0.1,2.5,0,1,2,0,-10.5062,0.933658,11.1928,0.928538,2260.06
2829,100,0.1,0.2,100,100,500,16,3,0.3,0.1,2.5,0,1,3,0,0.0360259,0.938645,0.937719,0.858728,184.625
2830,100,0.1,0.2,100,100,500,16,3,0.3,0.1,2.5,0,3,1,0,-2983.44,0.938689,2520.37,0.854672,2395.66
2830,100,0.1,0.2,100,100,500,16,3,0.3,0.1,2.5,0,3,2,0,-37.8258,0.93429,32.7885,0.915994,2359.76
2830,100,0.1,0.2,100,100,500,16,3,0.3,0.1,2.5,0,3,3,0,-0.0182713,0.941635,0.859934,0.813613,133.688
2831,100,0.1,0.2,100,100,500,16,3,0.3,0.1,2.5,0,0,1,0,-17.0655,0.942688,17.2953,0.856839,4474.6
2831,100,0.1,0.2,100,100,500,16,3,0.3,0.1,2.5,0,0,2,0,-3.5129,0.940384,4.3205,0.891275,4543.74
2831,100,0.1,0.2,100,100,500,16,3,0.3,0.1,2.5,0,0,3,0,0.012716,0.941043,0.945192,0.881424,134.255
2832,100,0.1,0.2,100,100,500,16,3,0.3,0.1,2.5,0,2,1,0,-9.81402,0.933553,9.45482,0.987005,4504.73
2832,100,0.1,0.2,100,100,500,16,3,0.3,0.1,2.5,0,2,2,0,-28.9062,0.936611,26.1474,0.941583,5715.28
2832,100,0.1,0.2,100,100,500,16,3,0.3,0.1,2.5,0,2,3,0,0.00558874,0.943875,0.869425,0.83368,110.567
                                                                                                                                